1 -0.008398
2 -0.008046
3 -0.008046
4 -0.008398
5 -0.008398
6 0.003221
7 -0.008398
8 -0.008398
9 -0.008046
10 -0.008046
11 0.003221
12 -0.008046
13 -0.008046
14 -0.008398
15 -0.008046
16 -0.008046
17 -0.008398
18 -0.008046
19 -0.008398
20 -0.008046
21 -0.008046
22 -0.008046
23 -0.008046
24 -0.008046
25 -0.008046
26 -0.008398
27 0.003221
28 0.003221
29 0.003221
30 0.002869
31 0.002869
32 0.003221
33 0.003221
34 -0.008398
35 -0.008046
36 0.003221
37 -0.008046
38 -0.008398
39 -0.008398
40 -0.008398
41 -0.008046
42 -0.008046
43 0.002869
44 -0.008398
45 -0.008046
46 -0.008046
47 -0.008046
48 -0.008398
49 -0.008398
50 -0.008046
51 -0.008046
52 -0.008750
53 -0.008398
54 -0.008750
55 -0.008750
56 -0.008046
57 -0.008046
58 -0.008398
59 -0.008046
60 -0.008046
61 -0.008046
62 -0.008046
63 -0.008046
64 -0.008046
65 -0.008750
66 -0.008750
67 -0.008398
68 -0.008750
69 -0.008046
70 -0.008046
71 -0.008750
72 -0.008750
73 -0.008046
74 -0.008046
75 -0.008398
76 0.003221
77 -0.008046
78 0.002869
79 0.003221
80 0.003221
81 0.002869
82 -0.008046
83 -0.008046
84 -0.008046
85 -0.008046
86 -0.008398
87 -0.008046
88 0.003221
89 -0.008398
90 -0.008398
91 -0.008046
92 -0.008046
93 -0.008398
94 -0.008398
95 -0.008398
96 -0.008046
97 -0.008046
98 -0.008046
99 0.002869
100 0.002869
101 0.003221
102 0.003573
103 -0.008398
104 -0.008046
105 -0.008046
106 -0.008046
107 0.003221
108 0.002869
109 -0.008046
110 -0.008398
111 0.003221
112 0.003221
113 0.002869
114 0.003221
115 -0.008046
116 -0.008398
117 -0.008046
118 -0.008398
119 -0.008398
120 -0.008398
121 0.002869
122 -0.008046
123 -0.008046
124 0.002869
125 -0.008046
126 -0.008398
127 -0.008046
128 0.003221
129 0.002869
130 -0.008046
131 -0.008046
132 -0.008398
133 -0.008398
134 0.003221
135 -0.008398
136 -0.008046
137 -0.008398
138 -0.008398
139 0.003221
140 -0.008046
141 0.003221
142 0.002869
143 -0.008046
144 0.002869
145 0.002869
146 0.003221
147 0.003221
148 -0.008046
149 -0.008398
150 -0.008398
151 -0.008046
152 0.002869
153 0.003221
154 -0.008398
155 -0.008046
156 -0.008046
157 0.003221
158 0.003221
159 -0.008398
160 -0.008398
161 0.003221
162 -0.008046
163 -0.008046
164 -0.008046
165 -0.008398
166 -0.008046
167 -0.008046
168 -0.008398
169 0.003221
170 -0.008046
171 -0.008046
172 -0.008398
173 -0.008046
174 -0.008398
175 -0.008398
176 -0.008046
177 -0.008398
178 0.002869
179 0.003221
180 0.003221
181 0.003221
182 0.002869
183 -0.008046
184 -0.008398
185 -0.008046
186 -0.008398
187 -0.008398
188 -0.008046
189 0.003221
190 -0.008046
191 -0.008046
192 0.003221
193 -0.008398
194 0.002869
195 0.003221
196 -0.008398
197 -0.008046
198 -0.008398
199 -0.008046
200 0.003221
201 -0.008398
202 -0.008046
203 -0.008046
204 -0.008398
205 -0.008398
206 -0.008398
207 -0.008398
208 -0.008046
209 -0.008398
210 -0.008046
211 0.002869
212 0.002869
213 0.002869
214 0.003573
215 -0.008398
216 -0.008046
217 0.003221
218 -0.008398
219 0.002869
220 0.003221
221 -0.008046
222 0.003221
223 -0.008046
224 0.002869
225 -0.008046
226 -0.008398
227 -0.008046
228 -0.008046
229 0.002869
230 -0.008046
231 -0.008398
232 0.003221
233 0.002869
234 0.002869
235 -0.008046
236 -0.008046
237 -0.008398
238 -0.008046
239 -0.008398
240 0.002869
241 -0.008046
242 -0.008046
243 0.003221
244 0.002869
245 0.002869
246 0.003573
247 0.003221
248 0.003221
249 -0.008046
250 -0.008046
251 -0.008046
252 -0.008046
253 -0.008398
254 -0.008046
255 -0.008046
256 -0.008046
257 -0.008398
258 -0.008046
259 -0.008046
260 -0.008046
261 -0.008398
262 0.002869
263 0.003221
264 -0.008398
265 -0.008398
266 -0.008398
267 -0.008046
268 -0.008046
269 -0.008046
270 -0.008046
271 -0.008398
272 -0.008046
273 -0.008398
274 -0.008046
275 -0.008046
276 -0.008398
277 -0.008046
278 -0.008398
279 -0.008046
280 -0.008046
281 -0.008046
282 -0.008398
283 -0.008046
284 -0.008046
285 -0.008046
286 -0.008398
287 -0.008398
288 -0.008046
289 -0.008046
290 -0.008046
291 -0.008046
292 -0.008750
293 -0.008750
294 -0.008750
295 -0.008046
296 -0.008398
297 -0.008046
298 -0.008398
299 -0.008046
300 -0.008046
301 -0.008046
302 -0.008398
303 -0.008398
304 -0.008046
305 -0.008046
306 -0.008046
307 -0.008046
308 -0.008046
309 -0.008398
310 -0.008398
311 -0.008046
312 0.002869
313 0.003221
314 0.003221
315 -0.008046
316 -0.008046
317 -0.008398
318 -0.008398
319 -0.008398
320 -0.008398
321 -0.008398
322 -0.008398
323 -0.008046
324 -0.008398
325 -0.008046
326 -0.008398
327 -0.008398
328 -0.008398
329 -0.008398
330 -0.008398
331 -0.008398
332 -0.008398
333 -0.008046
334 -0.008046
335 -0.008046
336 -0.008046
337 -0.008046
338 -0.008398
339 -0.008046
340 -0.008046
341 -0.008398
342 -0.008046
343 -0.008046
344 0.002869
345 0.002869
346 0.003221
347 0.003221
348 0.003221
349 -0.008398
350 -0.008398
351 -0.007694
352 -0.008046
353 0.002869
354 -0.008046
355 -0.008398
356 -0.008046
357 -0.008398
358 -0.008046
359 0.003221
360 0.002869
361 -0.008398
362 -0.008398
363 -0.008398
364 -0.008398
365 0.003221
366 -0.008398
367 -0.008398
368 -0.008046
369 -0.008046
370 -0.008046
371 -0.008046
372 -0.008398
373 -0.008398
374 -0.008046
375 -0.008046
376 -0.008046
377 -0.008046
378 -0.008046
379 -0.008046
380 -0.008046
381 0.003221
382 -0.008398
383 -0.008046
384 -0.008398
385 -0.008398
386 -0.008046
387 -0.008398
388 -0.008046
389 -0.008398
390 -0.008398
391 -0.008046
392 -0.008398
393 -0.008398
394 -0.008398
395 -0.008398
396 -0.008398
397 -0.008046
398 -0.008046
399 -0.008398
400 -0.008398
401 -0.008398
402 -0.008046
403 -0.008046
404 -0.008398
405 -0.008046
406 -0.008398
407 -0.008046
408 -0.008398
409 -0.008398
410 -0.008046
411 -0.008046
412 -0.008398
413 -0.008398
414 -0.008398
415 -0.008398
416 -0.008046
417 -0.008398
418 -0.008046
419 0.002869
420 -0.008398
421 0.003221
422 -0.008046
423 -0.008398
424 -0.008398
425 -0.008398
426 -0.008398
427 -0.008398
428 -0.008398
429 -0.008398
430 -0.008046
431 -0.008046
432 0.002869
433 0.002869
434 -0.008046
435 -0.008046
436 -0.008398
437 -0.008398
438 -0.008398
439 -0.008046
440 -0.008398
441 -0.008398
442 -0.008750
443 -0.008046
444 -0.008398
445 -0.008398
446 0.002869
447 0.002869
448 -0.008046
449 -0.008046
450 -0.008046
451 -0.008046
452 -0.008046
453 -0.008046
454 -0.008046
455 -0.008398
456 0.002869
457 -0.008046
458 -0.008398
459 -0.008046
460 -0.008046
461 -0.008398
462 -0.008046
463 -0.008046
464 -0.008398
465 -0.008398
466 -0.008046
467 -0.008046
468 -0.008046
469 -0.008398
470 -0.008398
471 -0.008046
472 -0.008046
473 -0.008046
474 -0.008046
475 -0.008398
476 -0.008046
477 -0.008398
478 -0.008046
479 0.003221
480 0.002869
481 0.002869
482 -0.008046
483 -0.008046
484 -0.008398
485 -0.008398
486 -0.008046
487 -0.008398
488 -0.008046
489 -0.008398
490 -0.008046
491 -0.008398
492 -0.008046
493 -0.008398
494 -0.008398
495 -0.008398
496 -0.008046
497 -0.008046
498 -0.008046
499 -0.008398
500 -0.008046
501 -0.008046
502 0.003221
503 -0.008046
504 -0.008398
505 -0.008398
506 -0.008046
507 -0.008046
508 -0.008046
509 -0.008398
510 -0.008046
511 0.002869
512 0.002869
513 0.002869
514 0.003221
515 0.003221
516 -0.008046
517 -0.008046
518 -0.008046
519 -0.008046
520 0.003221
521 -0.008398
522 -0.008046
523 -0.008046
524 0.003221
525 0.002869
526 0.003221
527 -0.008398
528 -0.008398
529 -0.008046
530 -0.008046
531 -0.008398
532 -0.008398
533 -0.008046
534 0.002869
535 0.002869
536 0.003221
537 -0.008398
538 -0.008398
539 -0.008046
540 -0.008046
541 -0.008046
542 0.002869
543 0.002869
544 0.002869
545 0.003221
546 -0.008398
547 0.002869
548 0.003221
549 -0.008398
550 0.002869
551 -0.008398
552 0.003221
553 0.003221
554 0.003221
555 -0.008398
556 -0.008398
557 -0.008046
558 -0.008398
559 -0.008398
560 -0.008046
561 -0.008046
562 0.003221
563 0.003573
564 0.002869
565 -0.008398
566 -0.008046
567 -0.008046
568 0.002869
569 -0.008398
570 -0.008046
571 -0.008046
572 -0.008046
573 -0.008398
574 -0.008046
575 -0.008398
576 -0.008398
577 0.002869
578 0.002869
579 -0.008398
580 0.003221
581 0.002869
582 0.003221
583 0.002869
584 0.002869
585 -0.008398
586 -0.008046
587 0.003221
588 -0.008046
589 -0.008046
590 0.002869
591 -0.008046
592 -0.008398
593 -0.008398
594 -0.008046
595 0.002869
596 -0.008398
597 -0.008398
598 -0.008046
599 -0.008046
600 0.003221
601 -0.008398
602 -0.008046
603 -0.008398
604 -0.008750
605 -0.008750
606 -0.008046
607 -0.008046
608 -0.008398
609 -0.008398
610 -0.008046
611 0.002869
612 0.002869
613 0.003221
614 0.003221
615 0.002869
616 -0.008398
617 -0.008046
618 -0.008398
619 -0.008046
620 0.002869
621 0.003221
622 0.003221
623 -0.008398
624 -0.008398
625 -0.008046
626 -0.008398
627 0.002869
628 0.002869
629 -0.008046
630 0.002869
631 0.002869
632 0.003221
633 -0.008398
634 -0.008046
635 -0.008046
636 -0.008046
637 -0.008398
638 -0.008046
639 -0.008398
640 0.003221
641 0.002869
642 -0.008046
643 -0.008046
644 0.002869
645 0.002869
646 0.002869
647 0.002869
648 0.003221
649 -0.008398
650 -0.008046
651 -0.008398
652 0.003221
653 -0.008398
654 -0.008398
655 -0.008398
656 0.003221
657 -0.008046
658 -0.008398
659 0.002869
660 0.003221
661 0.002869
662 0.003221
663 0.002869
664 -0.008046
665 0.002869
666 -0.008398
667 -0.008046
668 -0.008398
669 -0.008398
670 0.002869
671 -0.008398
672 0.003221
673 0.002869
674 -0.008398
675 -0.008046
676 -0.008046
677 -0.008046
678 0.002869
679 0.002869
680 0.003221
681 0.003221
682 -0.008046
683 -0.008398
684 -0.008398
685 0.003221
686 -0.008398
687 -0.008046
688 -0.008046
689 -0.008046
690 -0.008398
691 0.003221
692 -0.008398
693 -0.008398
694 -0.008046
695 -0.008398
696 -0.008046
697 -0.008046
698 -0.008046
699 -0.008046
700 -0.008046
701 -0.008046
702 -0.008046
703 -0.008046
704 -0.008046
705 -0.008750
706 -0.008398
707 -0.008046
708 -0.008046
709 0.003221
710 0.003221
711 0.003221
712 0.002869
713 0.002869
714 0.003221
715 -0.008398
716 0.003221
717 -0.008398
718 -0.008398
719 -0.008046
720 -0.008046
721 -0.008398
722 -0.008046
723 0.003221
724 0.003221
725 -0.008398
726 -0.008398
727 -0.008046
728 0.002869
729 -0.008398
730 -0.008398
731 -0.008398
732 -0.008398
733 -0.008398
734 -0.008046
735 -0.008046
736 -0.008046
737 -0.008046
738 -0.008046
739 -0.008046
740 0.003221
741 0.002869
742 0.003221
743 0.003221
744 0.002869
745 0.002869
746 0.002869
747 0.003221
748 0.003221
749 0.003221
750 -0.008046
751 0.002869
752 -0.008398
753 -0.008398
754 -0.008398
755 -0.008046
756 -0.008398
757 -0.008398
758 -0.008398
759 -0.008398
760 -0.008046
761 -0.008046
762 -0.008750
763 -0.008750
764 -0.008750
765 -0.008046
766 -0.008398
767 -0.008398
768 -0.008046
769 -0.008046
770 -0.008046
771 -0.008046
772 -0.008046
773 -0.008398
774 -0.008046
775 -0.008046
776 -0.008398
777 -0.008398
778 0.002869
779 0.002869
780 0.003221
781 -0.008398
782 -0.008046
783 -0.008046
784 0.002869
785 -0.008046
786 -0.008398
787 -0.008398
788 0.003221
789 -0.008046
790 -0.008046
791 -0.008046
792 -0.008046
793 -0.008398
794 -0.008046
795 -0.008750
796 -0.008398
797 -0.008398
798 -0.008398
799 -0.008046
800 -0.008398
801 -0.008398
802 -0.008046
803 -0.008398
804 -0.008398
805 -0.008398
806 -0.008398
807 -0.008046
808 -0.008398
809 -0.008398
810 -0.008398
811 0.002869
812 0.003221
813 0.002869
814 -0.008398
815 -0.008398
816 -0.008398
817 -0.008398
818 -0.008046
819 -0.008398
820 -0.008046
821 0.003221
822 0.003221
823 -0.008046
824 -0.008398
825 -0.008046
826 -0.008398
827 -0.008398
828 -0.008398
829 -0.008398
830 -0.008398
831 -0.008398
832 0.003221
833 -0.008046
834 0.002869
835 -0.008046
836 -0.008046
837 -0.008398
838 -0.008046
839 -0.008398
840 -0.008046
841 -0.008398
842 -0.008046
843 -0.008398
844 -0.008398
845 0.002869
846 0.003221
847 0.003221
848 -0.008398
849 -0.008398
850 -0.008398
851 -0.008046
852 -0.008046
853 -0.008398
854 -0.008398
855 -0.008046
856 -0.008046
857 -0.008750
858 -0.008398
859 0.002869
860 -0.008046
861 -0.008046
862 0.003221
863 -0.008398
864 -0.008046
865 -0.008046
866 -0.008046
867 -0.008046
868 -0.008398
869 -0.008046
870 -0.008046
871 -0.008398
872 0.002869
873 0.003221
874 0.002869
875 -0.008398
876 -0.008046
877 0.003221
878 0.003221
879 -0.008398
880 0.002869
881 0.003221
882 -0.008046
883 -0.008398
884 -0.008046
885 -0.008046
886 -0.008398
887 -0.008398
888 -0.008398
889 -0.008398
890 -0.008398
891 -0.008398
892 -0.008046
893 -0.008398
894 -0.008398
895 -0.008398
896 -0.008750
897 -0.008750
898 -0.008046
899 -0.008750
900 -0.008750
901 -0.008046
902 -0.008046
903 -0.008398
904 -0.008046
905 -0.008398
906 -0.008046
907 -0.008046
908 -0.008398
909 -0.008046
910 -0.008398
911 -0.008398
912 0.002869
913 0.003221
914 0.003221
915 -0.008398
916 -0.008398
917 -0.008046
918 -0.008398
919 -0.008398
920 -0.008046
921 -0.008398
922 -0.008046
923 -0.008398
924 -0.008046
925 -0.008398
926 -0.008398
927 -0.008046
928 -0.008046
929 -0.008398
930 -0.008398
931 -0.008046
932 -0.008398
933 -0.008046
934 -0.008046
935 -0.008046
936 -0.008398
937 -0.008398
938 -0.008398
939 -0.008046
940 -0.008046
941 -0.008046
942 -0.008046
943 -0.008046
944 0.002869
945 0.003221
946 0.002869
947 0.003221
948 0.003221
949 -0.008046
950 0.003221
951 -0.008398
952 -0.008046
953 -0.008046
954 -0.008398
955 -0.008398
956 -0.008398
957 -0.008046
958 -0.008046
959 -0.008398
960 -0.008398
961 -0.008046
962 -0.008398
963 -0.008398
964 -0.008046
965 -0.008398
966 -0.008046
967 -0.008046
968 -0.008398
969 -0.008046
970 -0.008046
971 -0.008046
972 -0.008046
973 -0.008398
974 -0.008398
975 -0.008046
976 -0.008398
977 -0.008046
978 0.002869
979 -0.008046
980 0.003221
981 0.003221
982 -0.008046
983 -0.008046
984 -0.008398
985 -0.008398
986 -0.008046
987 -0.008398
988 -0.008046
989 -0.008046
990 -0.008046
991 -0.008398
992 -0.008398
993 -0.008398
994 -0.008046
995 -0.008046
996 -0.008046
997 -0.008398
998 -0.008046
999 0.002869
1000 -0.008046
1001 -0.008398
1002 -0.008046
1003 -0.008398
1004 -0.008046
1005 -0.008046
1006 -0.008398
1007 -0.008046
1008 -0.008046
1009 -0.008046
1010 -0.008046
1011 0.003221
1012 0.003221
1013 0.003221
1014 0.003221
1015 -0.008046
1016 -0.008046
1017 -0.008046
1018 -0.008046
1019 -0.008046
1020 -0.008398
1021 -0.008046
1022 -0.008046
1023 0.003221
1024 0.003221
1025 -0.008046
1026 -0.008398
1027 -0.008398
1028 0.003221
1029 -0.008046
1030 -0.008046
1031 -0.008398
1032 -0.008046
1033 0.003221
1034 0.003221
1035 -0.008046
1036 0.002869
1037 -0.008398
1038 -0.008046
1039 -0.008046
1040 0.002869
1041 0.002869
1042 0.003221
1043 0.002869
1044 0.003221
1045 0.003221
1046 0.002869
1047 0.002869
1048 0.003221
1049 -0.008046
1050 -0.008046
1051 -0.008398
1052 -0.008046
1053 0.002869
1054 -0.008046
1055 -0.008398
1056 -0.008046
1057 -0.008398
1058 -0.008046
1059 0.003221
1060 -0.008398
1061 0.002869
1062 0.003221
1063 -0.008046
1064 0.002869
1065 -0.008046
1066 -0.008046
1067 0.002869
1068 0.002869
1069 0.002869
1070 -0.008398
1071 0.003221
1072 0.003221
1073 0.002869
1074 0.002869
1075 -0.008398
1076 -0.008398
1077 0.003221
1078 0.003221
1079 0.002869
1080 0.002869
1081 0.003221
1082 -0.008750
1083 -0.008398
1084 -0.008398
1085 -0.008046
1086 -0.008046
1087 -0.008046
1088 0.002869
1089 0.002869
1090 -0.008046
1091 -0.008398
1092 -0.008046
1093 -0.008046
1094 -0.008398
1095 -0.008046
1096 0.002869
1097 0.003221
1098 0.002869
1099 0.002869
1100 -0.008046
1101 0.002869
1102 0.002869
1103 -0.008046
1104 0.003221
1105 -0.008398
1106 -0.008046
1107 -0.008046
1108 -0.008046
1109 -0.008046
1110 -0.008398
1111 0.002869
1112 0.003221
1113 0.003221
1114 -0.008046
1115 -0.008398
1116 -0.008398
1117 -0.008046
1118 -0.008046
1119 -0.008398
1120 -0.008046
1121 -0.008046
1122 -0.008046
1123 -0.008046
1124 0.003221
1125 -0.008046
1126 0.003221
1127 -0.008398
1128 0.002869
1129 -0.008398
1130 0.003221
1131 -0.008398
1132 0.003221
1133 0.002869
1134 -0.008046
1135 -0.008398
1136 -0.008046
1137 -0.008046
1138 -0.008046
1139 0.003221
1140 0.003221
1141 0.002869
1142 0.003221
1143 -0.008398
1144 0.003221
1145 0.003221
1146 -0.008046
1147 -0.008046
1148 -0.008398
1149 -0.007694
1150 0.002869
1151 -0.008046
1152 0.003221
1153 -0.008398
1154 0.002869
1155 -0.008046
1156 -0.008046
1157 0.003221
1158 -0.008046
1159 -0.008046
1160 -0.008398
1161 -0.008398
1162 -0.008046
1163 -0.008046
1164 -0.008398
1165 -0.008046
1166 0.003221
1167 -0.008398
1168 -0.008046
1169 -0.008046
1170 -0.008398
1171 -0.008046
1172 0.003221
1173 -0.008046
1174 -0.008398
1175 0.002869
1176 -0.008046
1177 0.003221
1178 -0.008398
1179 -0.008398
1180 -0.008046
1181 0.002869
1182 0.002869
1183 -0.008046
1184 -0.008398
1185 -0.008046
1186 -0.008046
1187 0.002869
1188 0.002869
1189 -0.008398
1190 0.003221
1191 -0.008398
1192 0.003221
1193 0.003221
1194 0.002869
1195 0.003221
1196 -0.008046
1197 0.003221
1198 0.002869
1199 0.003221
1200 0.002869
1201 -0.008046
1202 -0.008398
1203 -0.008046
1204 -0.008046
1205 -0.008046
1206 -0.008398
1207 -0.008046
1208 -0.008046
1209 -0.008398
1210 -0.008398
1211 -0.008046
1212 -0.008750
1213 -0.008046
1214 0.002869
1215 -0.008046
1216 0.003221
1217 -0.008046
1218 0.002869
1219 -0.008046
1220 0.002869
1221 -0.008046
1222 0.003221
1223 -0.008398
1224 0.002869
1225 0.003221
1226 -0.008398
1227 -0.008398
1228 0.002869
1229 0.002869
1230 0.003221
1231 0.003221
1232 0.002869
1233 0.003221
1234 0.003221
1235 -0.008046
1236 -0.008398
1237 -0.008046
1238 0.003221
1239 0.002869
1240 0.003221
1241 -0.008046
1242 -0.008046
1243 -0.008046
1244 -0.008046
1245 0.003221
1246 0.002869
1247 0.003221
1248 0.003221
1249 -0.008398
1250 -0.008046
1251 -0.008046
1252 -0.008046
1253 -0.008046
1254 -0.008046
1255 -0.008750
1256 -0.008398
1257 -0.008398
1258 -0.008046
1259 -0.008398
1260 -0.008398
1261 0.003221
1262 -0.008046
1263 -0.008046
1264 -0.008046
1265 -0.008046
1266 -0.008046
1267 -0.008398
1268 -0.008398
1269 -0.008398
1270 -0.008046
1271 -0.008398
1272 0.003221
1273 -0.008046
1274 -0.008046
1275 -0.008750
1276 -0.008750
1277 -0.008046
1278 0.003221
1279 -0.008398
1280 -0.008046
1281 0.003221
1282 -0.008398
1283 -0.008046
1284 -0.008046
1285 -0.008046
1286 -0.008046
1287 -0.008046
1288 -0.008398
1289 -0.008046
1290 -0.008398
1291 -0.008398
1292 -0.008046
1293 -0.008398
1294 -0.008046
1295 -0.008046
1296 -0.008046
1297 -0.008398
1298 -0.008046
1299 -0.008046
1300 -0.008046
1301 -0.008398
1302 -0.008398
1303 0.002869
1304 -0.008046
1305 -0.008398
1306 -0.008046
1307 -0.008046
1308 -0.008398
1309 -0.008398
1310 -0.008046
1311 -0.008398
1312 -0.008046
1313 -0.008046
1314 0.003221
1315 -0.008046
1316 -0.008398
1317 -0.008398
1318 -0.008046
1319 -0.008046
1320 -0.008046
1321 -0.008046
1322 -0.008046
1323 -0.008046
1324 -0.008398
1325 -0.008046
1326 -0.008046
1327 -0.008398
1328 -0.008398
1329 -0.008398
1330 -0.008046
1331 -0.008398
1332 -0.008046
1333 -0.008046
1334 0.003221
1335 -0.008046
1336 -0.008398
1337 -0.008046
1338 -0.008046
1339 -0.008046
1340 -0.008046
1341 -0.008398
1342 -0.008398
1343 -0.008046
1344 0.003221
1345 0.002869
1346 0.003221
1347 0.002869
1348 -0.008398
1349 -0.008398
1350 0.003221
1351 -0.008398
1352 -0.008046
1353 -0.008046
1354 -0.007694
1355 -0.008046
1356 -0.008046
1357 -0.008046
1358 -0.008398
1359 -0.008398
1360 -0.008046
1361 -0.008046
1362 -0.008398
1363 -0.008398
1364 -0.008398
1365 -0.008398
1366 -0.008046
1367 -0.008398
1368 -0.008398
1369 -0.008046
1370 -0.008046
1371 -0.008046
1372 -0.008398
1373 -0.008046
1374 -0.008046
1375 -0.008398
1376 -0.008046
1377 -0.008046
1378 0.003221
1379 0.002869
1380 0.002869
1381 0.002869
1382 -0.008046
1383 -0.008046
1384 0.003221
1385 -0.008046
1386 -0.008398
1387 -0.008398
1388 -0.008398
1389 -0.008398
1390 -0.008398
1391 -0.008398
1392 -0.008046
1393 -0.008046
1394 -0.008046
1395 -0.008046
1396 -0.008398
1397 -0.007694
1398 -0.008046
1399 -0.008046
1400 -0.008046
1401 -0.008398
1402 -0.008046
1403 -0.008046
1404 -0.008398
1405 -0.008750
1406 -0.008046
1407 -0.008046
1408 -0.008046
1409 -0.008398
1410 -0.008046
1411 -0.008398
1412 -0.008046
1413 -0.008046
1414 -0.008046
1415 -0.008046
1416 -0.008046
1417 -0.008398
1418 -0.008046
1419 0.002869
1420 -0.008398
1421 -0.008046
1422 -0.008046
1423 -0.008046
1424 -0.008398
1425 -0.008046
1426 -0.008046
1427 -0.008046
1428 -0.008046
1429 -0.008046
1430 0.002869
1431 -0.008046
1432 -0.008398
1433 -0.008398
1434 -0.008398
1435 -0.008046
1436 -0.008046
1437 -0.008046
1438 -0.008398
1439 -0.008046
1440 -0.008398
1441 -0.008398
1442 -0.008046
1443 -0.008046
1444 0.002869
1445 0.002869
1446 0.003221
1447 -0.008398
1448 -0.008046
1449 -0.008046
1450 -0.008046
1451 -0.008046
1452 -0.008398
1453 -0.008046
1454 -0.008398
1455 -0.008398
1456 -0.008398
1457 -0.008398
1458 -0.008046
1459 0.002869
1460 -0.008398
1461 -0.008046
1462 -0.008046
1463 -0.008046
1464 0.003221
1465 0.003221
1466 -0.008398
1467 -0.008046
1468 -0.008046
1469 -0.008046
1470 -0.008046
1471 -0.008046
1472 -0.008046
1473 -0.008398
1474 -0.008046
1475 -0.008398
1476 -0.008046
1477 -0.008046
1478 0.003221
1479 0.002869
1480 0.003221
1481 0.002869
1482 -0.008398
1483 -0.008398
1484 0.002869
1485 -0.008398
1486 -0.008398
1487 -0.008046
1488 -0.008046
1489 -0.008046
1490 -0.008046
1491 -0.008046
1492 -0.008046
1493 0.002869
1494 -0.008398
1495 -0.008398
1496 -0.008046
1497 -0.008046
1498 -0.008046
1499 -0.008046
1500 -0.008046
1501 -0.008046
1502 -0.008398
1503 -0.008046
1504 -0.008398
1505 -0.008398
1506 -0.008046
1507 -0.008046
1508 -0.008046
1509 -0.008750
1510 -0.008046
1511 -0.008750
1512 -0.008046
1513 -0.008750
1514 -0.008398
1515 -0.008046
1516 -0.008398
1517 -0.008046
1518 -0.008398
1519 -0.008046
1520 0.002869
1521 0.003221
1522 -0.008398
1523 -0.008398
1524 -0.008398
1525 -0.008398
1526 -0.008046
1527 -0.008046
1528 -0.008046
1529 -0.008398
1530 -0.008398
1531 -0.008398
1532 -0.008046
1533 -0.008398
1534 0.002869
1535 0.003221
1536 -0.008046
1537 -0.008046
1538 0.003221
1539 -0.008398
1540 -0.008046
1541 -0.008398
1542 0.003221
1543 0.003221
1544 0.003221
1545 0.002869
1546 0.003221
1547 0.003221
1548 0.002869
1549 -0.008398
1550 0.003221
1551 -0.008398
1552 0.003221
1553 0.003221
1554 0.003221
1555 -0.008398
1556 -0.008046
1557 -0.008398
1558 0.003221
1559 -0.008046
1560 -0.008046
1561 -0.008046
1562 -0.008046
1563 -0.008046
1564 -0.008398
1565 -0.008046
1566 -0.008398
1567 -0.008046
1568 -0.008046
1569 -0.008046
1570 0.003221
1571 0.003221
1572 -0.008398
1573 -0.008046
1574 -0.008046
1575 -0.008046
1576 -0.008046
1577 0.003221
1578 0.003221
1579 0.003221
1580 0.003221
1581 0.003221
1582 0.002869
1583 -0.008046
1584 0.003221
1585 -0.008046
1586 -0.008398
1587 -0.008046
1588 -0.008046
1589 -0.008398
1590 0.003221
1591 -0.008046
1592 -0.008046
1593 0.003221
1594 -0.008398
1595 -0.008046
1596 -0.008046
1597 -0.008046
1598 0.003221
1599 -0.008398
1600 -0.008398
1601 -0.008046
1602 -0.008046
1603 0.003221
1604 -0.008046
1605 -0.008046
1606 -0.008046
1607 -0.008046
1608 -0.008398
1609 -0.008046
1610 -0.008046
1611 0.003221
1612 0.002869
1613 0.002869
1614 -0.008046
1615 -0.008046
1616 -0.008046
1617 -0.008046
1618 -0.008398
1619 0.003221
1620 -0.008046
1621 0.003221
1622 0.003221
1623 -0.008046
1624 -0.008046
1625 -0.008046
1626 -0.008046
1627 -0.008046
1628 -0.008398
1629 -0.008398
1630 0.003221
1631 -0.008046
1632 -0.008398
1633 0.003221
1634 -0.008046
1635 -0.008398
1636 0.003221
1637 -0.008046
1638 0.002869
1639 -0.008398
1640 0.003221
1641 0.002869
1642 -0.008398
1643 0.003221
1644 0.002869
1645 0.003221
1646 0.003221
1647 -0.008046
1648 0.003221
1649 -0.008046
1650 -0.008398
1651 0.003221
1652 0.002869
1653 -0.008046
1654 -0.008046
1655 -0.008398
1656 -0.008398
1657 -0.008046
1658 -0.008046
1659 -0.008398
1660 -0.008398
1661 -0.008398
1662 -0.008046
1663 -0.008398
1664 -0.008398
1665 -0.008046
1666 -0.008046
1667 -0.008046
1668 -0.008398
1669 -0.008046
1670 0.003221
1671 -0.008046
1672 0.002869
1673 0.003221
1674 -0.008398
1675 -0.008398
1676 -0.008046
1677 -0.008046
1678 0.003221
1679 0.002869
1680 0.003221
1681 0.002869
1682 -0.008046
1683 0.003221
1684 0.002869
1685 -0.008046
1686 -0.008398
1687 -0.008046
1688 -0.008046
1689 -0.008398
1690 -0.007694
1691 -0.008046
1692 -0.008046
1693 -0.008046
1694 -0.008046
1695 -0.008046
1696 -0.008046
1697 -0.007694
1698 -0.008046
1699 -0.008046
1700 -0.008750
1701 -0.008046
1702 -0.008046
1703 -0.008750
1704 -0.008046
1705 -0.008046
1706 -0.008046
1707 -0.008398
1708 -0.008046
1709 -0.008398
1710 -0.008046
1711 -0.008046
1712 0.003221
1713 0.003221
1714 0.003221
1715 -0.008398
1716 -0.008046
1717 -0.008750
1718 -0.008046
1719 -0.008046
1720 -0.008046
1721 -0.008046
1722 -0.008046
1723 -0.008750
1724 -0.008046
1725 -0.008046
1726 -0.008046
1727 -0.008046
1728 -0.008398
1729 -0.008046
1730 -0.008046
1731 -0.008046
1732 -0.008046
1733 -0.008398
1734 -0.008398
1735 -0.008046
1736 -0.008046
1737 -0.008046
1738 -0.008046
1739 -0.008398
1740 -0.008046
1741 -0.007694
1742 -0.008046
1743 -0.008046
1744 -0.008046
1745 -0.008398
1746 -0.008398
1747 -0.008398
1748 -0.008046
1749 -0.008398
1750 -0.008046
1751 -0.008046
1752 -0.008046
1753 -0.008046
1754 -0.008046
1755 -0.008046
1756 -0.008750
1757 -0.008750
1758 -0.008046
1759 -0.008750
1760 -0.008750
1761 -0.008750
1762 -0.008046
1763 -0.008046
1764 -0.008750
1765 -0.008398
1766 -0.008398
1767 -0.008046
1768 -0.008398
1769 -0.008046
1770 -0.008398
1771 -0.008398
1772 -0.008398
1773 -0.008046
1774 -0.008398
1775 -0.008398
1776 -0.008046
1777 -0.008046
1778 -0.008046
1779 -0.008046
1780 0.003221
1781 0.003221
1782 -0.008046
1783 -0.008046
1784 -0.008046
1785 -0.008398
1786 -0.008398
1787 -0.008046
1788 -0.008046
1789 -0.008046
1790 -0.008046
1791 -0.008046
1792 -0.008046
1793 -0.008046
1794 -0.008750
1795 -0.008046
1796 -0.008398
1797 -0.008046
1798 -0.008398
1799 -0.008046
1800 -0.008398
1801 -0.008046
1802 -0.008046
1803 -0.008046
1804 -0.008046
1805 -0.008398
1806 -0.008046
1807 -0.008398
1808 -0.008046
1809 -0.008046
1810 -0.008046
1811 -0.008398
1812 0.003221
1813 -0.008398
1814 0.002869
1815 -0.008046
1816 -0.008046
1817 -0.008046
1818 -0.008046
1819 -0.008750
1820 -0.008046
1821 -0.008046
1822 -0.008046
1823 -0.008046
1824 -0.008398
1825 0.002869
1826 -0.008046
1827 -0.008398
1828 -0.008046
1829 0.002869
1830 -0.008046
1831 -0.008046
1832 -0.008398
1833 0.003221
1834 -0.008398
1835 -0.008398
1836 -0.008046
1837 -0.008046
1838 -0.008046
1839 -0.008398
1840 -0.008046
1841 -0.008046
1842 -0.008398
1843 -0.008046
1844 0.002869
1845 0.003221
1846 -0.008046
1847 0.003221
1848 -0.008046
1849 -0.008046
1850 -0.008750
1851 -0.008046
1852 -0.008046
1853 -0.008046
1854 -0.008046
1855 -0.008398
1856 -0.008046
1857 0.003221
1858 -0.008046
1859 -0.008398
1860 -0.008398
1861 -0.008046
1862 0.003221
1863 -0.008046
1864 -0.008398
1865 -0.008398
1866 -0.008046
1867 -0.008046
1868 -0.008398
1869 -0.008398
1870 -0.008398
1871 -0.008046
1872 -0.008046
1873 -0.008398
1874 0.003221
1875 -0.008046
1876 -0.008398
1877 -0.008046
1878 0.003221
1879 -0.008398
1880 0.002869
1881 -0.008398
1882 -0.008046
1883 -0.008046
1884 -0.008046
1885 -0.008398
1886 -0.008046
1887 -0.008398
1888 -0.008046
1889 -0.008398
1890 -0.008398
1891 -0.008398
1892 -0.007694
1893 -0.008046
1894 -0.008398
1895 -0.008398
1896 -0.008398
1897 -0.008398
1898 -0.008398
1899 -0.008046
1900 -0.008046
1901 -0.008046
1902 -0.008046
1903 -0.008046
1904 -0.008046
1905 -0.008398
1906 -0.008046
1907 -0.008046
1908 -0.008046
1909 -0.008046
1910 -0.008398
1911 0.002869
1912 0.003221
1913 0.003221
1914 -0.008046
1915 -0.008046
1916 -0.008398
1917 -0.008398
1918 -0.008046
1919 -0.008398
1920 -0.008398
1921 -0.008046
1922 -0.008046
1923 -0.008398
1924 -0.008046
1925 -0.008398
1926 -0.008046
1927 -0.008046
1928 -0.008046
1929 -0.008046
1930 -0.008398
1931 -0.008046
1932 -0.008046
1933 -0.008398
1934 -0.008398
1935 -0.008398
1936 -0.008046
1937 -0.008398
1938 -0.008046
1939 -0.008046
1940 -0.008046
1941 -0.008398
1942 -0.008046
1943 -0.008398
1944 -0.008398
1945 -0.008046
1946 0.003221
1947 0.003221
1948 -0.008046
1949 -0.008046
1950 -0.008398
1951 -0.008398
1952 0.003221
1953 0.002869
1954 -0.008398
1955 -0.008046
1956 -0.008046
1957 -0.008046
1958 -0.008046
1959 -0.008398
1960 -0.008046
1961 -0.008398
1962 -0.008046
1963 -0.008046
1964 -0.008046
1965 -0.008398
1966 -0.008046
1967 -0.008046
1968 -0.008398
1969 -0.008046
1970 -0.008046
1971 -0.008046
1972 -0.008046
1973 -0.008398
1974 -0.008046
1975 -0.008046
1976 -0.008046
1977 -0.008398
1978 0.002869
1979 0.003221
1980 0.003221
1981 0.002869
1982 -0.008046
1983 -0.008046
1984 -0.008046
1985 -0.008046
1986 -0.008398
1987 -0.008398
1988 -0.008046
1989 -0.008398
1990 -0.008046
1991 -0.008398
1992 -0.008046
1993 -0.008398
1994 -0.008046
1995 -0.008046
1996 -0.008046
1997 -0.008046
1998 -0.008398
1999 -0.008046
2000 -0.008398
2001 -0.008398
2002 -0.008398
2003 0.003221
2004 0.003221
2005 -0.008046
2006 0.003221
2007 -0.008046
2008 0.003221
2009 -0.008398
2010 -0.008398
2011 0.003221
2012 0.003221
2013 0.003221
2014 0.002869
2015 -0.008046
2016 0.003221
2017 -0.008046
2018 0.003221
2019 -0.008398
2020 -0.008398
2021 0.003221
2022 -0.008046
2023 -0.008046
2024 -0.008398
2025 -0.008046
2026 0.003221
2027 -0.008046
2028 -0.008046
2029 0.003221
2030 0.003221
2031 -0.008046
2032 0.003221
2033 0.003221
2034 -0.008398
2035 -0.008046
2036 0.002869
2037 -0.008398
2038 0.002869
2039 -0.008046
2040 0.002869
2041 -0.008046
2042 -0.008046
2043 -0.008398
2044 0.003221
2045 0.002869
2046 -0.008046
2047 0.003221
2048 0.002869
2049 0.003221
2050 -0.008046
2051 -0.007694
2052 0.003221
2053 -0.008046
2054 0.003221
2055 -0.008046
2056 -0.008046
2057 0.002869
2058 -0.008046
2059 0.002869
2060 0.003221
2061 0.002869
2062 0.003221
2063 0.002869
2064 0.003221
2065 0.002869
2066 -0.008398
2067 -0.008398
2068 -0.008046
2069 0.003221
2070 0.003221
2071 0.003221
2072 0.003221
2073 0.003221
2074 0.003221
2075 -0.008398
2076 -0.008046
2077 0.003573
2078 0.003221
2079 -0.008398
2080 -0.008046
2081 0.002869
2082 0.003573
2083 -0.008046
2084 0.003221
2085 -0.008398
2086 0.002869
2087 0.003221
2088 -0.008398
2089 -0.008046
2090 -0.008046
2091 0.002869
2092 -0.008046
2093 -0.008046
2094 -0.008046
2095 -0.008398
2096 0.002869
2097 0.002869
2098 0.003221
2099 0.003221
2100 0.003221
2101 0.003221
2102 -0.008046
2103 -0.008398
2104 0.002869
2105 -0.008046
2106 0.003221
2107 0.003221
2108 -0.008046
2109 -0.008398
2110 -0.008046
2111 -0.008046
2112 -0.008398
2113 -0.008398
2114 -0.008398
2115 -0.008046
2116 -0.008046
2117 -0.008046
2118 -0.008046
2119 -0.008046
2120 -0.008046
2121 -0.008046
2122 -0.008750
2123 -0.008046
2124 -0.008046
2125 -0.008046
2126 -0.008398
2127 -0.008398
2128 -0.008398
2129 -0.008046
2130 -0.008398
2131 -0.008046
2132 0.003221
2133 -0.008398
2134 0.002869
2135 -0.008046
2136 -0.008046
2137 -0.008398
2138 -0.008398
2139 -0.008398
2140 -0.008046
2141 -0.008046
2142 0.003221
2143 -0.008046
2144 0.002869
2145 0.003221
2146 -0.008046
2147 0.002869
2148 -0.008046
2149 0.003221
2150 0.003221
2151 -0.008398
2152 0.002869
2153 0.003221
2154 -0.008046
2155 -0.008398
2156 -0.008046
2157 -0.008046
2158 -0.008046
2159 -0.008398
2160 0.003221
2161 -0.008046
2162 -0.008046
2163 -0.008046
2164 -0.008398
2165 -0.008046
2166 -0.008398
2167 -0.008398
2168 -0.008046
2169 -0.008398
2170 -0.008750
2171 -0.008046
2172 -0.008046
2173 -0.008046
2174 -0.008398
2175 -0.008398
2176 -0.008046
2177 0.003221
2178 0.003221
2179 -0.008046
2180 0.003221
2181 0.003221
2182 0.002869
2183 0.003221
2184 0.003573
2185 0.003221
2186 0.002869
2187 0.003221
2188 0.003221
2189 0.003221
2190 0.003221
2191 -0.008046
2192 0.003221
2193 0.003221
2194 0.002869
2195 0.003221
2196 -0.008398
2197 0.002869
2198 0.003221
2199 -0.008398
2200 -0.008046
2201 -0.008046
2202 -0.008398
2203 -0.008046
2204 -0.008398
2205 -0.008046
2206 -0.008046
2207 -0.008398
2208 -0.008046
2209 -0.008046
2210 -0.008046
2211 0.002869
2212 0.003221
2213 0.003221
2214 0.003221
2215 0.003221
2216 0.003221
2217 0.002869
2218 0.003221
2219 -0.008398
2220 0.003221
2221 0.003221
2222 0.002869
2223 0.003221
2224 -0.008046
2225 -0.008046
2226 -0.008046
2227 -0.008046
2228 -0.008398
2229 0.003221
2230 0.003221
2231 0.002869
2232 0.003221
2233 -0.008046
2234 -0.008046
2235 -0.008046
2236 -0.008046
2237 -0.008046
2238 0.003221
2239 -0.008046
2240 -0.008046
2241 -0.008398
2242 -0.008046
2243 -0.008046
2244 -0.008046
2245 0.003221
2246 0.003221
2247 0.003221
2248 0.002869
2249 -0.008046
2250 -0.008398
2251 0.002869
2252 -0.008046
2253 -0.008046
2254 -0.008046
2255 -0.008046
2256 -0.008046
2257 -0.008398
2258 0.002869
2259 -0.008398
2260 0.002869
2261 -0.008398
2262 -0.008398
2263 -0.008046
2264 -0.008398
2265 -0.008046
2266 -0.008750
2267 -0.008046
2268 -0.008398
2269 -0.008046
2270 0.002869
2271 -0.008046
2272 -0.008046
2273 0.003221
2274 -0.008046
2275 -0.008398
2276 -0.008398
2277 -0.008398
2278 0.003221
2279 0.003221
2280 0.002869
2281 0.002869
2282 -0.008046
2283 -0.008046
2284 -0.008046
2285 -0.008046
2286 -0.008046
2287 -0.008046
2288 -0.008046
2289 -0.008046
2290 -0.008398
2291 -0.008046
2292 -0.008046
2293 -0.008046
2294 -0.008046
2295 -0.008046
2296 -0.008046
2297 -0.008046
2298 -0.008750
2299 -0.008046
2300 -0.008046
2301 -0.008046
2302 -0.008398
2303 -0.008398
2304 -0.008398
2305 -0.008046
2306 -0.008046
2307 -0.008398
2308 -0.008046
2309 -0.008398
2310 -0.008398
2311 0.003221
2312 0.002869
2313 0.002869
2314 0.003221
2315 -0.008046
2316 -0.008046
2317 -0.008046
2318 -0.008398
2319 -0.008398
2320 -0.008398
2321 -0.008046
2322 -0.008398
2323 -0.008046
2324 -0.008046
2325 -0.008046
2326 -0.008046
2327 -0.008046
2328 -0.008046
2329 -0.008046
2330 -0.008398
2331 -0.008750
2332 -0.008750
2333 -0.008046
2334 -0.008046
2335 -0.008398
2336 -0.008398
2337 -0.008046
2338 -0.008046
2339 -0.008398
2340 -0.008398
2341 -0.008046
2342 -0.008046
2343 -0.008046
2344 0.003221
2345 0.003221
2346 0.002869
2347 0.002869
2348 -0.008046
2349 0.002869
2350 -0.008398
2351 -0.008046
2352 -0.008046
2353 -0.008046
2354 -0.008398
2355 -0.008398
2356 -0.008046
2357 -0.008046
2358 0.003221
2359 -0.008398
2360 -0.008046
2361 -0.008046
2362 -0.008046
2363 -0.008046
2364 -0.008046
2365 -0.008046
2366 -0.008046
2367 -0.008046
2368 -0.008046
2369 -0.008398
2370 -0.008046
2371 -0.008046
2372 -0.008046
2373 -0.008046
2374 -0.008046
2375 -0.008398
2376 -0.008398
2377 -0.008398
2378 0.003221
2379 0.003221
2380 0.003221
2381 0.003221
2382 -0.008046
2383 -0.008398
2384 -0.008046
2385 -0.008046
2386 -0.008398
2387 -0.008398
2388 -0.008046
2389 -0.008398
2390 -0.008046
2391 -0.008046
2392 -0.008046
2393 -0.008398
2394 -0.008750
2395 -0.008750
2396 -0.008046
2397 -0.008398
2398 -0.008046
2399 -0.008046
2400 -0.008046
2401 -0.008046
2402 -0.008046
2403 -0.008398
2404 -0.008046
2405 -0.008398
2406 -0.008046
2407 -0.008398
2408 -0.008046
2409 -0.007694
2410 -0.008046
2411 0.003221
2412 0.003221
2413 0.003221
2414 0.002869
2415 -0.008046
2416 -0.008398
2417 -0.008046
2418 -0.008398
2419 -0.008046
2420 0.002869
2421 0.003221
2422 0.002869
2423 -0.008398
2424 -0.008398
2425 -0.008398
2426 -0.008046
2427 -0.008398
2428 -0.008046
2429 -0.008046
2430 -0.008046
2431 -0.008398
2432 -0.008398
2433 -0.008046
2434 -0.008046
2435 -0.008046
2436 -0.008046
2437 0.002869
2438 -0.008046
2439 -0.008398
2440 -0.008046
2441 -0.008398
2442 -0.008046
2443 -0.008046
2444 0.003221
2445 0.003221
2446 0.003221
2447 -0.008046
2448 -0.008046
2449 -0.008046
2450 -0.008046
2451 -0.008398
2452 -0.008398
2453 -0.008398
2454 -0.008398
2455 -0.008046
2456 -0.008046
2457 -0.008046
2458 -0.008046
2459 -0.008398
2460 -0.008046
2461 -0.008046
2462 -0.008398
2463 -0.008046
2464 -0.008046
2465 0.002869
2466 -0.008398
2467 -0.008398
2468 0.002869
2469 -0.008398
2470 -0.008046
2471 -0.008046
2472 -0.008046
2473 -0.008046
2474 -0.008398
2475 -0.008046
2476 -0.008046
2477 -0.008398
2478 0.003221
2479 -0.008046
2480 0.003221
2481 0.002869
2482 -0.008046
2483 -0.008046
2484 -0.008398
2485 -0.007694
2486 -0.008046
2487 -0.008398
2488 -0.008046
2489 -0.008046
2490 -0.008398
2491 -0.008046
2492 -0.008046
2493 -0.008046
2494 -0.008046
2495 -0.008046
2496 -0.008046
2497 -0.008046
2498 -0.008398
2499 -0.008046
2500 -0.008398
2501 -0.008046
2502 0.003221
2503 -0.008046
2504 0.003221
2505 -0.008046
2506 -0.008046
2507 -0.008046
2508 -0.008398
2509 0.002869
2510 0.003221
2511 0.003221
2512 0.003221
2513 0.003221
2514 0.002869
2515 0.003221
2516 -0.008398
2517 0.003221
2518 -0.008398
2519 0.003221
2520 0.002869
2521 -0.008398
2522 -0.008046
2523 -0.008398
2524 -0.008046
2525 -0.008046
2526 -0.008398
2527 -0.008046
2528 -0.008046
2529 -0.008046
2530 -0.008046
2531 -0.008046
2532 -0.008046
2533 -0.008398
2534 -0.008046
2535 -0.008046
2536 0.002869
2537 0.002869
2538 0.003221
2539 0.003221
2540 -0.008046
2541 0.003221
2542 0.003221
2543 -0.008046
2544 0.002869
2545 0.003221
2546 0.003221
2547 0.003221
2548 0.002869
2549 -0.008398
2550 0.003221
2551 0.003221
2552 0.002869
2553 0.003221
2554 -0.008398
2555 -0.008750
2556 -0.008046
2557 -0.008398
2558 -0.008398
2559 -0.008398
2560 0.002869
2561 0.003221
2562 -0.008046
2563 0.003221
2564 -0.008046
2565 -0.008398
2566 0.003221
2567 0.002869
2568 -0.008398
2569 -0.008398
2570 -0.008046
2571 0.003221
2572 -0.008046
2573 0.003221
2574 0.003221
2575 -0.008046
2576 -0.008398
2577 0.002869
2578 0.003221
2579 0.002869
2580 0.003221
2581 0.003221
2582 0.002869
2583 -0.008398
2584 0.002869
2585 -0.008398
2586 -0.008398
2587 -0.008398
2588 0.003221
2589 0.002869
2590 0.003221
2591 0.003221
2592 0.003221
2593 0.003221
2594 -0.008046
2595 -0.008046
2596 -0.008398
2597 -0.008046
2598 0.002869
2599 0.003221
2600 -0.008046
2601 -0.008046
2602 -0.008046
2603 -0.008398
2604 -0.008046
2605 -0.008046
2606 -0.008398
2607 -0.008046
2608 0.003221
2609 -0.007694
2610 -0.008046
2611 0.003221
2612 0.002869
2613 0.003221
2614 0.002869
2615 -0.008046
2616 0.002869
2617 -0.008398
2618 0.002869
2619 0.002869
2620 0.002869
2621 0.003221
2622 -0.008046
2623 -0.008046
2624 0.003221
2625 -0.008046
2626 0.003221
2627 -0.008398
2628 0.003221
2629 0.003221
2630 0.003221
2631 0.003221
2632 -0.008046
2633 -0.008046
2634 -0.008398
2635 -0.008046
2636 -0.008046
2637 -0.008398
2638 0.002869
2639 0.002869
2640 -0.008046
2641 0.003221
2642 -0.008046
2643 -0.008046
2644 0.003221
2645 -0.008398
2646 0.002869
2647 0.003221
2648 0.003221
2649 -0.008046
2650 -0.008398
2651 -0.008398
2652 0.003221
2653 0.003573
2654 -0.008046
2655 -0.008398
2656 -0.008046
2657 -0.008046
2658 -0.008046
2659 0.003221
2660 -0.008046
2661 0.002869
2662 0.002869
2663 -0.007694
2664 0.002869
2665 0.003221
2666 0.002869
2667 0.003221
2668 -0.008398
2669 0.003221
2670 -0.008046
2671 0.003221
2672 0.003221
2673 0.003221
2674 0.002869
2675 0.003221
2676 0.003221
2677 0.003221
2678 0.003221
2679 0.003221
2680 0.003221
2681 0.003221
2682 -0.008046
2683 -0.008046
2684 -0.008046
2685 -0.008398
2686 0.002869
2687 -0.008046
2688 0.003221
2689 -0.008398
2690 -0.008046
2691 -0.008398
2692 0.002869
2693 -0.008046
2694 0.002869
2695 -0.008398
2696 0.002869
2697 -0.008046
2698 0.003221
2699 0.003221
2700 -0.008398
2701 0.002869
2702 0.003221
2703 -0.008398
2704 0.003221
2705 -0.008046
2706 -0.008046
2707 -0.008046
2708 0.002869
2709 0.002869
2710 -0.008046
2711 0.003221
2712 0.002869
2713 0.002869
2714 0.002869
2715 -0.008398
2716 0.003221
2717 -0.008398
2718 -0.008046
2719 -0.008046
2720 -0.008398
2721 -0.008046
2722 -0.008046
2723 -0.008046
2724 -0.008046
2725 -0.008046
2726 -0.008398
2727 -0.008046
2728 -0.008046
2729 -0.008046
2730 -0.008046
2731 -0.008046
2732 -0.008750
2733 -0.008046
2734 -0.008046
2735 -0.008046
2736 -0.008046
2737 0.002869
2738 0.003221
2739 0.003221
2740 0.002869
2741 0.002869
2742 -0.008398
2743 -0.008046
2744 0.002869
2745 0.003221
2746 0.003221
2747 0.003221
2748 0.002869
2749 0.003221
2750 0.003221
2751 0.003221
2752 0.003221
2753 -0.008398
2754 -0.008046
2755 -0.008046
2756 -0.008046
2757 -0.008398
2758 -0.008046
2759 -0.008398
2760 -0.008046
2761 -0.008046
2762 -0.008398
2763 0.003221
2764 -0.008046
2765 -0.008398
2766 -0.008046
2767 0.002869
2768 -0.008046
2769 -0.008046
2770 -0.008398
2771 -0.008046
2772 0.002869
2773 -0.008046
2774 -0.008398
2775 -0.008046
2776 -0.008398
2777 -0.008398
2778 -0.008398
2779 -0.008398
2780 -0.008046
2781 0.002869
2782 0.002869
2783 -0.008398
2784 -0.008046
2785 -0.008398
2786 -0.008398
2787 -0.008046
2788 -0.008046
2789 -0.008398
2790 0.003221
2791 -0.008398
2792 -0.008398
2793 -0.008398
2794 -0.008046
2795 -0.008046
2796 -0.008398
2797 -0.008046
2798 -0.008046
2799 -0.008046
2800 -0.008046
2801 -0.008046
2802 -0.008046
2803 -0.008398
2804 -0.008398
2805 -0.008046
2806 -0.008046
2807 -0.008046
2808 -0.008046
2809 -0.008046
2810 -0.008046
2811 -0.008046
2812 -0.008046
2813 0.003221
2814 0.003221
2815 -0.008046
2816 -0.008046
2817 0.003221
2818 -0.008046
2819 -0.008046
2820 -0.008398
2821 -0.008398
2822 0.003221
2823 -0.008046
2824 -0.008398
2825 0.003221
2826 -0.008398
2827 -0.008398
2828 -0.008398
2829 -0.008398
2830 -0.008046
2831 -0.008046
2832 0.003221
2833 0.002869
2834 -0.008398
2835 -0.008046
2836 -0.008046
2837 -0.008046
2838 -0.008046
2839 -0.008398
2840 -0.008398
2841 -0.008398
2842 -0.008398
2843 -0.008046
2844 -0.008046
2845 -0.008046
2846 0.003221
2847 -0.008398
2848 -0.008046
2849 -0.008046
2850 -0.008046
2851 -0.008398
2852 -0.008046
2853 -0.008046
2854 -0.008046
2855 -0.008398
2856 -0.008046
2857 -0.008046
2858 -0.008398
2859 -0.008398
2860 -0.008398
2861 -0.008046
2862 0.002869
2863 -0.008398
2864 -0.008398
2865 -0.008046
2866 -0.008398
2867 -0.008398
2868 -0.008046
2869 -0.008398
2870 0.002869
2871 -0.008046
2872 -0.008398
2873 -0.008046
2874 -0.008046
2875 -0.008398
2876 -0.008398
2877 0.003221
2878 0.002869
2879 -0.008398
2880 0.002869
2881 0.003221
2882 -0.008046
2883 -0.008398
2884 -0.008046
2885 -0.008046
2886 -0.008398
2887 -0.008046
2888 -0.008046
2889 -0.008046
2890 -0.008398
2891 -0.008398
2892 -0.008398
2893 -0.008046
2894 -0.008398
2895 -0.008046
2896 -0.008046
2897 -0.008398
2898 0.003221
2899 -0.008046
2900 -0.008398
2901 0.003221
2902 0.003221
2903 -0.008046
2904 -0.008398
2905 -0.008398
2906 -0.008750
2907 -0.008046
2908 -0.008046
2909 -0.008046
2910 -0.008398
2911 0.002869
2912 0.002869
2913 0.003221
2914 -0.008398
2915 -0.008046
2916 -0.008046
2917 -0.008398
2918 -0.008398
2919 -0.008398
2920 -0.008046
2921 -0.008398
2922 -0.008046
2923 -0.008046
2924 -0.008398
2925 -0.008398
2926 -0.008398
2927 -0.008046
2928 -0.008398
2929 -0.008398
2930 -0.008046
2931 -0.008046
2932 -0.008046
2933 -0.008046
2934 0.002869
2935 -0.008046
2936 -0.008046
2937 -0.008046
2938 -0.008046
2939 -0.008750
2940 -0.008046
2941 -0.008046
2942 -0.008046
2943 -0.008046
2944 0.003221
2945 -0.008046
2946 0.002869
2947 0.002869
2948 -0.008046
2949 -0.008046
2950 -0.008046
2951 -0.008046
2952 -0.008398
2953 -0.008046
2954 -0.008046
2955 -0.008046
2956 -0.008398
2957 -0.008046
2958 -0.008046
2959 -0.008046
2960 -0.008398
2961 -0.008046
2962 -0.008398
2963 -0.008398
2964 -0.008398
2965 -0.008398
2966 -0.008046
2967 -0.008046
2968 -0.008046
2969 -0.008046
2970 -0.008046
2971 -0.008398
2972 -0.008046
2973 -0.008398
2974 -0.008398
2975 -0.008046
2976 -0.008046
2977 0.003221
2978 -0.008398
2979 0.003221
2980 0.003221
2981 0.003221
2982 -0.008046
2983 -0.008398
2984 -0.008046
2985 -0.008046
2986 -0.008046
2987 0.003221
2988 -0.008398
2989 0.003221
2990 -0.008046
2991 -0.008398
2992 -0.008046
2993 -0.008398
2994 -0.008046
2995 -0.008046
2996 -0.008046
2997 -0.008398
2998 -0.008398
2999 -0.008398
3000 -0.008398
3001 -0.008046
3002 -0.008398
3003 -0.008046
3004 -0.008398
3005 -0.008046
3006 -0.008046
3007 -0.008046
3008 0.003221
3009 -0.008398
3010 -0.008398
3011 0.003221
3012 0.002869
3013 0.003221
3014 0.003221
3015 -0.008046
3016 -0.008046
3017 0.002869
3018 0.002869
3019 -0.008046
3020 -0.008046
3021 0.003221
3022 0.003221
3023 -0.008398
3024 0.003221
3025 -0.008398
3026 -0.008046
3027 -0.008046
3028 -0.008046
3029 0.003221
3030 -0.008398
3031 0.003221
3032 0.002869
3033 -0.008046
3034 -0.008046
3035 -0.008046
3036 -0.008046
3037 -0.008046
3038 -0.008046
3039 -0.008046
3040 -0.008398
3041 -0.008046
3042 -0.008046
3043 -0.008046
3044 0.003221
3045 0.003221
3046 0.003221
3047 0.002869
3048 -0.008046
3049 -0.008398
3050 -0.008046
3051 -0.008398
3052 -0.008046
3053 -0.008046
3054 -0.008398
3055 -0.008046
3056 -0.008398
3057 -0.008398
3058 0.003221
3059 0.003221
3060 0.003221
3061 0.003221
3062 0.003221
3063 -0.008398
3064 0.003221
3065 -0.008046
3066 -0.008398
3067 -0.008398
3068 -0.008398
3069 -0.007694
3070 0.003221
3071 0.002869
3072 0.002869
3073 -0.008046
3074 -0.008046
3075 -0.008398
3076 -0.008046
3077 0.003221
3078 0.003221
3079 0.003221
3080 0.003221
3081 0.002869
3082 0.003221
3083 0.002869
3084 0.002869
3085 0.003221
3086 0.003221
3087 -0.008046
3088 -0.008398
3089 -0.008046
3090 0.002869
3091 0.002869
3092 -0.008046
3093 -0.008398
3094 0.002869
3095 -0.008398
3096 0.003221
3097 -0.008398
3098 -0.008046
3099 -0.008046
3100 -0.008398
3101 -0.008398
3102 0.002869
3103 -0.008398
3104 -0.008398
3105 -0.008046
3106 -0.008398
3107 -0.008046
3108 0.002869
3109 0.003221
3110 0.003221
3111 0.003221
3112 0.003221
3113 0.002869
3114 0.002869
3115 -0.008398
3116 -0.008046
3117 0.003221
3118 -0.008398
3119 -0.008398
3120 -0.008046
3121 -0.008398
3122 -0.008398
3123 -0.008398
3124 -0.008398
3125 -0.008046
3126 -0.008398
3127 0.002869
3128 -0.008398
3129 -0.008046
3130 -0.008046
3131 -0.008046
3132 -0.008046
3133 -0.008046
3134 0.002869
3135 -0.008046
3136 0.003221
3137 0.003221
3138 0.003221
3139 -0.008398
3140 0.002869
3141 -0.008398
3142 -0.008398
3143 -0.008046
3144 -0.008046
3145 0.003221
3146 0.003221
3147 0.002869
3148 0.003221
3149 0.003221
3150 0.002869
3151 -0.008046
3152 0.003221
3153 0.002869
3154 0.003221
3155 -0.008398
3156 -0.008046
3157 0.003221
3158 0.002869
3159 -0.008398
3160 -0.008046
3161 -0.008046
3162 -0.008046
3163 -0.008046
3164 -0.008398
3165 -0.008398
3166 0.003221
3167 -0.008398
3168 -0.008398
3169 -0.008046
3170 0.003221
3171 -0.008046
3172 0.003221
3173 -0.008398
3174 -0.008046
3175 -0.008398
3176 0.003221
3177 0.003221
3178 0.003221
3179 0.002869
3180 0.003221
3181 0.002869
3182 -0.008398
3183 -0.008046
3184 -0.008046
3185 -0.008046
3186 0.003221
3187 0.002869
3188 0.003221
3189 -0.008046
3190 0.003221
3191 0.002869
3192 0.003221
3193 -0.008398
3194 -0.008046
3195 -0.008046
3196 -0.008046
3197 -0.008046
3198 0.003221
3199 -0.008398
3200 -0.008046
3201 -0.008398
3202 -0.008046
3203 0.003221
3204 -0.008398
3205 -0.008046
3206 -0.008398
3207 -0.008046
3208 -0.008046
3209 -0.008398
3210 -0.008046
3211 0.002869
3212 0.003221
3213 0.002869
3214 0.003221
3215 -0.008398
3216 -0.008398
3217 -0.008398
3218 -0.008046
3219 -0.008046
3220 0.003221
3221 0.003221
3222 0.002869
3223 -0.008398
3224 0.003221
3225 -0.008398
3226 -0.008046
3227 -0.008046
3228 -0.008046
3229 -0.008046
3230 0.002869
3231 -0.008398
3232 0.002869
3233 0.003221
3234 -0.008398
3235 -0.008046
3236 -0.008398
3237 -0.008398
3238 0.002869
3239 -0.008046
3240 -0.008046
3241 -0.008046
3242 -0.008046
3243 -0.008046
3244 -0.008046
3245 -0.008046
3246 0.003221
3247 -0.008046
3248 -0.008046
3249 -0.008398
3250 -0.008046
3251 0.003221
3252 -0.008046
3253 -0.008398
3254 -0.008046
3255 -0.008046
3256 -0.008398
3257 -0.008046
3258 -0.008046
3259 -0.008046
3260 -0.008046
3261 -0.008398
3262 -0.008398
3263 -0.008398
3264 0.002869
3265 -0.008046
3266 -0.008398
3267 -0.008398
3268 -0.008398
3269 -0.008046
3270 0.003221
3271 -0.008398
3272 -0.008398
3273 -0.008046
3274 -0.008046
3275 -0.008046
3276 -0.008046
3277 -0.008398
3278 0.003221
3279 0.002869
3280 -0.008046
3281 0.002869
3282 -0.008046
3283 -0.008046
3284 -0.008046
3285 -0.008398
3286 -0.008046
3287 -0.008046
3288 -0.008046
3289 -0.008398
3290 -0.008046
3291 -0.008046
3292 -0.008046
3293 -0.008046
3294 -0.008398
3295 -0.008046
3296 -0.008046
3297 -0.008046
3298 -0.008046
3299 -0.008046
3300 -0.008046
3301 0.003221
3302 0.003221
3303 -0.008046
3304 0.002869
3305 -0.008046
3306 -0.008046
3307 -0.008046
3308 -0.008046
3309 0.002869
3310 -0.008046
3311 0.003221
3312 0.003221
3313 0.003221
3314 0.003221
3315 -0.008046
3316 -0.008046
3317 -0.008046
3318 -0.008046
3319 -0.008398
3320 -0.008046
3321 -0.008046
3322 -0.008046
3323 -0.007694
3324 -0.008046
3325 -0.008398
3326 -0.008046
3327 -0.008398
3328 -0.008046
3329 -0.008046
3330 -0.008046
3331 -0.008046
3332 -0.008046
3333 -0.008046
3334 -0.008398
3335 -0.008398
3336 -0.008046
3337 -0.008750
3338 -0.008750
3339 -0.008750
3340 -0.008750
3341 -0.008046
3342 -0.008750
3343 -0.008046
3344 0.002869
3345 -0.008398
3346 -0.008046
3347 -0.008398
3348 -0.008046
3349 0.003221
3350 -0.008398
3351 -0.008398
3352 -0.008046
3353 -0.008398
3354 -0.008750
3355 -0.008750
3356 -0.008046
3357 -0.008398
3358 0.003221
3359 -0.008046
3360 -0.008398
3361 -0.008046
3362 -0.008398
3363 -0.008046
3364 -0.008046
3365 -0.008046
3366 0.002869
3367 -0.008046
3368 -0.008398
3369 -0.008046
3370 -0.008398
3371 -0.008398
3372 -0.008046
3373 -0.008046
3374 -0.008046
3375 -0.008398
3376 -0.008398
3377 -0.008398
3378 -0.008046
3379 0.003221
3380 0.003221
3381 0.002869
3382 -0.008398
3383 -0.008046
3384 -0.008046
3385 -0.008046
3386 -0.008750
3387 -0.008398
3388 -0.008398
3389 -0.008046
3390 -0.008046
3391 -0.008046
3392 -0.008046
3393 -0.008046
3394 -0.008046
3395 -0.008046
3396 -0.008398
3397 -0.008046
3398 -0.008046
3399 -0.008398
3400 -0.008398
3401 -0.008046
3402 -0.008398
3403 -0.008046
3404 -0.008046
3405 -0.008046
3406 -0.008046
3407 -0.008046
3408 -0.008398
3409 -0.008398
3410 -0.008398
3411 -0.008398
3412 0.003221
3413 -0.008046
3414 0.003221
3415 -0.008398
3416 -0.008046
3417 -0.008398
3418 -0.008398
3419 -0.008046
3420 -0.008046
3421 0.002869
3422 -0.008398
3423 -0.008046
3424 0.003221
3425 -0.008046
3426 -0.008046
3427 0.002869
3428 -0.008046
3429 -0.008046
3430 -0.008046
3431 -0.008398
3432 0.002869
3433 -0.008398
3434 0.003221
3435 -0.008398
3436 -0.008046
3437 0.002869
3438 -0.008046
3439 -0.008046
3440 -0.008046
3441 -0.008046
3442 -0.008398
3443 -0.008046
3444 0.002869
3445 0.003221
3446 -0.008398
3447 -0.008398
3448 -0.008398
3449 -0.008398
3450 -0.008046
3451 -0.008046
3452 -0.008046
3453 -0.008398
3454 -0.008046
3455 -0.008046
3456 -0.008046
3457 -0.007694
3458 -0.008398
3459 -0.008046
3460 -0.008046
3461 -0.008046
3462 0.003221
3463 -0.008046
3464 -0.008398
3465 0.002869
3466 -0.008398
3467 -0.008046
3468 -0.008398
3469 -0.008046
3470 -0.008398
3471 -0.008046
3472 -0.008046
3473 -0.008398
3474 -0.008046
3475 -0.008046
3476 -0.008046
3477 -0.008046
3478 0.002869
3479 -0.008046
3480 0.003221
3481 -0.008046
3482 -0.008046
3483 -0.008046
3484 -0.008046
3485 -0.008398
3486 0.002869
3487 -0.008398
3488 -0.008398
3489 -0.008046
3490 -0.008398
3491 0.002869
3492 -0.008046
3493 -0.008046
3494 -0.008046
3495 -0.008046
3496 -0.008398
3497 -0.008398
3498 -0.008398
3499 -0.008046
3500 0.002869
3501 -0.007694
3502 0.002869
3503 -0.008046
3504 -0.008046
3505 -0.008046
3506 0.002869
3507 -0.008398
3508 0.003221
3509 0.003221
3510 0.002869
3511 0.003221
3512 0.003221
3513 0.003221
3514 0.002869
3515 0.002869
3516 -0.008046
3517 -0.008046
3518 0.003221
3519 -0.008046
3520 -0.008046
3521 -0.008046
3522 -0.008046
3523 0.002869
3524 0.002869
3525 -0.008398
3526 0.002869
3527 0.003221
3528 0.003221
3529 -0.008046
3530 -0.008398
3531 0.003221
3532 -0.008398
3533 -0.008398
3534 -0.008398
3535 -0.008398
3536 0.003221
3537 0.003221
3538 0.002869
3539 -0.008398
3540 0.003221
3541 0.003221
3542 0.002869
3543 -0.008046
3544 0.003221
3545 0.003221
3546 0.002869
3547 -0.008046
3548 -0.008398
3549 -0.008046
3550 -0.008398
3551 -0.008398
3552 0.002869
3553 0.003221
3554 -0.008046
3555 -0.008398
3556 -0.008046
3557 -0.008046
3558 0.003221
3559 -0.008046
3560 -0.008046
3561 -0.008046
3562 -0.008046
3563 -0.008046
3564 0.002869
3565 0.003221
3566 0.003221
3567 -0.008398
3568 -0.008398
3569 -0.008046
3570 -0.008046
3571 -0.007694
3572 -0.008046
3573 0.003221
3574 0.003221
3575 -0.008046
3576 -0.008398
3577 -0.008046
3578 0.002869
3579 0.002869
3580 0.003221
3581 0.003221
3582 0.003221
3583 -0.008398
3584 -0.008046
3585 -0.008046
3586 -0.008046
3587 0.003221
3588 0.003221
3589 0.003221
3590 0.003221
3591 0.003221
3592 0.003221
3593 0.002869
3594 -0.008398
3595 -0.008046
3596 -0.008398
3597 -0.008046
3598 -0.008398
3599 -0.008046
3600 -0.008398
3601 -0.008398
3602 -0.008046
3603 -0.008046
3604 -0.008046
3605 -0.008398
3606 0.003221
3607 -0.008046
3608 -0.008046
3609 -0.008046
3610 -0.008046
3611 0.002869
3612 0.002869
3613 0.003221
3614 0.003221
3615 0.002869
3616 -0.008398
3617 -0.008046
3618 0.002869
3619 0.002869
3620 0.003221
3621 0.002869
3622 0.003221
3623 0.002869
3624 0.003221
3625 -0.008398
3626 -0.008398
3627 -0.008046
3628 -0.008398
3629 0.003221
3630 -0.008398
3631 -0.008046
3632 0.003221
3633 0.002869
3634 0.002869
3635 -0.008046
3636 -0.008046
3637 0.003221
3638 -0.008046
3639 -0.008046
3640 -0.008398
3641 -0.008046
3642 0.002869
3643 0.003221
3644 0.003221
3645 0.003221
3646 0.002869
3647 0.003221
3648 0.003221
3649 -0.008046
3650 -0.008398
3651 -0.008398
3652 -0.008046
3653 -0.008046
3654 -0.008046
3655 -0.008398
3656 -0.008046
3657 -0.008398
3658 -0.007694
3659 0.003221
3660 0.002869
3661 0.003221
3662 0.003221
3663 -0.008046
3664 0.003221
3665 -0.008398
3666 0.003221
3667 -0.008398
3668 0.003221
3669 0.002869
3670 -0.008046
3671 -0.008046
3672 0.002869
3673 -0.008398
3674 -0.008046
3675 -0.008046
3676 0.003221
3677 0.003221
3678 0.003221
3679 0.002869
3680 0.003221
3681 0.002869
3682 -0.008046
3683 -0.008046
3684 0.003221
3685 -0.008046
3686 0.003221
3687 -0.008046
3688 -0.008398
3689 -0.008046
3690 0.003221
3691 0.002869
3692 -0.008398
3693 -0.008046
3694 0.002869
3695 -0.008398
3696 -0.008046
3697 0.003221
3698 0.002869
3699 -0.008398
3700 0.002869
3701 0.003221
3702 0.003221
3703 0.003221
3704 -0.008046
3705 -0.008046
3706 -0.008046
3707 -0.008046
3708 0.003221
3709 0.003221
3710 0.003221
3711 0.003221
3712 0.002869
3713 0.003221
3714 0.003221
3715 -0.008398
3716 -0.008398
3717 0.003221
3718 -0.008046
3719 -0.008398
3720 -0.008398
3721 -0.008398
3722 0.003221
3723 -0.008046
3724 -0.008046
3725 0.002869
3726 0.003221
3727 -0.008398
3728 -0.008046
3729 -0.008046
3730 -0.008046
3731 0.003221
3732 -0.008046
3733 0.003221
3734 0.002869
3735 -0.008046
3736 0.003221
3737 -0.008398
3738 -0.008398
3739 0.003221
3740 0.002869
3741 0.002869
3742 -0.008046
3743 -0.008046
3744 0.002869
3745 0.003221
3746 -0.008398
3747 0.002869
3748 0.002869
3749 0.003221
3750 -0.008046
3751 -0.008398
3752 -0.008046
3753 -0.008398
3754 -0.008046
3755 -0.008046
3756 -0.008046
3757 -0.008398
3758 -0.008046
3759 -0.008046
3760 -0.008046
3761 -0.008398
3762 -0.008398
3763 -0.008398
3764 -0.008398
3765 -0.008046
3766 -0.008046
3767 0.002869
3768 -0.008046
3769 -0.008398
3770 -0.008398
3771 -0.008046
3772 -0.008046
3773 -0.008398
3774 -0.008398
3775 -0.008046
3776 -0.008398
3777 -0.008046
3778 0.002869
3779 -0.008046
3780 0.002869
3781 0.003221
3782 -0.008398
3783 -0.008398
3784 -0.008398
3785 -0.008046
3786 -0.008046
3787 -0.008046
3788 -0.008398
3789 -0.008046
3790 0.003221
3791 -0.008046
3792 0.002869
3793 -0.008046
3794 -0.008046
3795 -0.008398
3796 -0.008046
3797 0.003221
3798 -0.008046
3799 -0.008046
3800 -0.008398
3801 -0.008398
3802 -0.008046
3803 -0.008398
3804 -0.008046
3805 -0.008046
3806 -0.008398
3807 -0.008398
3808 -0.008046
3809 -0.008398
3810 -0.008398
3811 -0.008046
3812 -0.008398
3813 0.003221
3814 0.002869
3815 -0.008046
3816 0.003221
3817 -0.008046
3818 -0.008046
3819 -0.008398
3820 -0.008046
3821 -0.008398
3822 -0.008046
3823 -0.008046
3824 -0.008398
3825 -0.008398
3826 -0.008046
3827 -0.008046
3828 -0.008398
3829 0.002869
3830 0.003221
3831 -0.008398
3832 -0.008046
3833 -0.008046
3834 -0.008046
3835 -0.008398
3836 0.002869
3837 -0.008046
3838 0.003221
3839 -0.008046
3840 -0.008398
3841 -0.008046
3842 -0.008398
3843 -0.008398
3844 -0.008398
3845 0.003221
3846 0.003221
3847 0.003221
3848 0.002869
3849 -0.008046
3850 0.002869
3851 -0.008398
3852 -0.008046
3853 -0.008398
3854 -0.008046
3855 -0.008046
3856 -0.008398
3857 -0.008046
3858 -0.008398
3859 -0.008046
3860 -0.008046
3861 -0.008046
3862 0.002869
3863 -0.008398
3864 -0.008398
3865 -0.008398
3866 -0.008398
3867 -0.008046
3868 -0.008046
3869 -0.008046
3870 -0.008046
3871 -0.008046
3872 -0.008398
3873 0.003221
3874 -0.008046
3875 -0.008046
3876 -0.008046
3877 -0.008398
3878 0.003221
3879 -0.008398
3880 0.003221
3881 0.003221
3882 -0.008398
3883 -0.008046
3884 -0.008046
3885 -0.008398
3886 -0.008046
3887 -0.008046
3888 -0.008398
3889 -0.008398
3890 -0.008398
3891 0.003221
3892 -0.008046
3893 -0.008398
3894 0.003221
3895 -0.008046
3896 -0.008398
3897 -0.008398
3898 -0.008046
3899 -0.008046
3900 -0.008398
3901 -0.008046
3902 -0.008046
3903 -0.008398
3904 -0.008398
3905 -0.008398
3906 -0.008398
3907 -0.008046
3908 0.002869
3909 -0.008398
3910 -0.008046
3911 0.003221
3912 0.003221
3913 0.003221
3914 0.003221
3915 -0.008398
3916 -0.008398
3917 -0.008398
3918 -0.008398
3919 -0.008046
3920 -0.008398
3921 -0.008046
3922 -0.008046
3923 -0.008398
3924 -0.008398
3925 -0.008046
3926 0.003221
3927 -0.008046
3928 -0.008046
3929 -0.008046
3930 -0.008398
3931 0.002869
3932 -0.008398
3933 -0.008398
3934 0.002869
3935 -0.008046
3936 -0.008046
3937 -0.008750
3938 -0.008046
3939 -0.008398
3940 -0.008046
3941 -0.008046
3942 -0.008398
3943 -0.008046
3944 -0.008046
3945 -0.008398
3946 -0.008398
3947 -0.008046
3948 -0.008046
3949 -0.008750
3950 -0.008046
3951 -0.008046
3952 -0.008046
3953 -0.008046
3954 -0.008398
3955 -0.008046
3956 -0.008750
3957 -0.008398
3958 -0.008046
3959 -0.008398
3960 -0.008046
3961 -0.008046
3962 -0.008046
3963 -0.008398
3964 -0.008046
3965 -0.008398
3966 -0.008398
3967 -0.008046
3968 -0.008398
3969 -0.008398
3970 -0.008398
3971 -0.008046
3972 0.003221
3973 -0.008046
3974 0.003221
3975 -0.008046
3976 -0.008398
3977 -0.008046
3978 0.002869
3979 0.002869
3980 0.003221
3981 0.003221
3982 -0.008046
3983 -0.008398
3984 -0.008046
3985 -0.008046
3986 -0.008046
3987 -0.008046
3988 0.002869
3989 -0.008046
3990 -0.008046
3991 -0.008046
3992 0.003221
3993 -0.008046
3994 -0.008398
3995 -0.008398
3996 -0.008046
3997 -0.008398
3998 0.003221
3999 -0.008046
4000 -0.008398
4001 -0.008398
4002 0.003221
4003 -0.008046
4004 -0.008046
4005 -0.008046
4006 0.003221
4007 -0.008046
4008 -0.008398
4009 -0.008398
4010 -0.008046
4011 0.002869
4012 0.003221
4013 0.002869
4014 0.003221
4015 -0.008046
4016 -0.008398
4017 0.003221
4018 0.002869
4019 -0.008046
4020 0.003221
4021 0.002869
4022 0.002869
4023 -0.008046
4024 -0.008046
4025 -0.008046
4026 -0.008046
4027 0.003221
4028 0.003221
4029 0.002869
4030 0.003221
4031 -0.008398
4032 0.003221
4033 -0.008046
4034 -0.008046
4035 -0.008046
4036 -0.008398
4037 -0.008398
4038 0.003221
4039 0.003221
4040 -0.008398
4041 0.003221
4042 -0.008398
4043 -0.008046
4044 0.002869
4045 0.003221
4046 0.003221
4047 0.003221
4048 -0.008046
4049 -0.008398
4050 0.003221
4051 0.003221
4052 -0.008046
4053 -0.008398
4054 -0.008046
4055 -0.008046
4056 -0.008398
4057 -0.008046
4058 -0.008398
4059 0.003221
4060 0.002869
4061 0.002869
4062 0.003221
4063 -0.008398
4064 0.003221
4065 -0.008046
4066 -0.008046
4067 -0.008046
4068 0.003221
4069 0.002869
4070 0.003221
4071 0.003221
4072 0.002869
4073 0.003221
4074 -0.008398
4075 0.002869
4076 -0.008398
4077 0.003221
4078 0.002869
4079 0.003221
4080 0.002869
4081 0.003221
4082 0.003221
4083 0.003221
4084 -0.008046
4085 0.003221
4086 -0.008046
4087 0.002869
4088 -0.008046
4089 -0.008398
4090 -0.008398
4091 0.002869
4092 -0.008398
4093 0.003221
4094 0.003221
4095 -0.008046
4096 -0.008046
4097 -0.008046
4098 0.003221
4099 -0.008398
4100 0.003221
4101 0.002869
4102 0.002869
4103 0.002869
4104 -0.008046
4105 -0.008398
4106 -0.008046
4107 -0.008046
4108 0.002869
4109 -0.008046
4110 -0.008046
4111 0.002869
4112 0.002869
4113 0.003221
4114 0.003221
4115 -0.008046
4116 -0.008046
4117 -0.008046
4118 0.002869
4119 -0.008398
4120 -0.008398
4121 -0.008398
4122 0.002869
4123 0.003221
4124 -0.008046
4125 -0.008046
4126 0.003221
4127 -0.008046
4128 -0.008398
4129 -0.008046
4130 -0.008398
4131 0.003221
4132 0.002869
4133 -0.008046
4134 -0.008046
4135 -0.008046
4136 -0.008046
4137 -0.008046
4138 0.003221
4139 -0.008046
4140 0.003221
4141 0.003221
4142 -0.008046
4143 -0.008046
4144 0.002869
4145 0.003221
4146 0.003221
4147 0.002869
4148 0.003221
4149 0.002869
4150 0.003221
4151 0.003573
4152 0.003221
4153 -0.008398
4154 -0.008046
4155 -0.008046
4156 -0.008398
4157 -0.008046
4158 -0.008398
4159 -0.008398
4160 -0.008046
4161 -0.008046
4162 -0.008398
4163 -0.008046
4164 -0.008398
4165 0.002869
4166 0.003221
4167 -0.008398
4168 -0.008046
4169 -0.008046
4170 -0.008046
4171 -0.008046
4172 -0.008046
4173 0.002869
4174 -0.008398
4175 -0.008398
4176 -0.008046
4177 0.003221
4178 0.003221
4179 0.003221
4180 0.002869
4181 0.002869
4182 0.003221
4183 -0.008398
4184 -0.008046
4185 -0.008398
4186 0.003221
4187 0.002869
4188 0.003221
4189 0.003221
4190 0.002869
4191 0.003221
4192 0.002869
4193 -0.008046
4194 -0.008398
4195 -0.008046
4196 0.003221
4197 -0.008046
4198 -0.008046
4199 -0.008046
4200 -0.008046
4201 -0.008398
4202 -0.008046
4203 -0.008398
4204 0.003221
4205 -0.008398
4206 -0.008046
4207 -0.008398
4208 -0.008398
4209 -0.008046
4210 -0.008398
4211 0.003221
4212 0.003221
4213 0.002869
4214 0.002869
4215 -0.008046
4216 0.002869
4217 -0.008046
4218 0.002869
4219 0.003221
4220 0.002869
4221 0.003221
4222 -0.008046
4223 -0.008046
4224 0.003221
4225 -0.008398
4226 -0.008398
4227 -0.008398
4228 0.003221
4229 0.003221
4230 0.002869
4231 0.003221
4232 0.003221
4233 -0.008046
4234 -0.008398
4235 -0.008046
4236 0.002869
4237 -0.008046
4238 0.002869
4239 -0.008046
4240 -0.008398
4241 -0.008046
4242 -0.008046
4243 -0.008046
4244 0.003221
4245 0.002869
4246 0.002869
4247 0.003221
4248 -0.008398
4249 -0.008046
4250 -0.008046
4251 -0.008046
4252 -0.008398
4253 -0.008046
4254 -0.008046
4255 -0.008046
4256 -0.008046
4257 -0.008398
4258 -0.008046
4259 -0.008398
4260 -0.008398
4261 -0.008398
4262 -0.008398
4263 -0.008046
4264 0.003221
4265 -0.008398
4266 -0.008398
4267 -0.008046
4268 -0.008398
4269 -0.008046
4270 -0.008046
4271 -0.008046
4272 -0.008046
4273 -0.008046
4274 -0.008046
4275 -0.008046
4276 -0.008046
4277 -0.008398
4278 0.003221
4279 -0.008046
4280 -0.008046
4281 -0.008398
4282 -0.008046
4283 -0.008046
4284 -0.008046
4285 -0.008398
4286 -0.008398
4287 -0.008046
4288 -0.008046
4289 -0.008398
4290 -0.008398
4291 -0.008046
4292 -0.008046
4293 -0.008398
4294 -0.008398
4295 -0.008398
4296 -0.008398
4297 0.003221
4298 -0.008046
4299 -0.008046
4300 -0.008398
4301 0.003221
4302 0.002869
4303 -0.008046
4304 -0.008398
4305 -0.008398
4306 -0.008046
4307 -0.008398
4308 -0.008046
4309 -0.008046
4310 -0.008398
4311 0.003221
4312 0.003221
4313 -0.008046
4314 0.002869
4315 -0.008398
4316 -0.008046
4317 -0.008046
4318 -0.008046
4319 -0.008046
4320 -0.008398
4321 -0.008046
4322 -0.008398
4323 -0.008398
4324 -0.008046
4325 -0.008046
4326 -0.008398
4327 -0.008046
4328 -0.008398
4329 -0.008046
4330 -0.008046
4331 0.003221
4332 -0.008398
4333 -0.008398
4334 0.002869
4335 -0.008046
4336 -0.008398
4337 -0.008398
4338 -0.008046
4339 -0.008046
4340 -0.008398
4341 -0.008046
4342 -0.008046
4343 -0.008398
4344 0.002869
4345 0.002869
4346 0.002869
4347 0.003221
4348 0.003221
4349 -0.008398
4350 -0.008046
4351 -0.008398
4352 -0.008046
4353 -0.008398
4354 -0.008398
4355 -0.008398
4356 -0.008046
4357 -0.008046
4358 -0.008046
4359 -0.008398
4360 -0.008046
4361 -0.008398
4362 -0.008398
4363 -0.008046
4364 -0.008046
4365 -0.008046
4366 -0.008398
4367 -0.008398
4368 -0.008046
4369 -0.008046
4370 -0.008046
4371 0.002869
4372 -0.008398
4373 -0.008398
4374 -0.008046
4375 -0.008046
4376 -0.008046
4377 -0.008398
4378 0.002869
4379 0.003221
4380 0.003221
4381 0.003221
4382 -0.008046
4383 -0.008046
4384 -0.008046
4385 -0.008046
4386 -0.008046
4387 -0.008046
4388 0.003221
4389 -0.008046
4390 -0.008046
4391 -0.008046
4392 -0.008046
4393 0.002869
4394 -0.008398
4395 -0.008398
4396 -0.008398
4397 -0.008398
4398 -0.008398
4399 -0.008046
4400 -0.007694
4401 -0.008046
4402 -0.008046
4403 -0.008398
4404 -0.008398
4405 -0.008398
4406 -0.008046
4407 -0.008046
4408 -0.007694
4409 -0.008046
4410 -0.008046
4411 0.003221
4412 -0.008398
4413 0.003221
4414 0.003221
4415 -0.008046
4416 -0.008398
4417 0.003221
4418 -0.008398
4419 -0.008398
4420 0.002869
4421 0.003221
4422 -0.008046
4423 -0.008046
4424 -0.008046
4425 -0.008046
4426 -0.008398
4427 -0.008398
4428 -0.008398
4429 -0.008398
4430 0.003221
4431 -0.008046
4432 -0.008398
4433 -0.008398
4434 -0.008046
4435 -0.008046
4436 -0.008398
4437 -0.008046
4438 0.002869
4439 -0.008398
4440 -0.008046
4441 -0.008398
4442 -0.008398
4443 -0.008046
4444 0.002869
4445 0.003221
4446 0.003221
4447 -0.008046
4448 -0.008046
4449 -0.008750
4450 -0.008398
4451 0.003221
4452 -0.008046
4453 -0.008398
4454 -0.008046
4455 -0.008398
4456 -0.008398
4457 -0.008046
4458 -0.008046
4459 -0.008046
4460 0.003221
4461 -0.008398
4462 -0.008046
4463 -0.008046
4464 -0.008046
4465 -0.008398
4466 -0.008398
4467 -0.008398
4468 0.003573
4469 -0.008046
4470 0.002869
4471 -0.008046
4472 -0.008046
4473 -0.008046
4474 -0.008398
4475 -0.008398
4476 -0.008046
4477 0.003221
4478 -0.008398
4479 -0.008398
4480 0.002869
4481 -0.008046
4482 -0.008046
4483 -0.008398
4484 -0.008046
4485 -0.008398
4486 0.003221
4487 -0.008398
4488 -0.008046
4489 -0.008398
4490 -0.008398
4491 -0.008398
4492 -0.008046
4493 -0.008046
4494 -0.008398
4495 -0.008046
4496 -0.008046
4497 -0.008046
4498 -0.008046
4499 -0.008046
4500 -0.008398
4501 -0.008398
4502 0.003221
4503 -0.008046
4504 -0.008046
4505 -0.008398
4506 -0.008046
4507 -0.008046
4508 0.003221
4509 -0.008046
4510 0.003221
4511 0.002869
4512 0.003221
4513 0.002869
4514 0.002869
4515 -0.008046
4516 0.003221
4517 -0.008398
4518 0.003221
4519 -0.008046
4520 -0.008046
4521 -0.008046
4522 -0.008398
4523 -0.008398
4524 0.003221
4525 0.002869
4526 -0.008398
4527 -0.008046
4528 0.003221
4529 -0.008398
4530 -0.008046
4531 0.003221
4532 -0.008046
4533 0.002869
4534 0.003221
4535 -0.008046
4536 0.002869
4537 -0.008046
4538 0.003221
4539 0.003221
4540 0.003221
4541 0.003221
4542 -0.008398
4543 -0.008046
4544 0.003221
4545 -0.008398
4546 -0.008046
4547 -0.008046
4548 -0.008398
4549 -0.008046
4550 -0.008046
4551 -0.008046
4552 -0.008046
4553 -0.008398
4554 -0.008046
4555 -0.008046
4556 -0.008398
4557 -0.008046
4558 -0.008750
4559 -0.008046
4560 -0.008046
4561 -0.008046
4562 -0.008398
4563 -0.008046
4564 -0.008398
4565 -0.008046
4566 -0.008398
4567 -0.008398
4568 -0.008046
4569 -0.008398
4570 -0.008046
4571 -0.008046
4572 -0.008046
4573 0.002869
4574 0.003221
4575 -0.008046
4576 0.002869
4577 0.002869
4578 0.003221
4579 0.003221
4580 0.003221
4581 0.003221
4582 0.003221
4583 -0.008046
4584 0.002869
4585 0.003221
4586 0.003221
4587 0.003221
4588 0.002869
4589 -0.008046
4590 -0.008398
4591 0.002869
4592 0.003221
4593 0.003221
4594 -0.008046
4595 -0.008398
4596 0.003221
4597 0.003221
4598 -0.008398
4599 -0.008398
4600 -0.008398
4601 -0.008398
4602 0.003221
4603 0.002869
4604 0.002869
4605 -0.008398
4606 -0.008398
4607 -0.008046
4608 -0.008046
4609 -0.008046
4610 -0.008398
4611 -0.008046
4612 0.003221
4613 0.003221
4614 0.003221
4615 -0.008398
4616 -0.008046
4617 0.003221
4618 -0.008398
4619 0.003221
4620 -0.008046
4621 0.002869
4622 -0.008046
4623 -0.008046
4624 -0.008398
4625 -0.008398
4626 -0.008398
4627 -0.008398
4628 0.003221
4629 0.002869
4630 0.003221
4631 0.003221
4632 0.003221
4633 -0.008046
4634 -0.008046
4635 -0.008046
4636 -0.008046
4637 -0.008398
4638 -0.008046
4639 -0.008046
4640 0.003221
4641 0.002869
4642 0.002869
4643 -0.008398
4644 0.003221
4645 0.003221
4646 0.002869
4647 0.003221
4648 0.002869
4649 -0.008046
4650 0.002869
4651 -0.008046
4652 -0.008046
4653 -0.008398
4654 -0.008398
4655 -0.008398
4656 -0.008398
4657 0.002869
4658 -0.008046
4659 -0.008398
4660 0.003221
4661 -0.008046
4662 0.003221
4663 -0.008398
4664 -0.008398
4665 -0.008046
4666 -0.008046
4667 -0.008046
4668 -0.008046
4669 0.002869
4670 0.002869
4671 -0.008046
4672 0.003221
4673 -0.008398
4674 -0.008398
4675 -0.008398
4676 -0.008046
4677 0.002869
4678 0.003221
4679 0.002869
4680 0.003221
4681 0.002869
4682 0.002869
4683 -0.008398
4684 -0.008046
4685 -0.008046
4686 -0.008398
4687 -0.008046
4688 -0.008398
4689 -0.008398
4690 -0.008398
4691 -0.008046
4692 -0.008046
4693 0.003221
4694 -0.008398
4695 -0.008046
4696 -0.008398
4697 0.003221
4698 -0.008398
4699 0.002869
4700 0.002869
4701 0.002869
4702 0.003221
4703 0.003221
4704 0.003221
4705 -0.008046
4706 -0.008398
4707 -0.008398
4708 0.002869
4709 0.002869
4710 0.003221
4711 0.002869
4712 0.002869
4713 0.002869
4714 0.002869
4715 -0.008046
4716 -0.008046
4717 0.003221
4718 -0.008398
4719 -0.008398
4720 -0.008046
4721 -0.008046
4722 -0.008046
4723 -0.008398
4724 0.003221
4725 -0.008046
4726 -0.008046
4727 0.003221
4728 -0.008398
4729 -0.008398
4730 -0.008398
4731 -0.008046
4732 -0.008046
4733 -0.008046
4734 -0.008398
4735 -0.008046
4736 -0.008046
4737 0.003221
4738 -0.008046
4739 0.003221
4740 0.003221
4741 0.003221
4742 0.003221
4743 -0.008046
4744 0.003221
4745 0.003221
4746 0.003221
4747 0.002869
4748 0.002869
4749 0.003221
4750 0.002869
4751 -0.008046
4752 -0.008398
4753 -0.008046
4754 -0.008398
4755 -0.008046
4756 -0.008046
4757 -0.008046
4758 -0.008046
4759 -0.008046
4760 -0.008398
4761 -0.008750
4762 -0.008046
4763 -0.008046
4764 -0.008398
4765 -0.008046
4766 -0.008046
4767 -0.008046
4768 -0.008046
4769 -0.008046
4770 -0.008046
4771 -0.008046
4772 -0.008046
4773 -0.008398
4774 -0.008398
4775 -0.008398
4776 -0.008398
4777 0.003221
4778 -0.008398
4779 0.002869
4780 0.002869
4781 0.003221
4782 -0.008398
4783 -0.008046
4784 -0.008398
4785 -0.008046
4786 -0.008398
4787 -0.008398
4788 0.003221
4789 -0.008398
4790 0.003221
4791 -0.008398
4792 0.002869
4793 -0.008398
4794 -0.008046
4795 -0.008398
4796 -0.008398
4797 -0.008398
4798 -0.008398
4799 -0.008398
4800 -0.008046
4801 -0.008046
4802 -0.008046
4803 -0.008398
4804 -0.008046
4805 -0.008046
4806 -0.008398
4807 -0.008046
4808 -0.008398
4809 -0.008046
4810 -0.008398
4811 0.003221
4812 -0.008046
4813 0.002869
4814 -0.008046
4815 -0.008398
4816 -0.008398
4817 0.002869
4818 -0.008398
4819 -0.008046
4820 -0.008046
4821 0.003221
4822 -0.008046
4823 -0.008046
4824 -0.008398
4825 -0.008398
4826 -0.008398
4827 -0.008046
4828 -0.008398
4829 -0.008046
4830 -0.008046
4831 -0.008046
4832 -0.008398
4833 -0.008046
4834 0.003221
4835 -0.008398
4836 -0.008046
4837 -0.008046
4838 0.003221
4839 -0.008046
4840 -0.008046
4841 -0.008046
4842 -0.008046
4843 -0.008046
4844 0.002869
4845 0.002869
4846 0.002869
4847 -0.008398
4848 -0.008398
4849 -0.008046
4850 -0.008398
4851 0.003221
4852 -0.008398
4853 0.002869
4854 -0.008046
4855 -0.008046
4856 -0.008046
4857 -0.008398
4858 -0.008398
4859 -0.008046
4860 -0.008046
4861 0.002869
4862 -0.008046
4863 -0.008046
4864 -0.008398
4865 -0.008046
4866 -0.008046
4867 -0.008398
4868 -0.008398
4869 -0.008398
4870 -0.008398
4871 -0.008046
4872 -0.008046
4873 -0.008398
4874 -0.008046
4875 -0.008398
4876 -0.008046
4877 -0.008046
4878 0.003221
4879 -0.008046
4880 -0.008046
4881 0.002869
4882 -0.008046
4883 -0.008046
4884 -0.008046
4885 -0.008398
4886 -0.008398
4887 -0.008046
4888 -0.008398
4889 -0.008398
4890 -0.008046
4891 -0.008046
4892 -0.008398
4893 -0.008046
4894 -0.008398
4895 -0.008046
4896 -0.008398
4897 -0.008398
4898 -0.008398
4899 0.003221
4900 -0.008046
4901 -0.008046
4902 -0.008398
4903 -0.008046
4904 0.003221
4905 -0.008046
4906 -0.008046
4907 -0.008046
4908 -0.008046
4909 -0.008398
4910 -0.008046
4911 0.002869
4912 0.002869
4913 0.002869
4914 -0.008398
4915 -0.008046
4916 -0.008046
4917 -0.008398
4918 -0.008046
4919 -0.008398
4920 -0.008398
4921 -0.008046
4922 -0.008046
4923 -0.008398
4924 -0.008046
4925 -0.008398
4926 -0.008046
4927 -0.008398
4928 -0.008046
4929 -0.008398
4930 -0.008398
4931 -0.008398
4932 -0.008046
4933 -0.008046
4934 -0.008046
4935 -0.008046
4936 -0.008398
4937 -0.008398
4938 -0.008046
4939 -0.008046
4940 -0.008046
4941 0.002869
4942 -0.008046
4943 -0.008398
4944 0.003221
4945 0.003221
4946 0.002869
4947 0.003221
4948 0.003221
4949 -0.007694
4950 -0.008398
4951 0.003221
4952 -0.008046
4953 -0.008046
4954 -0.008398
4955 -0.008046
4956 -0.008398
4957 -0.008398
4958 -0.008046
4959 -0.008046
4960 -0.008398
4961 -0.008398
4962 -0.008046
4963 -0.008398
4964 -0.008046
4965 -0.008046
4966 -0.008046
4967 -0.008398
4968 -0.008046
4969 -0.008398
4970 -0.008398
4971 -0.008046
4972 -0.008046
4973 -0.008046
4974 -0.008046
4975 -0.008046
4976 -0.008046
4977 0.003221
4978 -0.008398
4979 0.003221
4980 0.003221
4981 0.003221
4982 0.003221
4983 -0.008750
4984 -0.008046
4985 -0.008046
4986 -0.008046
4987 -0.008046
4988 -0.008398
4989 -0.008046
4990 -0.008398
4991 -0.008398
4992 -0.008398
4993 -0.008398
4994 -0.008046
4995 -0.008046
4996 -0.008046
4997 0.002869
4998 -0.008398
4999 -0.008046
5000 -0.008398
