1 -0.008750
2 -0.008750
3 -0.008750
4 -0.008750
5 -0.008398
6 -0.008398
7 0.002869
8 0.002869
9 -0.008750
10 -0.008398
11 -0.008750
12 -0.008398
13 -0.008398
14 -0.008750
15 -0.008398
16 -0.008398
17 -0.008750
18 -0.008398
19 -0.008398
20 -0.008750
21 -0.008046
22 -0.008398
23 -0.008398
24 -0.008750
25 0.002869
26 0.002869
27 0.003221
28 0.002869
29 -0.008398
30 -0.008398
31 0.003221
32 0.002869
33 0.002869
34 -0.008750
35 -0.008750
36 -0.008398
37 -0.008398
38 -0.008398
39 -0.008398
40 -0.008046
41 0.002517
42 -0.008398
43 -0.008398
44 -0.008750
45 -0.008398
46 -0.008398
47 -0.008398
48 -0.008398
49 -0.008398
50 -0.008398
51 -0.008398
52 -0.008398
53 -0.008750
54 -0.008398
55 -0.008046
56 -0.008750
57 -0.008046
58 -0.008750
59 -0.008398
60 -0.008750
61 -0.008398
62 -0.008398
63 -0.008398
64 -0.008046
65 -0.008398
66 -0.008398
67 -0.008750
68 -0.008398
69 -0.008046
70 -0.008398
71 -0.008750
72 -0.008750
73 -0.008750
74 -0.008750
75 -0.008750
76 -0.008398
77 -0.008398
78 0.002869
79 -0.008398
80 0.002869
81 0.002869
82 0.002869
83 -0.008750
84 -0.008398
85 -0.008398
86 -0.008750
87 -0.008398
88 0.002517
89 0.002869
90 -0.008398
91 -0.008750
92 0.002517
93 0.002517
94 0.002869
95 0.002869
96 0.002869
97 -0.008046
98 -0.008398
99 -0.008398
100 -0.008398
101 -0.008398
102 -0.008750
103 -0.008398
104 -0.008398
105 -0.008398
106 0.002869
107 0.002869
108 -0.008398
109 -0.008398
110 -0.008398
111 0.002869
112 -0.008750
113 -0.008750
114 0.002869
115 0.002869
116 -0.008398
117 -0.008398
118 -0.008398
119 -0.008398
120 0.002869
121 -0.008398
122 -0.008398
123 0.002869
124 0.002517
125 0.002869
126 0.002869
127 0.002869
128 0.002869
129 0.002517
130 -0.008398
131 0.002869
132 -0.008398
133 0.002869
134 -0.008750
135 -0.008750
136 0.002869
137 0.002517
138 -0.008398
139 -0.008398
140 -0.008398
141 -0.008398
142 -0.008398
143 -0.008398
144 -0.008398
145 -0.008398
146 -0.008398
147 -0.008750
148 -0.008398
149 -0.008398
150 -0.008398
151 0.002869
152 0.002869
153 0.002869
154 0.002869
155 0.002517
156 -0.008398
157 0.002517
158 0.002869
159 0.002517
160 0.002869
161 0.002869
162 0.002869
163 -0.008750
164 -0.008398
165 -0.008750
166 -0.008398
167 0.002869
168 -0.008398
169 0.002869
170 0.002517
171 -0.008398
172 -0.008398
173 -0.008398
174 -0.008398
175 -0.008398
176 0.002869
177 0.002869
178 -0.008398
179 -0.008398
180 -0.008398
181 0.002869
182 -0.008750
183 0.002869
184 -0.008750
185 -0.008398
186 -0.008398
187 0.002869
188 0.002869
189 0.002869
190 -0.008398
191 0.003221
192 0.002869
193 -0.008398
194 0.002869
195 0.002869
196 -0.008398
197 0.002869
198 -0.008398
199 0.002869
200 0.002869
201 -0.008750
202 -0.008398
203 -0.008750
204 -0.008398
205 -0.008046
206 -0.008398
207 0.002869
208 -0.008398
209 -0.008398
210 -0.008750
211 -0.008398
212 -0.008398
213 -0.008398
214 -0.008398
215 0.002869
216 0.002869
217 0.002517
218 0.002869
219 0.002869
220 0.002869
221 -0.008398
222 -0.008398
223 -0.008398
224 -0.008398
225 0.002517
226 -0.008398
227 0.002869
228 -0.008750
229 -0.008398
230 0.002869
231 0.002869
232 -0.008750
233 -0.008398
234 -0.008398
235 -0.008750
236 -0.008750
237 0.002869
238 -0.008750
239 -0.008398
240 -0.008398
241 0.002869
242 0.002517
243 -0.008398
244 0.002869
245 -0.008750
246 -0.008398
247 -0.008750
248 0.002869
249 0.002869
250 0.002517
251 0.002869
252 -0.008398
253 -0.008750
254 -0.008398
255 -0.008398
256 -0.008398
257 -0.008750
258 -0.008398
259 -0.008398
260 0.002869
261 -0.008398
262 -0.008398
263 -0.008398
264 -0.008398
265 -0.008398
266 -0.008398
267 -0.008398
268 -0.008398
269 -0.008750
270 -0.008398
271 -0.008398
272 -0.008398
273 -0.008398
274 -0.008398
275 -0.008398
276 -0.008398
277 -0.008750
278 -0.008398
279 -0.008750
280 -0.008398
281 -0.008398
282 -0.008398
283 -0.008398
284 -0.008398
285 -0.008398
286 -0.008046
287 -0.008750
288 -0.008750
289 -0.008398
290 -0.008398
291 -0.008398
292 0.002869
293 0.002869
294 0.002517
295 0.002869
296 -0.008046
297 -0.008398
298 -0.008398
299 -0.008398
300 -0.008750
301 -0.008398
302 -0.008398
303 -0.008398
304 -0.008398
305 -0.008398
306 -0.008398
307 -0.008398
308 -0.008398
309 -0.008750
310 -0.008398
311 -0.008750
312 -0.008398
313 -0.008398
314 -0.008398
315 -0.008398
316 -0.008398
317 -0.008398
318 -0.008398
319 -0.008750
320 -0.008398
321 -0.008398
322 -0.008750
323 -0.008398
324 -0.008398
325 -0.008398
326 0.002869
327 0.002869
328 0.002869
329 -0.008750
330 0.003221
331 -0.008750
332 -0.008750
333 0.002869
334 -0.008398
335 -0.008398
336 0.002869
337 -0.008398
338 -0.008750
339 -0.008398
340 -0.008398
341 -0.008398
342 -0.008398
343 -0.008398
344 -0.008750
345 -0.008750
346 -0.008398
347 -0.008398
348 -0.008398
349 -0.008398
350 -0.008398
351 0.002869
352 -0.008398
353 0.002869
354 -0.008398
355 -0.008750
356 -0.008750
357 -0.008046
358 -0.008398
359 0.002869
360 0.002869
361 0.002869
362 0.002869
363 -0.008750
364 -0.008750
365 -0.008398
366 -0.008398
367 -0.008398
368 0.002869
369 -0.008750
370 0.002869
371 -0.008750
372 -0.008398
373 -0.008398
374 -0.008750
375 -0.008398
376 0.002869
377 -0.008398
378 -0.008398
379 -0.008398
380 -0.008398
381 -0.008398
382 -0.008750
383 -0.008750
384 -0.008398
385 -0.008398
386 -0.008398
387 -0.008750
388 -0.008398
389 -0.008398
390 -0.008398
391 -0.008398
392 0.002869
393 0.002869
394 0.002517
395 0.002869
396 -0.008398
397 -0.008046
398 -0.008750
399 -0.008398
400 -0.008398
401 0.002869
402 -0.008398
403 -0.008398
404 -0.008398
405 -0.008398
406 -0.008398
407 -0.008398
408 -0.008398
409 0.002517
410 0.002869
411 -0.008398
412 -0.008750
413 -0.008750
414 -0.008398
415 -0.008398
416 -0.008398
417 -0.008398
418 -0.008398
419 -0.008398
420 -0.008398
421 -0.008750
422 -0.008398
423 -0.008398
424 -0.008398
425 -0.008398
426 0.002869
427 -0.008398
428 0.002869
429 -0.008398
430 -0.008398
431 -0.008398
432 -0.008398
433 -0.008398
434 -0.008750
435 -0.008398
436 -0.008398
437 -0.008398
438 -0.008398
439 -0.008398
440 -0.008398
441 -0.008398
442 -0.008750
443 -0.008398
444 -0.008398
445 -0.008750
446 -0.008750
447 -0.008398
448 -0.008750
449 0.002869
450 -0.008750
451 -0.008398
452 -0.008398
453 -0.008398
454 -0.008750
455 -0.008398
456 -0.008398
457 -0.008398
458 0.002869
459 -0.008750
460 -0.008398
461 -0.008046
462 -0.008398
463 -0.008398
464 -0.008398
465 -0.008398
466 -0.008398
467 -0.008750
468 -0.008750
469 -0.008750
470 -0.008750
471 -0.008750
472 -0.008750
473 -0.008750
474 -0.008398
475 -0.008398
476 -0.008398
477 -0.008398
478 -0.008750
479 -0.008398
480 -0.008398
481 -0.008750
482 -0.008398
483 -0.008398
484 -0.008398
485 -0.008398
486 -0.008398
487 -0.008750
488 -0.008398
489 -0.008398
490 -0.008398
491 -0.008398
492 0.002869
493 0.003221
494 0.002869
495 -0.008398
496 -0.008398
497 0.002869
498 -0.008398
499 -0.008398
500 -0.008398
501 -0.008398
502 -0.008750
503 -0.008398
504 -0.008750
505 -0.008398
506 -0.008398
507 -0.008398
508 -0.008398
509 -0.008398
510 -0.008398
511 0.002869
512 0.002869
513 -0.008398
514 -0.008398
515 0.002869
516 -0.008398
517 -0.008046
518 -0.008750
519 0.002869
520 0.002869
521 0.002869
522 -0.008398
523 -0.008750
524 -0.008398
525 0.002517
526 0.002869
527 0.002869
528 0.002869
529 0.002869
530 0.002869
531 -0.008398
532 -0.008398
533 -0.008398
534 -0.008398
535 -0.008398
536 0.002517
537 0.002869
538 -0.008398
539 -0.008750
540 -0.008750
541 0.002869
542 -0.008398
543 -0.008398
544 -0.008398
545 -0.008398
546 -0.008398
547 -0.008398
548 -0.008750
549 -0.008398
550 -0.008398
551 0.002869
552 0.002869
553 0.002869
554 -0.008398
555 -0.008750
556 0.002869
557 -0.008398
558 -0.008398
559 0.002869
560 0.002869
561 0.002869
562 0.002869
563 -0.008398
564 0.002517
565 -0.008398
566 -0.008398
567 0.002869
568 -0.008398
569 -0.008398
570 -0.008398
571 -0.008398
572 0.002869
573 -0.008750
574 -0.008398
575 -0.008398
576 0.002869
577 0.002869
578 -0.008398
579 -0.008398
580 -0.008398
581 -0.008398
582 -0.008750
583 -0.008398
584 -0.008750
585 -0.008398
586 -0.008046
587 -0.008750
588 -0.008398
589 0.002869
590 0.002517
591 -0.008398
592 0.002869
593 0.002869
594 0.002869
595 0.002869
596 -0.008398
597 -0.008398
598 0.002869
599 -0.008046
600 0.002869
601 0.002869
602 0.002869
603 -0.008398
604 -0.008398
605 -0.008398
606 -0.008398
607 -0.008398
608 -0.008398
609 -0.008750
610 -0.008398
611 -0.008398
612 0.002869
613 0.002869
614 -0.008398
615 -0.008750
616 -0.008398
617 0.002869
618 0.002869
619 -0.008398
620 0.002869
621 -0.008398
622 -0.008398
623 -0.008398
624 0.002517
625 0.002517
626 0.002517
627 0.003221
628 0.002869
629 0.002869
630 -0.008398
631 -0.008398
632 0.002869
633 -0.008750
634 -0.008398
635 -0.008398
636 -0.008398
637 -0.008398
638 0.002869
639 -0.008750
640 0.002869
641 -0.008398
642 -0.008398
643 -0.008398
644 -0.008398
645 -0.008398
646 -0.008398
647 0.002869
648 -0.008398
649 -0.008398
650 0.002517
651 0.002869
652 -0.008750
653 -0.008398
654 -0.008398
655 -0.008398
656 0.002517
657 0.002869
658 0.002869
659 0.002869
660 0.002869
661 0.002517
662 0.002517
663 0.002517
664 -0.008750
665 -0.008750
666 -0.008398
667 -0.008398
668 0.002869
669 0.002869
670 -0.008750
671 -0.008398
672 0.002869
673 -0.008398
674 -0.008398
675 0.002869
676 -0.008398
677 -0.008398
678 0.002869
679 -0.008398
680 0.002869
681 -0.008750
682 -0.008398
683 -0.008398
684 -0.008398
685 -0.008398
686 0.002517
687 -0.008398
688 0.002869
689 -0.008750
690 0.002869
691 -0.008398
692 0.002869
693 0.002869
694 0.002869
695 0.002869
696 -0.008750
697 0.002869
698 0.002869
699 -0.008046
700 0.003221
701 -0.008398
702 -0.008750
703 -0.008750
704 -0.008398
705 -0.008046
706 -0.008750
707 -0.008398
708 -0.008398
709 -0.008398
710 -0.008750
711 -0.008398
712 -0.008398
713 -0.008398
714 0.002869
715 0.002869
716 0.002869
717 -0.008750
718 0.002869
719 0.002869
720 0.002869
721 0.002869
722 0.002869
723 0.002517
724 -0.008398
725 0.002869
726 0.002869
727 0.002517
728 0.002869
729 -0.008398
730 0.002869
731 0.002517
732 -0.008398
733 -0.008398
734 -0.008398
735 -0.008046
736 0.002869
737 -0.008398
738 -0.008398
739 -0.008398
740 -0.008398
741 0.002869
742 -0.008750
743 -0.008398
744 -0.008398
745 -0.008046
746 0.003221
747 -0.008398
748 -0.008398
749 -0.008046
750 0.002869
751 0.002869
752 -0.008750
753 -0.008398
754 -0.008398
755 -0.008750
756 -0.008750
757 -0.008398
758 0.002869
759 0.002869
760 -0.008398
761 0.002869
762 0.002869
763 -0.008398
764 -0.008398
765 -0.008398
766 -0.008750
767 -0.008398
768 -0.008750
769 -0.008398
770 -0.008398
771 -0.008398
772 -0.008398
773 -0.008750
774 -0.008398
775 -0.008398
776 -0.008398
777 0.002517
778 -0.008750
779 -0.008750
780 -0.008750
781 -0.008398
782 -0.008750
783 -0.008398
784 -0.008750
785 -0.008398
786 -0.008398
787 -0.008398
788 -0.008398
789 -0.008398
790 -0.008398
791 0.002869
792 0.002869
793 0.002869
794 0.002869
795 0.002869
796 -0.008750
797 -0.008750
798 -0.008398
799 -0.008398
800 -0.008398
801 -0.008750
802 -0.008398
803 -0.008398
804 -0.008398
805 -0.008398
806 -0.008398
807 -0.008398
808 -0.008398
809 -0.008398
810 -0.008398
811 -0.008750
812 -0.008398
813 -0.008398
814 -0.008398
815 -0.008398
816 -0.008398
817 -0.008398
818 -0.008398
819 -0.008398
820 -0.008398
821 -0.008398
822 -0.008398
823 -0.008398
824 -0.008398
825 0.003221
826 0.002869
827 0.002517
828 0.002869
829 0.002869
830 -0.008398
831 -0.008398
832 0.002869
833 -0.008398
834 -0.008398
835 -0.008398
836 -0.008398
837 -0.008398
838 0.002869
839 -0.008398
840 -0.008398
841 -0.008398
842 -0.008398
843 -0.008398
844 -0.008398
845 -0.008398
846 -0.008398
847 -0.008750
848 -0.008398
849 0.002517
850 -0.008398
851 -0.008398
852 -0.008398
853 -0.008750
854 -0.008398
855 -0.008398
856 -0.008750
857 0.002869
858 -0.008750
859 0.002869
860 0.002869
861 0.002869
862 -0.008398
863 -0.008398
864 -0.008398
865 -0.008398
866 -0.008398
867 -0.008398
868 -0.008398
869 -0.008398
870 -0.008398
871 -0.008398
872 -0.008398
873 -0.008398
874 -0.008398
875 -0.008398
876 -0.008398
877 -0.008398
878 -0.008398
879 -0.008398
880 -0.008750
881 -0.008398
882 -0.008398
883 -0.008398
884 -0.008398
885 -0.008398
886 -0.008398
887 -0.008750
888 -0.008398
889 -0.008398
890 0.002869
891 -0.008398
892 0.002869
893 0.002869
894 0.002869
895 0.002869
896 -0.008398
897 -0.008398
898 -0.008398
899 -0.008750
900 -0.008046
901 -0.008398
902 -0.008398
903 -0.008398
904 -0.008750
905 -0.008398
906 -0.008398
907 -0.008398
908 -0.008398
909 -0.008398
910 -0.008750
911 -0.008398
912 -0.008398
913 -0.008398
914 -0.008398
915 -0.008398
916 -0.008398
917 -0.008398
918 -0.008398
919 -0.008398
920 -0.008398
921 -0.008750
922 -0.008750
923 -0.008398
924 -0.008398
925 -0.008398
926 -0.008750
927 0.002517
928 0.002869
929 -0.008398
930 -0.008750
931 -0.008398
932 -0.008398
933 -0.008398
934 -0.008398
935 -0.008398
936 -0.008046
937 -0.008398
938 -0.008398
939 -0.008750
940 -0.008398
941 -0.008398
942 -0.008398
943 -0.008398
944 -0.008398
945 -0.008398
946 -0.008398
947 -0.008398
948 -0.008398
949 -0.008398
950 -0.008398
951 -0.008398
952 0.002517
953 -0.008398
954 -0.008398
955 -0.008750
956 -0.008398
957 -0.008398
958 0.002869
959 -0.008398
960 0.002869
961 0.002517
962 0.002869
963 -0.008750
964 -0.008750
965 -0.008750
966 -0.008398
967 -0.008398
968 0.002869
969 -0.008398
970 -0.008750
971 -0.008398
972 -0.008398
973 -0.008398
974 -0.008398
975 -0.008398
976 -0.008398
977 0.002869
978 -0.008398
979 -0.008398
980 -0.008398
981 -0.008750
982 -0.008398
983 -0.008398
984 -0.008398
985 -0.008750
986 -0.008398
987 -0.008398
988 -0.008398
989 -0.008398
990 -0.008750
991 -0.008398
992 0.002517
993 0.002869
994 -0.008398
995 0.002869
996 -0.008398
997 -0.008398
998 -0.008398
999 -0.008398
1000 -0.008398
1001 0.002869
1002 -0.008398
1003 -0.008750
1004 -0.008398
1005 -0.008750
1006 -0.008750
1007 -0.008398
1008 -0.008398
1009 0.002869
1010 0.002869
1011 -0.008398
1012 0.002869
1013 -0.008750
1014 -0.008750
1015 -0.008398
1016 -0.008398
1017 0.002869
1018 -0.008750
1019 -0.008398
1020 0.002869
1021 0.002869
1022 -0.008398
1023 -0.008398
1024 -0.008398
1025 0.002869
1026 0.002517
1027 -0.008750
1028 0.002517
1029 0.002869
1030 -0.008398
1031 -0.008398
1032 -0.008398
1033 0.002869
1034 -0.008398
1035 -0.008398
1036 -0.008398
1037 -0.008046
1038 -0.008398
1039 -0.008398
1040 -0.008398
1041 0.002869
1042 -0.008398
1043 0.002869
1044 0.002869
1045 -0.008046
1046 -0.008398
1047 -0.008398
1048 0.002869
1049 0.002869
1050 0.002869
1051 -0.008398
1052 -0.008398
1053 -0.008398
1054 0.002869
1055 0.002869
1056 -0.008398
1057 -0.008398
1058 0.002869
1059 0.002869
1060 0.002869
1061 0.002869
1062 -0.008398
1063 -0.008398
1064 -0.008398
1065 -0.008750
1066 -0.008750
1067 -0.008398
1068 -0.008398
1069 -0.008398
1070 -0.008750
1071 -0.008398
1072 -0.008398
1073 -0.008750
1074 -0.008398
1075 -0.008750
1076 -0.008750
1077 -0.008750
1078 -0.008750
1079 -0.008750
1080 -0.008750
1081 0.002869
1082 -0.008750
1083 0.002869
1084 -0.008750
1085 -0.008750
1086 -0.008398
1087 -0.008750
1088 -0.008398
1089 0.002869
1090 -0.008398
1091 0.002869
1092 0.002869
1093 0.003221
1094 0.002869
1095 0.002517
1096 0.002869
1097 0.002869
1098 -0.008398
1099 0.002869
1100 -0.008750
1101 -0.008750
1102 -0.008398
1103 -0.008398
1104 -0.008398
1105 -0.008398
1106 0.002517
1107 0.002869
1108 0.002517
1109 -0.008398
1110 -0.008750
1111 0.002869
1112 0.002517
1113 0.002869
1114 0.002869
1115 -0.008398
1116 -0.008398
1117 -0.008398
1118 0.002869
1119 -0.008750
1120 -0.008398
1121 -0.008398
1122 -0.008398
1123 -0.008398
1124 -0.008398
1125 0.002869
1126 0.002869
1127 0.002869
1128 0.002869
1129 0.002869
1130 0.002869
1131 0.002869
1132 0.002869
1133 0.002869
1134 -0.008398
1135 -0.008398
1136 0.002869
1137 0.002869
1138 0.002869
1139 -0.008398
1140 -0.008398
1141 -0.008398
1142 -0.008398
1143 -0.008750
1144 0.002869
1145 -0.008398
1146 -0.008398
1147 -0.008750
1148 -0.008398
1149 -0.008398
1150 -0.008398
1151 0.002869
1152 0.002869
1153 -0.008398
1154 0.002869
1155 0.002869
1156 0.002869
1157 -0.008750
1158 0.002869
1159 0.002869
1160 0.002869
1161 0.002869
1162 0.002869
1163 -0.008398
1164 -0.008398
1165 -0.008750
1166 -0.008398
1167 -0.008398
1168 -0.008398
1169 -0.008398
1170 0.002869
1171 -0.008398
1172 0.002517
1173 -0.008398
1174 -0.008398
1175 -0.008398
1176 -0.008750
1177 0.002869
1178 -0.008398
1179 -0.008750
1180 -0.008398
1181 0.002869
1182 -0.008398
1183 -0.008398
1184 -0.008398
1185 -0.008398
1186 -0.008398
1187 0.002869
1188 -0.008398
1189 -0.008750
1190 -0.008398
1191 0.002869
1192 0.002517
1193 0.002869
1194 0.002869
1195 0.002869
1196 -0.008750
1197 -0.008750
1198 -0.008398
1199 -0.008398
1200 0.002869
1201 0.002869
1202 -0.008398
1203 -0.008398
1204 -0.008398
1205 -0.008398
1206 -0.008398
1207 -0.008398
1208 -0.008398
1209 -0.008750
1210 -0.008750
1211 -0.008398
1212 0.003221
1213 -0.008750
1214 -0.008398
1215 0.002869
1216 -0.008398
1217 -0.008398
1218 -0.008398
1219 -0.008398
1220 -0.008398
1221 -0.008398
1222 -0.008398
1223 -0.008398
1224 -0.008398
1225 0.002869
1226 -0.008398
1227 0.002869
1228 0.002869
1229 0.002869
1230 -0.008398
1231 -0.008398
1232 -0.008398
1233 0.002869
1234 -0.008398
1235 -0.008398
1236 -0.008398
1237 -0.008398
1238 0.002869
1239 0.002869
1240 0.002517
1241 -0.008398
1242 -0.008398
1243 -0.008046
1244 0.002869
1245 -0.008398
1246 -0.008398
1247 -0.008398
1248 -0.008398
1249 -0.008398
1250 -0.008398
1251 -0.008398
1252 -0.008750
1253 -0.008398
1254 -0.008398
1255 -0.008750
1256 -0.008398
1257 0.002517
1258 0.002869
1259 0.002517
1260 0.002869
1261 0.002869
1262 -0.008398
1263 -0.008398
1264 -0.008750
1265 -0.008750
1266 -0.008398
1267 -0.008398
1268 -0.008750
1269 -0.008398
1270 -0.008750
1271 -0.008750
1272 -0.008398
1273 -0.008398
1274 -0.008398
1275 -0.008398
1276 -0.008750
1277 -0.008398
1278 -0.008750
1279 -0.008398
1280 -0.008398
1281 -0.008398
1282 -0.008398
1283 -0.008398
1284 -0.008398
1285 -0.008398
1286 -0.008398
1287 -0.008398
1288 -0.008398
1289 -0.008398
1290 -0.008046
1291 -0.008398
1292 -0.008750
1293 0.002869
1294 0.002869
1295 0.002517
1296 -0.008750
1297 0.002869
1298 -0.008046
1299 -0.008398
1300 -0.008398
1301 -0.008398
1302 -0.008398
1303 -0.008398
1304 -0.008398
1305 -0.008398
1306 -0.008398
1307 -0.008398
1308 -0.008750
1309 -0.008398
1310 -0.008398
1311 -0.008398
1312 -0.008398
1313 -0.008750
1314 -0.008398
1315 -0.008750
1316 -0.008398
1317 -0.008398
1318 -0.008398
1319 -0.008750
1320 -0.008750
1321 0.002869
1322 -0.008398
1323 -0.008398
1324 -0.008398
1325 0.002517
1326 0.002869
1327 -0.008398
1328 0.002869
1329 -0.008398
1330 -0.008398
1331 0.002869
1332 -0.008398
1333 -0.008398
1334 -0.008046
1335 -0.008398
1336 -0.008398
1337 -0.008398
1338 -0.008398
1339 -0.008046
1340 0.002869
1341 -0.008398
1342 -0.008398
1343 -0.008398
1344 -0.008398
1345 -0.008398
1346 -0.008750
1347 -0.008750
1348 -0.008398
1349 -0.008398
1350 -0.008398
1351 -0.008398
1352 -0.008398
1353 -0.008398
1354 -0.008398
1355 -0.008398
1356 -0.008398
1357 -0.008750
1358 0.002869
1359 0.002517
1360 0.002869
1361 0.002517
1362 0.002869
1363 -0.008398
1364 -0.008398
1365 -0.008750
1366 -0.008398
1367 -0.008750
1368 -0.008398
1369 -0.008398
1370 -0.008750
1371 -0.008398
1372 0.002869
1373 -0.008398
1374 -0.008398
1375 -0.008398
1376 -0.008398
1377 -0.008398
1378 -0.008398
1379 -0.008398
1380 -0.008398
1381 -0.008398
1382 -0.008398
1383 -0.008398
1384 -0.008398
1385 -0.008398
1386 -0.008046
1387 -0.008750
1388 -0.008750
1389 -0.008398
1390 -0.008398
1391 -0.008398
1392 0.002869
1393 0.002869
1394 0.002869
1395 0.002869
1396 -0.008398
1397 -0.008750
1398 -0.008398
1399 -0.008398
1400 -0.008750
1401 -0.008398
1402 -0.008046
1403 -0.008398
1404 -0.008398
1405 -0.008398
1406 -0.008398
1407 -0.008046
1408 -0.008750
1409 -0.008398
1410 -0.008398
1411 -0.008398
1412 -0.008398
1413 -0.008398
1414 -0.008398
1415 -0.008398
1416 -0.008398
1417 -0.008398
1418 -0.008398
1419 -0.008750
1420 -0.008398
1421 -0.008750
1422 -0.008398
1423 -0.008750
1424 -0.008398
1425 -0.008398
1426 0.002869
1427 0.002869
1428 0.002517
1429 -0.008750
1430 -0.008750
1431 -0.008398
1432 -0.008398
1433 -0.008398
1434 -0.008046
1435 -0.008750
1436 -0.008398
1437 -0.008398
1438 -0.008398
1439 -0.008750
1440 -0.008398
1441 -0.008750
1442 -0.008750
1443 -0.008398
1444 -0.008398
1445 -0.008046
1446 -0.008398
1447 -0.008398
1448 -0.008750
1449 -0.008398
1450 -0.008398
1451 -0.008398
1452 0.002517
1453 -0.008398
1454 -0.008398
1455 -0.008398
1456 -0.008398
1457 -0.008398
1458 0.002869
1459 0.002869
1460 0.002869
1461 0.003221
1462 0.002869
1463 -0.008398
1464 -0.008398
1465 -0.008398
1466 -0.008750
1467 -0.008398
1468 -0.008398
1469 -0.008398
1470 -0.008398
1471 -0.008750
1472 -0.008398
1473 -0.008750
1474 -0.008750
1475 -0.008398
1476 -0.008398
1477 -0.008398
1478 -0.008398
1479 -0.008398
1480 -0.008398
1481 -0.008398
1482 -0.008750
1483 -0.008046
1484 -0.008398
1485 -0.008750
1486 -0.008398
1487 -0.008750
1488 -0.008398
1489 -0.008398
1490 -0.008398
1491 -0.008398
1492 0.002869
1493 0.002869
1494 0.002869
1495 0.002517
1496 -0.008398
1497 0.002869
1498 -0.008398
1499 -0.008398
1500 -0.008398
1501 0.002517
1502 0.002869
1503 -0.008750
1504 -0.008398
1505 -0.008750
1506 -0.008750
1507 -0.008398
1508 -0.008398
1509 -0.008398
1510 -0.008398
1511 0.002869
1512 0.002517
1513 -0.008046
1514 0.003221
1515 0.002517
1516 -0.008398
1517 -0.008398
1518 -0.008398
1519 0.002869
1520 -0.008398
1521 -0.008398
1522 -0.008398
1523 -0.008398
1524 -0.008750
1525 0.002869
1526 0.002869
1527 0.002869
1528 0.002869
1529 0.002869
1530 0.002869
1531 0.002517
1532 0.002869
1533 -0.008750
1534 -0.008398
1535 -0.008398
1536 -0.008398
1537 -0.008750
1538 -0.008398
1539 -0.008398
1540 -0.008750
1541 -0.008750
1542 -0.008750
1543 -0.008750
1544 -0.008398
1545 -0.008398
1546 -0.008398
1547 -0.008398
1548 -0.008398
1549 -0.008398
1550 -0.008398
1551 0.002517
1552 0.002869
1553 0.002517
1554 0.002869
1555 0.002869
1556 -0.008398
1557 -0.008398
1558 0.002517
1559 -0.008398
1560 0.002869
1561 0.002517
1562 0.002869
1563 -0.008398
1564 -0.008398
1565 0.002869
1566 -0.008046
1567 -0.008398
1568 -0.008398
1569 -0.008750
1570 -0.008398
1571 -0.008046
1572 -0.008398
1573 -0.008398
1574 -0.008398
1575 0.002869
1576 -0.008398
1577 0.002869
1578 0.002869
1579 -0.008398
1580 -0.008750
1581 -0.008398
1582 -0.008398
1583 -0.008398
1584 0.002869
1585 -0.008398
1586 -0.008398
1587 0.002869
1588 -0.008750
1589 -0.008398
1590 -0.008398
1591 -0.008398
1592 0.002869
1593 0.002869
1594 0.002517
1595 0.002869
1596 -0.008398
1597 -0.008398
1598 -0.008398
1599 -0.008398
1600 -0.008398
1601 -0.008750
1602 -0.008750
1603 -0.008398
1604 -0.008398
1605 -0.008398
1606 -0.008750
1607 0.002869
1608 -0.008398
1609 -0.008398
1610 -0.008750
1611 0.002869
1612 0.002869
1613 -0.008398
1614 -0.008398
1615 -0.008750
1616 0.002869
1617 0.002869
1618 0.002869
1619 0.002869
1620 0.002869
1621 -0.008398
1622 -0.008398
1623 -0.008398
1624 -0.008398
1625 0.002869
1626 0.002517
1627 0.002869
1628 0.002517
1629 -0.008398
1630 -0.008398
1631 0.002869
1632 -0.008398
1633 -0.008750
1634 -0.008750
1635 -0.008398
1636 -0.008398
1637 -0.008750
1638 0.002869
1639 -0.008398
1640 -0.008398
1641 -0.008398
1642 0.002869
1643 -0.008750
1644 -0.008398
1645 -0.008398
1646 -0.008398
1647 -0.008398
1648 0.002869
1649 -0.008398
1650 0.002869
1651 -0.008398
1652 -0.008398
1653 -0.008398
1654 -0.008398
1655 0.003221
1656 0.003221
1657 0.002869
1658 -0.008398
1659 0.002869
1660 0.003221
1661 0.002869
1662 0.002517
1663 -0.008398
1664 -0.008750
1665 -0.008750
1666 -0.008750
1667 -0.008398
1668 -0.008750
1669 0.002517
1670 -0.008398
1671 -0.008398
1672 -0.008398
1673 -0.008398
1674 -0.008398
1675 -0.008398
1676 -0.008398
1677 -0.008398
1678 -0.008398
1679 -0.008398
1680 -0.008398
1681 -0.008750
1682 -0.008398
1683 -0.008398
1684 -0.008750
1685 -0.008750
1686 -0.008398
1687 -0.008398
1688 -0.008398
1689 -0.008398
1690 -0.008750
1691 -0.008398
1692 0.002869
1693 0.002869
1694 0.002869
1695 0.002869
1696 -0.008398
1697 -0.008750
1698 -0.008750
1699 -0.008398
1700 -0.008046
1701 -0.008398
1702 -0.008398
1703 0.002869
1704 -0.008398
1705 -0.008398
1706 -0.008398
1707 -0.008398
1708 -0.008398
1709 -0.008398
1710 -0.008398
1711 -0.008398
1712 0.002869
1713 0.002869
1714 0.002869
1715 -0.008398
1716 -0.008398
1717 -0.008750
1718 -0.008398
1719 -0.008398
1720 -0.008398
1721 0.002517
1722 -0.008398
1723 -0.008750
1724 -0.008398
1725 -0.008398
1726 -0.008750
1727 -0.008398
1728 -0.008398
1729 -0.008750
1730 -0.008750
1731 -0.008398
1732 -0.008398
1733 -0.008398
1734 -0.008398
1735 -0.008398
1736 0.002869
1737 0.002869
1738 0.002869
1739 -0.008398
1740 -0.008750
1741 -0.008398
1742 -0.008398
1743 -0.008398
1744 -0.008398
1745 -0.008398
1746 -0.008398
1747 -0.008398
1748 -0.008398
1749 0.002869
1750 -0.008750
1751 -0.008398
1752 0.002869
1753 -0.008398
1754 -0.008398
1755 -0.008398
1756 -0.008398
1757 -0.008398
1758 -0.008398
1759 0.002869
1760 -0.008398
1761 -0.008750
1762 -0.008750
1763 -0.008398
1764 -0.008398
1765 -0.008398
1766 -0.008398
1767 -0.008398
1768 -0.008398
1769 -0.008398
1770 -0.008398
1771 -0.008398
1772 0.002869
1773 -0.008398
1774 -0.008398
1775 -0.008398
1776 -0.008398
1777 -0.008398
1778 0.002869
1779 -0.008398
1780 -0.008398
1781 0.002869
1782 -0.008398
1783 -0.008046
1784 -0.008750
1785 -0.008750
1786 -0.008398
1787 -0.008398
1788 -0.008398
1789 -0.008398
1790 -0.008046
1791 -0.008398
1792 -0.008750
1793 -0.008750
1794 -0.008750
1795 -0.008750
1796 -0.008750
1797 -0.008398
1798 -0.008398
1799 -0.008398
1800 -0.008398
1801 -0.008398
1802 -0.008398
1803 -0.008398
1804 -0.008750
1805 -0.008398
1806 -0.008046
1807 -0.008750
1808 -0.008398
1809 -0.008398
1810 -0.008398
1811 -0.008398
1812 -0.008398
1813 -0.008398
1814 -0.008398
1815 -0.008398
1816 -0.008750
1817 -0.008398
1818 -0.008398
1819 -0.008398
1820 -0.008398
1821 -0.008750
1822 -0.008398
1823 -0.008398
1824 -0.008398
1825 -0.008750
1826 -0.008750
1827 -0.008398
1828 -0.008398
1829 -0.008750
1830 -0.008750
1831 -0.008398
1832 0.002869
1833 -0.008398
1834 -0.008398
1835 -0.008398
1836 -0.008398
1837 -0.008750
1838 -0.008750
1839 -0.008398
1840 -0.008398
1841 -0.008398
1842 -0.008750
1843 -0.008398
1844 -0.008398
1845 -0.008398
1846 -0.008398
1847 -0.008398
1848 -0.008398
1849 -0.008398
1850 -0.008398
1851 -0.008398
1852 -0.008750
1853 -0.008750
1854 -0.008398
1855 -0.008398
1856 -0.008398
1857 -0.008750
1858 -0.008750
1859 -0.008398
1860 0.002517
1861 -0.008398
1862 -0.008398
1863 -0.008398
1864 -0.008398
1865 -0.008398
1866 -0.008398
1867 -0.008398
1868 -0.008398
1869 -0.008398
1870 -0.008398
1871 -0.008398
1872 -0.008398
1873 -0.008398
1874 -0.008398
1875 -0.008398
1876 -0.008398
1877 -0.008398
1878 -0.008398
1879 -0.008398
1880 -0.008398
1881 -0.008398
1882 -0.008398
1883 0.002869
1884 -0.008398
1885 -0.008398
1886 -0.008398
1887 -0.008750
1888 -0.008398
1889 -0.008750
1890 -0.008750
1891 -0.008750
1892 0.002517
1893 -0.008398
1894 0.002869
1895 0.002869
1896 -0.008398
1897 -0.008398
1898 -0.008398
1899 -0.008046
1900 -0.008398
1901 -0.008398
1902 -0.008398
1903 -0.008398
1904 -0.008398
1905 -0.008398
1906 -0.008398
1907 -0.008398
1908 -0.008398
1909 -0.008398
1910 -0.008398
1911 -0.008398
1912 -0.008398
1913 -0.008398
1914 -0.008398
1915 -0.008398
1916 -0.008398
1917 -0.008398
1918 -0.008398
1919 -0.008398
1920 -0.008750
1921 -0.008750
1922 -0.008398
1923 -0.008398
1924 -0.008398
1925 0.002869
1926 0.002869
1927 0.002869
1928 -0.008398
1929 -0.008398
1930 -0.008398
1931 -0.008398
1932 -0.008398
1933 -0.008398
1934 -0.008398
1935 -0.008398
1936 -0.008398
1937 -0.008398
1938 -0.008398
1939 -0.008398
1940 -0.008398
1941 -0.008398
1942 -0.008398
1943 -0.008750
1944 -0.008398
1945 -0.008398
1946 -0.008398
1947 -0.008398
1948 -0.008398
1949 -0.008398
1950 -0.008398
1951 -0.008398
1952 -0.008398
1953 -0.008750
1954 -0.008750
1955 -0.008398
1956 -0.008398
1957 -0.008750
1958 -0.008398
1959 -0.008398
1960 0.002869
1961 0.002869
1962 0.002869
1963 -0.008398
1964 -0.008398
1965 -0.008398
1966 -0.008046
1967 -0.008750
1968 -0.008398
1969 -0.008398
1970 -0.008398
1971 -0.008750
1972 -0.008398
1973 -0.008398
1974 -0.008750
1975 -0.008398
1976 -0.008398
1977 -0.008398
1978 -0.008398
1979 -0.008398
1980 -0.008398
1981 -0.008398
1982 -0.008750
1983 -0.008750
1984 -0.008398
1985 -0.008750
1986 -0.008398
1987 -0.008398
1988 -0.008398
1989 -0.008046
1990 -0.008398
1991 -0.008398
1992 0.002869
1993 0.002869
1994 0.002869
1995 0.002869
1996 -0.008750
1997 -0.008398
1998 -0.008398
1999 -0.008398
2000 -0.008398
2001 -0.008398
2002 -0.008398
2003 -0.008750
2004 -0.008398
2005 -0.008398
2006 -0.008398
2007 -0.008398
2008 -0.008398
2009 0.002869
2010 -0.008398
2011 0.002869
2012 -0.008398
2013 -0.008398
2014 -0.008398
2015 -0.008398
2016 -0.008398
2017 -0.008750
2018 -0.008750
2019 -0.008398
2020 -0.008398
2021 -0.008398
2022 -0.008398
2023 -0.008398
2024 -0.008398
2025 0.002517
2026 0.003221
2027 0.002517
2028 0.002869
2029 -0.008750
2030 -0.008398
2031 -0.008398
2032 -0.008750
2033 0.002869
2034 -0.008398
2035 -0.008398
2036 -0.008398
2037 -0.008398
2038 0.002869
2039 -0.008398
2040 -0.008398
2041 0.002869
2042 -0.008750
2043 0.002869
2044 -0.008398
2045 -0.008398
2046 -0.008398
2047 -0.008398
2048 -0.008398
2049 -0.008750
2050 -0.008046
2051 -0.008398
2052 0.002869
2053 -0.008046
2054 -0.008750
2055 -0.008398
2056 0.002869
2057 0.002869
2058 0.002869
2059 0.002869
2060 0.002869
2061 0.002869
2062 0.002869
2063 -0.008398
2064 -0.008398
2065 -0.008398
2066 0.002869
2067 -0.008398
2068 -0.008398
2069 0.002517
2070 -0.008398
2071 -0.008750
2072 0.002869
2073 -0.008398
2074 0.002869
2075 -0.008398
2076 -0.008398
2077 -0.008398
2078 0.002517
2079 -0.008398
2080 -0.008046
2081 -0.008750
2082 -0.008398
2083 -0.008398
2084 -0.008046
2085 -0.008750
2086 -0.008750
2087 -0.008750
2088 0.002517
2089 0.002869
2090 0.002869
2091 0.002869
2092 0.002869
2093 0.002869
2094 0.002869
2095 0.002869
2096 -0.008750
2097 0.003221
2098 -0.008398
2099 -0.008398
2100 -0.008398
2101 0.002869
2102 -0.008750
2103 -0.008750
2104 -0.008398
2105 -0.008398
2106 -0.008750
2107 -0.008398
2108 0.002869
2109 -0.008398
2110 -0.008750
2111 -0.008398
2112 -0.008398
2113 -0.008750
2114 -0.008398
2115 -0.008398
2116 -0.008398
2117 -0.008398
2118 -0.008398
2119 -0.008398
2120 -0.008398
2121 0.002517
2122 0.002869
2123 -0.008398
2124 -0.008750
2125 0.002517
2126 0.002869
2127 0.002517
2128 0.002869
2129 -0.008398
2130 0.002869
2131 -0.008398
2132 -0.008398
2133 -0.008398
2134 -0.008398
2135 -0.008398
2136 -0.008398
2137 0.002869
2138 -0.008046
2139 -0.008398
2140 -0.008398
2141 0.002869
2142 -0.008398
2143 -0.008398
2144 -0.008398
2145 -0.008750
2146 -0.008750
2147 -0.008750
2148 -0.008398
2149 -0.008398
2150 -0.008398
2151 -0.008398
2152 -0.008750
2153 0.002869
2154 0.002869
2155 0.002869
2156 -0.008398
2157 -0.008398
2158 0.002869
2159 0.002869
2160 0.002517
2161 0.002869
2162 0.002517
2163 -0.008398
2164 0.002869
2165 -0.008398
2166 -0.008398
2167 -0.008398
2168 0.002869
2169 -0.008398
2170 -0.008750
2171 0.003221
2172 0.002869
2173 -0.008750
2174 0.002869
2175 -0.008398
2176 -0.008750
2177 -0.008750
2178 -0.008398
2179 -0.008398
2180 0.002869
2181 -0.008398
2182 0.002869
2183 -0.008750
2184 -0.008398
2185 -0.008398
2186 -0.008750
2187 0.002869
2188 -0.008398
2189 0.002869
2190 -0.008398
2191 -0.008398
2192 0.002869
2193 0.002869
2194 0.003221
2195 0.002517
2196 -0.008398
2197 -0.008398
2198 -0.008398
2199 -0.008398
2200 0.002869
2201 -0.008398
2202 0.002869
2203 -0.008398
2204 -0.008398
2205 -0.008750
2206 -0.008398
2207 -0.008398
2208 -0.008398
2209 -0.008750
2210 -0.008046
2211 -0.008398
2212 -0.008398
2213 -0.008398
2214 -0.008398
2215 0.002869
2216 -0.008398
2217 0.002869
2218 0.003221
2219 -0.008398
2220 0.002869
2221 -0.008398
2222 -0.008398
2223 -0.008398
2224 -0.008398
2225 0.002869
2226 0.002869
2227 0.002869
2228 0.002869
2229 0.003221
2230 -0.008398
2231 -0.008398
2232 0.002517
2233 -0.008398
2234 -0.008398
2235 -0.008750
2236 -0.008398
2237 -0.008750
2238 0.002869
2239 -0.008750
2240 -0.008750
2241 -0.008750
2242 -0.008398
2243 -0.008398
2244 -0.008398
2245 -0.008398
2246 -0.008398
2247 -0.008398
2248 -0.008750
2249 -0.008398
2250 0.002869
2251 0.002869
2252 0.002869
2253 -0.008398
2254 -0.008398
2255 0.002869
2256 -0.008398
2257 -0.008398
2258 0.002869
2259 -0.008750
2260 0.002869
2261 0.002869
2262 -0.008398
2263 -0.008398
2264 -0.008398
2265 -0.008398
2266 -0.008398
2267 -0.008750
2268 -0.008398
2269 0.002869
2270 -0.008398
2271 -0.008398
2272 -0.008398
2273 -0.008750
2274 -0.008398
2275 -0.008398
2276 -0.008750
2277 -0.008398
2278 -0.008398
2279 -0.008398
2280 -0.008398
2281 -0.008398
2282 -0.008398
2283 -0.008398
2284 -0.008398
2285 -0.008750
2286 -0.008750
2287 -0.008398
2288 -0.008398
2289 -0.008750
2290 -0.008398
2291 -0.008398
2292 -0.008398
2293 -0.008750
2294 -0.008398
2295 -0.008398
2296 -0.008750
2297 -0.008750
2298 -0.008750
2299 -0.008398
2300 -0.008398
2301 -0.008398
2302 -0.008398
2303 -0.008750
2304 -0.008750
2305 -0.008398
2306 -0.008398
2307 -0.008750
2308 -0.008398
2309 -0.008046
2310 -0.008750
2311 -0.008398
2312 0.002869
2313 -0.008398
2314 -0.008398
2315 -0.008398
2316 -0.008398
2317 -0.008398
2318 -0.008398
2319 -0.008398
2320 -0.008046
2321 -0.008398
2322 -0.008398
2323 -0.008398
2324 -0.008398
2325 -0.008398
2326 0.002869
2327 -0.008398
2328 0.002869
2329 -0.008398
2330 -0.008398
2331 -0.008398
2332 0.002517
2333 -0.008398
2334 -0.008398
2335 -0.008750
2336 -0.008750
2337 -0.008398
2338 -0.008046
2339 -0.008398
2340 -0.008750
2341 -0.008398
2342 -0.008398
2343 -0.008398
2344 -0.008398
2345 -0.008398
2346 -0.008398
2347 -0.008398
2348 -0.008750
2349 -0.008398
2350 -0.008750
2351 -0.008398
2352 -0.008398
2353 -0.008398
2354 -0.008398
2355 -0.008398
2356 0.002869
2357 -0.008398
2358 -0.008398
2359 0.002869
2360 0.002869
2361 0.002869
2362 0.002869
2363 -0.008398
2364 -0.008046
2365 -0.008398
2366 -0.008398
2367 -0.008398
2368 0.002517
2369 -0.008046
2370 -0.008750
2371 -0.008398
2372 0.002869
2373 -0.008398
2374 -0.008398
2375 -0.008398
2376 -0.008750
2377 -0.008750
2378 0.002869
2379 -0.008398
2380 -0.008398
2381 -0.008398
2382 -0.008398
2383 -0.008398
2384 -0.008398
2385 -0.008398
2386 -0.008398
2387 -0.008398
2388 -0.008398
2389 -0.008398
2390 -0.008398
2391 -0.008398
2392 0.002869
2393 0.002869
2394 0.002869
2395 0.002869
2396 -0.008398
2397 0.002517
2398 -0.008398
2399 -0.008398
2400 -0.008398
2401 -0.008398
2402 -0.008398
2403 -0.008750
2404 -0.008398
2405 -0.008398
2406 -0.008398
2407 -0.008398
2408 -0.008750
2409 -0.008398
2410 -0.008398
2411 0.002869
2412 0.002869
2413 -0.008398
2414 -0.008750
2415 -0.008398
2416 -0.008398
2417 0.002869
2418 -0.008398
2419 -0.008398
2420 -0.008398
2421 -0.008398
2422 0.002869
2423 -0.008398
2424 -0.008398
2425 0.002869
2426 0.002869
2427 0.002869
2428 0.002517
2429 -0.008398
2430 -0.008750
2431 -0.008046
2432 -0.008398
2433 -0.008398
2434 -0.008398
2435 -0.008398
2436 -0.008398
2437 -0.008750
2438 -0.008398
2439 -0.008398
2440 -0.008750
2441 0.002869
2442 -0.008398
2443 -0.008398
2444 -0.008398
2445 -0.008398
2446 -0.008398
2447 -0.008398
2448 -0.008750
2449 0.002869
2450 -0.008398
2451 0.002869
2452 -0.008398
2453 -0.008398
2454 -0.008398
2455 -0.008398
2456 -0.008398
2457 -0.008398
2458 -0.008750
2459 0.002869
2460 0.002869
2461 0.002869
2462 0.003221
2463 -0.008398
2464 -0.008398
2465 -0.008398
2466 -0.008398
2467 -0.008398
2468 0.002869
2469 -0.008398
2470 -0.008398
2471 -0.008398
2472 0.002869
2473 -0.008398
2474 0.002869
2475 -0.008398
2476 -0.008398
2477 -0.008398
2478 -0.008046
2479 -0.008398
2480 -0.008398
2481 -0.008750
2482 0.002869
2483 -0.008398
2484 -0.008398
2485 -0.008398
2486 -0.008398
2487 -0.008398
2488 -0.008750
2489 -0.008398
2490 -0.008398
2491 0.002869
2492 0.002869
2493 0.002869
2494 0.003221
2495 0.002869
2496 -0.008398
2497 0.002869
2498 -0.008750
2499 -0.008398
2500 -0.008398
2501 -0.008398
2502 0.002869
2503 -0.008750
2504 -0.008398
2505 -0.008398
2506 -0.008398
2507 -0.008398
2508 -0.008398
2509 -0.008398
2510 -0.008750
2511 -0.008398
2512 0.002869
2513 -0.008398
2514 0.002517
2515 0.002869
2516 0.002869
2517 -0.008398
2518 0.002869
2519 -0.008398
2520 0.002869
2521 0.002869
2522 -0.008398
2523 -0.008398
2524 -0.008398
2525 0.002869
2526 0.002869
2527 0.002517
2528 0.002869
2529 -0.008398
2530 0.002869
2531 0.002869
2532 0.002869
2533 0.003221
2534 0.002869
2535 -0.008398
2536 0.002869
2537 0.002869
2538 -0.008398
2539 -0.008046
2540 -0.008398
2541 -0.008398
2542 0.002869
2543 -0.008750
2544 -0.008398
2545 -0.008398
2546 -0.008398
2547 -0.008398
2548 -0.008398
2549 -0.008398
2550 -0.008398
2551 -0.008398
2552 0.002869
2553 0.002869
2554 0.002517
2555 0.002869
2556 -0.008398
2557 -0.008750
2558 0.002869
2559 0.002869
2560 0.002869
2561 0.002517
2562 0.002869
2563 -0.008398
2564 -0.008398
2565 -0.008750
2566 -0.008398
2567 -0.008398
2568 0.002869
2569 0.002869
2570 0.002869
2571 -0.008750
2572 0.002869
2573 0.002869
2574 -0.008398
2575 0.002869
2576 0.002869
2577 0.002869
2578 0.002869
2579 -0.008398
2580 0.002869
2581 0.002869
2582 -0.008750
2583 -0.008750
2584 -0.008398
2585 -0.008398
2586 -0.008398
2587 -0.008750
2588 0.002869
2589 0.002869
2590 -0.008398
2591 -0.008398
2592 0.002869
2593 0.002869
2594 -0.008398
2595 0.002869
2596 -0.008750
2597 -0.008398
2598 0.002869
2599 -0.008398
2600 -0.008398
2601 0.002869
2602 -0.008398
2603 -0.008398
2604 -0.008046
2605 -0.008750
2606 -0.008398
2607 0.002869
2608 0.002869
2609 -0.008046
2610 -0.008398
2611 0.002869
2612 -0.008398
2613 0.002869
2614 -0.008398
2615 0.002869
2616 0.002869
2617 0.002517
2618 0.002869
2619 -0.008046
2620 0.002869
2621 0.002869
2622 -0.008398
2623 -0.008046
2624 -0.008398
2625 0.002517
2626 0.002517
2627 -0.008398
2628 0.002869
2629 0.002517
2630 0.002869
2631 0.002869
2632 0.002869
2633 -0.008750
2634 0.002869
2635 -0.008398
2636 0.002869
2637 -0.008398
2638 -0.008398
2639 -0.008398
2640 -0.008398
2641 -0.008398
2642 -0.008398
2643 -0.008398
2644 0.002869
2645 0.002869
2646 -0.008398
2647 -0.008398
2648 0.002517
2649 0.002869
2650 0.002869
2651 -0.008398
2652 0.002869
2653 -0.008398
2654 -0.008398
2655 0.002869
2656 0.002869
2657 -0.008398
2658 0.002869
2659 0.002869
2660 0.002869
2661 0.002869
2662 0.002869
2663 -0.008398
2664 -0.008398
2665 0.002869
2666 -0.008398
2667 -0.008750
2668 -0.008046
2669 0.002869
2670 -0.008398
2671 -0.008750
2672 0.002517
2673 0.002869
2674 -0.008398
2675 0.002869
2676 0.002869
2677 -0.008398
2678 0.002869
2679 0.002869
2680 -0.008398
2681 0.002869
2682 0.002869
2683 -0.008750
2684 -0.008398
2685 -0.008750
2686 -0.008398
2687 -0.008398
2688 -0.008750
2689 -0.008398
2690 -0.008398
2691 -0.008398
2692 0.002869
2693 0.002869
2694 -0.008398
2695 0.002869
2696 0.002869
2697 0.002517
2698 0.003221
2699 0.002869
2700 0.002517
2701 -0.008398
2702 -0.008398
2703 0.002517
2704 -0.008398
2705 -0.008398
2706 -0.008398
2707 -0.008398
2708 -0.008398
2709 -0.008398
2710 -0.008398
2711 0.002869
2712 -0.008398
2713 -0.008398
2714 0.002869
2715 -0.008398
2716 -0.008398
2717 -0.008750
2718 0.002517
2719 0.002869
2720 -0.008398
2721 0.002869
2722 0.002869
2723 -0.008398
2724 -0.008398
2725 0.002869
2726 0.002869
2727 0.002869
2728 0.002869
2729 0.002869
2730 0.002869
2731 0.002869
2732 0.002869
2733 0.002869
2734 0.002869
2735 -0.008398
2736 0.002869
2737 0.003221
2738 0.002869
2739 -0.008398
2740 -0.008398
2741 -0.008398
2742 -0.008398
2743 -0.008398
2744 0.002869
2745 -0.008398
2746 -0.008398
2747 -0.008750
2748 -0.008398
2749 -0.008398
2750 -0.008398
2751 -0.008398
2752 -0.008398
2753 -0.008398
2754 0.003221
2755 -0.008398
2756 -0.008398
2757 -0.008398
2758 0.002869
2759 0.002517
2760 0.002869
2761 0.002869
2762 0.002869
2763 -0.008398
2764 -0.008750
2765 -0.008398
2766 -0.008750
2767 -0.008750
2768 -0.008398
2769 -0.008398
2770 -0.008398
2771 0.002869
2772 -0.008398
2773 -0.008398
2774 -0.008750
2775 -0.008398
2776 -0.008398
2777 0.002869
2778 -0.008398
2779 -0.008398
2780 -0.008398
2781 -0.008398
2782 -0.008398
2783 -0.008750
2784 -0.008398
2785 -0.008398
2786 -0.008750
2787 -0.008398
2788 -0.008398
2789 -0.008398
2790 -0.008398
2791 -0.008750
2792 0.002869
2793 0.002869
2794 0.002517
2795 0.002869
2796 -0.008398
2797 -0.008398
2798 -0.008398
2799 -0.008398
2800 -0.008398
2801 0.002869
2802 -0.008398
2803 -0.008750
2804 -0.008398
2805 -0.008398
2806 -0.008398
2807 -0.008398
2808 -0.008046
2809 0.002517
2810 -0.008398
2811 -0.008398
2812 -0.008398
2813 -0.008398
2814 -0.008398
2815 -0.008750
2816 -0.008398
2817 0.002869
2818 0.002517
2819 -0.008398
2820 -0.008398
2821 -0.008750
2822 -0.008750
2823 -0.008398
2824 -0.008398
2825 0.002869
2826 0.002869
2827 0.002869
2828 0.002869
2829 0.002869
2830 -0.008398
2831 -0.008398
2832 0.002869
2833 0.002869
2834 0.002869
2835 -0.008398
2836 -0.008398
2837 -0.008398
2838 -0.008398
2839 -0.008398
2840 -0.008398
2841 -0.008398
2842 -0.008750
2843 -0.008398
2844 -0.008398
2845 -0.008398
2846 -0.008398
2847 -0.008398
2848 -0.008398
2849 -0.008398
2850 -0.008398
2851 -0.008398
2852 -0.008750
2853 -0.008398
2854 -0.008398
2855 -0.008398
2856 -0.008398
2857 0.002869
2858 0.002869
2859 0.002869
2860 0.002869
2861 0.002869
2862 -0.008398
2863 -0.008398
2864 -0.008398
2865 -0.008398
2866 -0.008398
2867 -0.008046
2868 -0.008398
2869 -0.008398
2870 -0.008046
2871 -0.008398
2872 -0.008398
2873 0.002869
2874 -0.008398
2875 -0.008398
2876 -0.008398
2877 -0.008398
2878 0.002517
2879 -0.008398
2880 -0.008750
2881 -0.008398
2882 -0.008750
2883 -0.008750
2884 -0.008398
2885 -0.008398
2886 -0.008398
2887 -0.008398
2888 -0.008398
2889 -0.008750
2890 -0.008750
2891 0.002869
2892 -0.008398
2893 -0.008398
2894 -0.008398
2895 -0.008398
2896 -0.008398
2897 -0.008398
2898 -0.008398
2899 -0.008398
2900 -0.008398
2901 -0.008750
2902 -0.008750
2903 -0.008750
2904 -0.008750
2905 -0.008750
2906 -0.008750
2907 -0.008398
2908 -0.008398
2909 -0.008750
2910 -0.008398
2911 -0.008398
2912 -0.008398
2913 0.002869
2914 -0.008398
2915 -0.008398
2916 -0.008398
2917 -0.008750
2918 0.002869
2919 -0.008398
2920 0.002517
2921 -0.008398
2922 -0.008398
2923 -0.008398
2924 -0.008398
2925 0.002869
2926 0.002869
2927 0.002869
2928 -0.008398
2929 -0.008398
2930 -0.008398
2931 -0.008046
2932 -0.008398
2933 -0.008398
2934 -0.008398
2935 -0.008398
2936 -0.008750
2937 -0.008750
2938 -0.008398
2939 -0.008398
2940 -0.008398
2941 -0.008398
2942 -0.008750
2943 -0.008750
2944 -0.008398
2945 -0.008398
2946 -0.008398
2947 -0.008398
2948 -0.008398
2949 -0.008398
2950 -0.008750
2951 -0.008398
2952 -0.008398
2953 0.002869
2954 -0.008398
2955 -0.008398
2956 -0.008398
2957 -0.008398
2958 0.002869
2959 0.002869
2960 0.002869
2961 0.002869
2962 -0.008398
2963 -0.008398
2964 -0.008046
2965 -0.008398
2966 -0.008398
2967 -0.008398
2968 -0.008398
2969 -0.008398
2970 -0.008398
2971 0.002869
2972 -0.008398
2973 -0.008398
2974 -0.008398
2975 -0.008046
2976 -0.008750
2977 -0.008750
2978 -0.008750
2979 -0.008398
2980 -0.008398
2981 -0.008398
2982 -0.008398
2983 0.002869
2984 -0.008398
2985 -0.008398
2986 -0.008398
2987 -0.008398
2988 -0.008398
2989 -0.008398
2990 -0.008750
2991 -0.008398
2992 0.002869
2993 0.002869
2994 0.002869
2995 -0.008398
2996 -0.008398
2997 -0.008398
2998 -0.008398
2999 -0.008398
3000 -0.008398
3001 -0.008750
3002 -0.008750
3003 -0.008750
3004 -0.008398
3005 -0.008398
3006 -0.008750
3007 -0.008398
3008 -0.008398
3009 -0.008398
3010 -0.008398
3011 0.002869
3012 0.002517
3013 -0.008398
3014 -0.008398
3015 -0.008398
3016 -0.008398
3017 0.002517
3018 0.002869
3019 -0.008398
3020 -0.008398
3021 -0.008398
3022 -0.008398
3023 -0.008398
3024 -0.008398
3025 0.002869
3026 0.002869
3027 0.002869
3028 0.002869
3029 0.002517
3030 -0.008398
3031 -0.008398
3032 0.002869
3033 0.002869
3034 0.002869
3035 -0.008398
3036 0.002869
3037 -0.008398
3038 0.002869
3039 0.002869
3040 -0.008398
3041 -0.008750
3042 -0.008398
3043 -0.008398
3044 -0.008750
3045 -0.008398
3046 -0.008750
3047 -0.008398
3048 -0.008750
3049 0.002869
3050 -0.008750
3051 -0.008398
3052 0.002869
3053 -0.008398
3054 -0.008398
3055 -0.008750
3056 -0.008398
3057 0.002517
3058 0.002869
3059 0.002869
3060 0.002869
3061 0.002869
3062 0.002869
3063 0.002869
3064 -0.008398
3065 -0.008398
3066 -0.008398
3067 -0.008398
3068 -0.008398
3069 0.002869
3070 -0.008398
3071 -0.008398
3072 -0.008398
3073 -0.008750
3074 -0.008750
3075 -0.008398
3076 0.002517
3077 -0.008398
3078 -0.008750
3079 0.002869
3080 0.002869
3081 -0.008398
3082 0.002869
3083 -0.008398
3084 -0.008398
3085 -0.008398
3086 -0.008398
3087 0.002869
3088 -0.008398
3089 -0.008398
3090 0.002517
3091 0.002869
3092 0.002869
3093 0.002869
3094 0.002869
3095 0.002869
3096 -0.008398
3097 0.002869
3098 -0.008750
3099 0.002869
3100 -0.008398
3101 0.002869
3102 0.002869
3103 -0.008398
3104 -0.008750
3105 -0.008398
3106 -0.008398
3107 -0.008398
3108 -0.008750
3109 -0.008398
3110 -0.008750
3111 -0.008398
3112 0.002869
3113 0.002869
3114 0.002869
3115 -0.008750
3116 -0.008398
3117 -0.008750
3118 -0.008750
3119 -0.008398
3120 0.002869
3121 0.002869
3122 0.002869
3123 -0.008398
3124 -0.008398
3125 0.002869
3126 0.002869
3127 0.002517
3128 0.002869
3129 -0.008398
3130 0.002869
3131 0.002517
3132 -0.008398
3133 -0.008398
3134 0.002869
3135 -0.008046
3136 -0.008398
3137 -0.008750
3138 -0.008046
3139 -0.008398
3140 0.002869
3141 -0.008750
3142 -0.008750
3143 -0.008398
3144 -0.008398
3145 -0.008398
3146 -0.008398
3147 -0.008046
3148 -0.008750
3149 -0.008398
3150 -0.008398
3151 -0.008398
3152 -0.008398
3153 0.002869
3154 -0.008398
3155 0.002517
3156 0.002869
3157 -0.008398
3158 0.002869
3159 0.002517
3160 0.003221
3161 0.002869
3162 0.002869
3163 -0.008398
3164 -0.008398
3165 -0.008398
3166 -0.008398
3167 -0.008398
3168 -0.008750
3169 -0.008750
3170 -0.008750
3171 -0.008398
3172 -0.008398
3173 -0.008398
3174 -0.008398
3175 0.002869
3176 -0.008398
3177 0.002869
3178 0.002869
3179 0.002869
3180 -0.008398
3181 -0.008398
3182 -0.008750
3183 -0.008750
3184 -0.008398
3185 -0.008398
3186 -0.008398
3187 -0.008398
3188 -0.008398
3189 -0.008398
3190 -0.008046
3191 -0.008398
3192 0.002517
3193 0.002869
3194 0.002869
3195 0.002517
3196 -0.008398
3197 -0.008398
3198 0.002869
3199 -0.008398
3200 -0.008398
3201 -0.008750
3202 -0.008750
3203 -0.008750
3204 -0.008046
3205 -0.008398
3206 -0.008398
3207 -0.008398
3208 0.002869
3209 -0.008398
3210 -0.008398
3211 0.002869
3212 -0.008398
3213 0.002869
3214 -0.008398
3215 -0.008398
3216 -0.008398
3217 0.002869
3218 0.002869
3219 0.002869
3220 -0.008398
3221 -0.008398
3222 -0.008398
3223 -0.008398
3224 -0.008398
3225 0.002869
3226 0.002869
3227 0.002869
3228 0.002869
3229 0.002869
3230 -0.008398
3231 -0.008398
3232 0.002869
3233 0.002869
3234 -0.008398
3235 -0.008398
3236 0.002869
3237 -0.008398
3238 -0.008750
3239 0.002869
3240 0.002869
3241 -0.008398
3242 0.002869
3243 -0.008398
3244 -0.008398
3245 -0.008398
3246 0.002869
3247 -0.008398
3248 -0.008398
3249 -0.008398
3250 -0.008398
3251 -0.008398
3252 -0.008750
3253 -0.008750
3254 -0.008398
3255 -0.008398
3256 -0.008398
3257 -0.008398
3258 -0.008398
3259 0.002869
3260 0.002869
3261 0.002869
3262 0.002869
3263 -0.008398
3264 -0.008398
3265 -0.008750
3266 -0.008750
3267 -0.008750
3268 -0.008398
3269 -0.008398
3270 -0.008750
3271 -0.008398
3272 -0.008398
3273 -0.008750
3274 -0.008398
3275 -0.008398
3276 -0.008398
3277 -0.008398
3278 -0.008398
3279 -0.008398
3280 -0.008750
3281 -0.008398
3282 -0.008398
3283 -0.008398
3284 -0.008750
3285 -0.008750
3286 -0.008398
3287 -0.008398
3288 -0.008398
3289 -0.008398
3290 -0.008398
3291 -0.008398
3292 0.002869
3293 0.002869
3294 0.002869
3295 -0.008398
3296 -0.008398
3297 -0.008398
3298 -0.008398
3299 -0.008398
3300 -0.008398
3301 -0.008398
3302 -0.008398
3303 -0.008398
3304 -0.008750
3305 -0.008398
3306 -0.008750
3307 -0.008398
3308 -0.008398
3309 -0.008398
3310 -0.008398
3311 -0.008398
3312 0.002869
3313 -0.008398
3314 -0.008046
3315 -0.008398
3316 -0.008398
3317 -0.008398
3318 -0.008750
3319 -0.008398
3320 -0.008750
3321 0.002869
3322 -0.008398
3323 -0.008398
3324 -0.008398
3325 0.002869
3326 0.002869
3327 -0.008398
3328 -0.008398
3329 -0.008750
3330 -0.008750
3331 -0.008398
3332 -0.008398
3333 -0.008398
3334 -0.008398
3335 -0.008750
3336 -0.008398
3337 -0.008398
3338 -0.008398
3339 -0.008398
3340 -0.008398
3341 -0.008046
3342 -0.008750
3343 -0.008398
3344 -0.008398
3345 -0.008750
3346 -0.008398
3347 -0.008398
3348 -0.008398
3349 -0.008750
3350 -0.008750
3351 -0.008398
3352 -0.008750
3353 -0.008398
3354 -0.008398
3355 -0.008398
3356 -0.008398
3357 -0.008398
3358 0.002869
3359 0.002869
3360 -0.008398
3361 -0.008750
3362 -0.008398
3363 -0.008398
3364 -0.008750
3365 -0.008398
3366 -0.008398
3367 -0.008750
3368 -0.008398
3369 -0.008750
3370 -0.008398
3371 -0.008750
3372 0.002869
3373 -0.008750
3374 -0.008398
3375 -0.008398
3376 -0.008398
3377 -0.008398
3378 -0.008398
3379 -0.008398
3380 -0.008398
3381 -0.008398
3382 -0.008398
3383 -0.008750
3384 -0.008398
3385 -0.008750
3386 -0.008398
3387 -0.008398
3388 -0.008398
3389 -0.008398
3390 -0.008398
3391 -0.008046
3392 -0.008398
3393 -0.008750
3394 0.002517
3395 0.002869
3396 -0.008750
3397 -0.008398
3398 -0.008398
3399 -0.008398
3400 -0.008398
3401 0.002869
3402 0.002869
3403 -0.008750
3404 -0.008398
3405 -0.008750
3406 -0.008750
3407 -0.008398
3408 -0.008750
3409 -0.008750
3410 -0.008750
3411 -0.008398
3412 0.002869
3413 -0.008750
3414 -0.008398
3415 -0.008398
3416 -0.008750
3417 -0.008398
3418 -0.008046
3419 -0.008398
3420 -0.008398
3421 -0.008750
3422 -0.008398
3423 -0.008398
3424 -0.008398
3425 -0.008398
3426 -0.008398
3427 -0.008750
3428 -0.008398
3429 -0.008750
3430 -0.008750
3431 -0.008398
3432 0.002869
3433 -0.008398
3434 -0.008398
3435 -0.008398
3436 -0.008398
3437 -0.008398
3438 -0.008398
3439 0.002517
3440 -0.008398
3441 -0.008398
3442 -0.008398
3443 -0.008750
3444 -0.008398
3445 -0.008398
3446 -0.008750
3447 -0.008398
3448 -0.008398
3449 -0.008398
3450 -0.008046
3451 -0.008398
3452 -0.008750
3453 -0.008046
3454 -0.008398
3455 -0.008398
3456 -0.008398
3457 -0.008750
3458 -0.008750
3459 -0.008398
3460 0.002517
3461 -0.008398
3462 -0.008398
3463 -0.008398
3464 -0.008398
3465 -0.008398
3466 -0.008398
3467 -0.008398
3468 -0.008398
3469 -0.008398
3470 -0.008398
3471 -0.008398
3472 -0.008398
3473 -0.008046
3474 -0.008398
3475 -0.008398
3476 -0.008398
3477 -0.008398
3478 -0.008398
3479 -0.008398
3480 -0.008398
3481 0.002869
3482 -0.008398
3483 -0.008398
3484 -0.008398
3485 -0.008398
3486 -0.008398
3487 -0.008398
3488 -0.008398
3489 -0.008750
3490 -0.008750
3491 -0.008398
3492 0.002869
3493 0.002517
3494 0.002869
3495 0.002869
3496 -0.008398
3497 -0.008398
3498 -0.008398
3499 -0.008398
3500 -0.008398
3501 -0.008750
3502 -0.008398
3503 -0.008398
3504 -0.008398
3505 -0.008398
3506 -0.008398
3507 -0.008398
3508 -0.008398
3509 -0.008750
3510 -0.008398
3511 -0.008750
3512 -0.008750
3513 -0.008750
3514 -0.008750
3515 -0.008750
3516 -0.008398
3517 -0.008398
3518 0.002869
3519 -0.008398
3520 -0.008398
3521 -0.008398
3522 -0.008398
3523 -0.008398
3524 -0.008398
3525 0.002869
3526 -0.008398
3527 0.003221
3528 0.002869
3529 -0.008398
3530 -0.008398
3531 0.003221
3532 0.002869
3533 -0.008398
3534 -0.008398
3535 -0.008398
3536 -0.008398
3537 0.002869
3538 0.002869
3539 -0.008398
3540 -0.008046
3541 -0.008398
3542 -0.008398
3543 -0.008398
3544 -0.008398
3545 -0.008398
3546 -0.008398
3547 -0.008750
3548 -0.008398
3549 -0.008398
3550 -0.008046
3551 -0.008398
3552 -0.008398
3553 -0.008750
3554 -0.008750
3555 -0.008398
3556 -0.008398
3557 -0.008750
3558 -0.008398
3559 -0.008398
3560 0.002869
3561 0.002869
3562 0.002869
3563 -0.008398
3564 -0.008398
3565 -0.008398
3566 -0.008398
3567 -0.008398
3568 0.002869
3569 -0.008398
3570 0.002869
3571 -0.008398
3572 0.002869
3573 -0.008398
3574 -0.008750
3575 -0.008398
3576 0.002869
3577 0.002869
3578 0.002869
3579 -0.008398
3580 -0.008398
3581 0.002517
3582 0.002869
3583 -0.008750
3584 -0.008398
3585 -0.008750
3586 -0.008750
3587 -0.008750
3588 -0.008398
3589 -0.008398
3590 -0.008398
3591 0.002869
3592 0.003221
3593 0.002869
3594 0.002869
3595 0.002869
3596 0.003221
3597 -0.008398
3598 -0.008398
3599 -0.008398
3600 0.002869
3601 -0.008398
3602 -0.008398
3603 -0.008398
3604 0.002869
3605 -0.008046
3606 -0.008398
3607 -0.008398
3608 -0.008750
3609 -0.008398
3610 0.002869
3611 0.002869
3612 0.002869
3613 -0.008398
3614 -0.008046
3615 0.002869
3616 -0.008398
3617 -0.008750
3618 -0.008750
3619 0.002869
3620 -0.008398
3621 -0.008398
3622 -0.008398
3623 -0.008398
3624 -0.008398
3625 0.002869
3626 0.002869
3627 -0.008750
3628 0.002517
3629 -0.008398
3630 -0.008398
3631 -0.008398
3632 -0.008398
3633 0.002869
3634 -0.008398
3635 -0.008398
3636 0.002869
3637 -0.008398
3638 0.002869
3639 0.002869
3640 0.002869
3641 0.002869
3642 0.002869
3643 -0.008398
3644 -0.008398
3645 -0.008398
3646 -0.008398
3647 -0.008398
3648 0.002869
3649 0.002869
3650 -0.008398
3651 -0.008750
3652 -0.008398
3653 -0.008046
3654 -0.008398
3655 -0.008398
3656 -0.008398
3657 -0.008398
3658 -0.008750
3659 0.002869
3660 0.002517
3661 0.002869
3662 0.002869
3663 -0.008398
3664 -0.008398
3665 -0.008398
3666 -0.008398
3667 -0.008398
3668 -0.008398
3669 0.003221
3670 -0.008398
3671 -0.008398
3672 0.002869
3673 0.002869
3674 0.002869
3675 -0.008398
3676 -0.008750
3677 -0.008398
3678 -0.008398
3679 0.002869
3680 -0.008398
3681 0.002869
3682 -0.008398
3683 -0.008398
3684 -0.008398
3685 -0.008750
3686 -0.008398
3687 -0.008398
3688 -0.008398
3689 -0.008398
3690 -0.008398
3691 0.002869
3692 0.002869
3693 0.002869
3694 0.002869
3695 0.002517
3696 -0.008750
3697 0.002869
3698 0.002869
3699 0.002517
3700 -0.008398
3701 0.002869
3702 0.002869
3703 0.002869
3704 -0.008398
3705 -0.008398
3706 -0.008398
3707 0.002517
3708 -0.008750
3709 0.002869
3710 -0.008398
3711 0.002517
3712 0.002869
3713 -0.008398
3714 0.002869
3715 0.002869
3716 0.002869
3717 -0.008398
3718 -0.008398
3719 -0.008398
3720 0.002869
3721 0.002869
3722 0.002869
3723 -0.008398
3724 -0.008750
3725 0.002869
3726 0.002869
3727 0.002869
3728 -0.008398
3729 0.002869
3730 0.003221
3731 0.002869
3732 0.002869
3733 -0.008750
3734 -0.008398
3735 -0.008398
3736 0.002869
3737 0.003221
3738 -0.008398
3739 0.002869
3740 -0.008398
3741 -0.008398
3742 -0.008398
3743 -0.008398
3744 -0.008398
3745 -0.008398
3746 -0.008046
3747 -0.008398
3748 -0.008398
3749 0.002517
3750 -0.008398
3751 0.002869
3752 -0.008398
3753 0.002869
3754 -0.008398
3755 -0.008398
3756 -0.008398
3757 -0.008398
3758 -0.008398
3759 -0.008398
3760 0.002869
3761 0.002869
3762 0.002869
3763 -0.008398
3764 -0.008398
3765 -0.008398
3766 -0.008046
3767 -0.008398
3768 -0.008398
3769 -0.008398
3770 -0.008398
3771 -0.008398
3772 -0.008398
3773 -0.008398
3774 -0.008398
3775 -0.008398
3776 -0.008750
3777 -0.008398
3778 -0.008398
3779 -0.008398
3780 -0.008398
3781 -0.008398
3782 -0.008398
3783 -0.008046
3784 -0.008398
3785 -0.008398
3786 -0.008398
3787 -0.008398
3788 -0.008398
3789 -0.008398
3790 -0.008398
3791 -0.008398
3792 0.002869
3793 0.002869
3794 0.002869
3795 0.002869
3796 -0.008398
3797 -0.008398
3798 -0.008398
3799 -0.008398
3800 -0.008398
3801 -0.008398
3802 -0.008750
3803 -0.008398
3804 -0.008398
3805 -0.008398
3806 -0.008398
3807 -0.008398
3808 -0.008398
3809 -0.008398
3810 0.002869
3811 -0.008398
3812 0.002869
3813 -0.008750
3814 -0.008398
3815 -0.008398
3816 -0.008398
3817 -0.008750
3818 -0.008398
3819 -0.008398
3820 -0.008398
3821 -0.008398
3822 -0.008398
3823 -0.008046
3824 -0.008750
3825 0.002869
3826 0.002869
3827 0.002869
3828 0.002869
3829 -0.008398
3830 -0.008750
3831 -0.008398
3832 -0.008398
3833 -0.008398
3834 -0.008398
3835 -0.008398
3836 -0.008398
3837 -0.008046
3838 -0.008750
3839 -0.008398
3840 -0.008750
3841 -0.008750
3842 -0.008750
3843 -0.008046
3844 -0.008398
3845 -0.008398
3846 -0.008398
3847 -0.008398
3848 -0.008398
3849 -0.008398
3850 -0.008750
3851 -0.008398
3852 -0.008398
3853 -0.008398
3854 -0.008398
3855 -0.008398
3856 -0.008398
3857 -0.008398
3858 -0.008046
3859 -0.008046
3860 -0.008398
3861 -0.008398
3862 -0.008398
3863 -0.008398
3864 -0.008398
3865 -0.008398
3866 -0.008398
3867 -0.008398
3868 -0.008398
3869 -0.008398
3870 -0.008398
3871 -0.008750
3872 -0.008398
3873 -0.008750
3874 -0.008750
3875 -0.008398
3876 -0.008398
3877 -0.008750
3878 -0.008398
3879 -0.008398
3880 -0.008398
3881 0.002869
3882 -0.008398
3883 -0.008398
3884 -0.008398
3885 -0.008750
3886 -0.008398
3887 -0.008398
3888 -0.008398
3889 -0.008046
3890 -0.008750
3891 -0.008398
3892 0.002869
3893 0.002869
3894 -0.008398
3895 0.002869
3896 -0.008398
3897 -0.008398
3898 -0.008398
3899 -0.008398
3900 -0.008398
3901 -0.008750
3902 -0.008398
3903 -0.008398
3904 -0.008398
3905 -0.008750
3906 -0.008398
3907 -0.008398
3908 -0.008398
3909 -0.008398
3910 -0.008398
3911 -0.008398
3912 -0.008398
3913 -0.008398
3914 -0.008398
3915 -0.008750
3916 -0.008398
3917 -0.008398
3918 -0.008398
3919 -0.008398
3920 -0.008398
3921 0.002869
3922 -0.008398
3923 -0.008750
3924 -0.008398
3925 0.002517
3926 0.002869
3927 -0.008398
3928 0.002869
3929 -0.008750
3930 -0.008398
3931 -0.008398
3932 -0.008398
3933 -0.008750
3934 -0.008398
3935 -0.008398
3936 -0.008398
3937 -0.008398
3938 -0.008398
3939 -0.008398
3940 -0.008398
3941 -0.008398
3942 -0.008398
3943 -0.008398
3944 -0.008750
3945 -0.008398
3946 -0.008750
3947 -0.008398
3948 -0.008398
3949 -0.008398
3950 -0.008398
3951 -0.008398
3952 -0.008750
3953 -0.008398
3954 -0.008750
3955 -0.008398
3956 -0.008398
3957 -0.008046
3958 -0.008398
3959 0.002517
3960 -0.008398
3961 -0.008398
3962 -0.008398
3963 -0.008398
3964 -0.008750
3965 -0.008398
3966 -0.008398
3967 -0.008398
3968 -0.008398
3969 -0.008750
3970 -0.008750
3971 -0.008398
3972 -0.008398
3973 -0.008398
3974 -0.008398
3975 -0.008398
3976 -0.008750
3977 -0.008398
3978 0.002869
3979 -0.008398
3980 -0.008046
3981 -0.008750
3982 -0.008398
3983 -0.008750
3984 -0.008398
3985 -0.008750
3986 -0.008398
3987 -0.008398
3988 -0.008398
3989 -0.008398
3990 -0.008398
3991 -0.008398
3992 0.002869
3993 0.002517
3994 0.002869
3995 0.002869
3996 -0.008398
3997 -0.008398
3998 -0.008398
3999 -0.008750
4000 -0.008398
4001 -0.008398
4002 0.002869
4003 -0.008398
4004 -0.008398
4005 -0.008398
4006 -0.008398
4007 -0.008398
4008 -0.008398
4009 -0.008398
4010 -0.008398
4011 -0.008398
4012 0.002869
4013 -0.008750
4014 -0.008398
4015 -0.008398
4016 -0.008398
4017 0.002869
4018 0.002869
4019 0.002869
4020 -0.008398
4021 -0.008750
4022 -0.008398
4023 -0.008398
4024 -0.008398
4025 0.002869
4026 0.002517
4027 0.002869
4028 0.002869
4029 0.002869
4030 -0.008398
4031 -0.008398
4032 -0.008398
4033 -0.008750
4034 -0.008398
4035 -0.008398
4036 0.002869
4037 -0.008398
4038 -0.008398
4039 -0.008398
4040 -0.008398
4041 -0.008398
4042 -0.008398
4043 -0.008750
4044 -0.008398
4045 -0.008046
4046 -0.008398
4047 -0.008750
4048 -0.008398
4049 -0.008398
4050 -0.008398
4051 -0.008750
4052 0.002869
4053 -0.008398
4054 -0.008398
4055 0.002869
4056 0.002869
4057 0.002869
4058 0.002869
4059 0.002869
4060 0.002869
4061 -0.008046
4062 -0.008398
4063 -0.008398
4064 -0.008398
4065 -0.008750
4066 -0.008750
4067 -0.008398
4068 -0.008398
4069 -0.008750
4070 -0.008398
4071 -0.008398
4072 0.002517
4073 -0.008750
4074 -0.008398
4075 -0.008398
4076 0.002869
4077 -0.008398
4078 -0.008398
4079 0.002869
4080 -0.008398
4081 -0.008398
4082 -0.008398
4083 -0.008398
4084 -0.008398
4085 -0.008398
4086 -0.008398
4087 -0.008750
4088 -0.008398
4089 0.002869
4090 0.002869
4091 -0.008398
4092 0.002869
4093 0.002869
4094 0.002869
4095 0.002869
4096 -0.008398
4097 -0.008750
4098 -0.008046
4099 -0.008750
4100 -0.008398
4101 -0.008398
4102 -0.008398
4103 -0.008046
4104 -0.008398
4105 -0.008398
4106 -0.008750
4107 -0.008398
4108 -0.008398
4109 -0.008398
4110 -0.008398
4111 -0.008750
4112 -0.008750
4113 -0.008398
4114 -0.008398
4115 -0.008398
4116 -0.008398
4117 -0.008398
4118 -0.008750
4119 -0.008398
4120 -0.008398
4121 -0.008398
4122 -0.008398
4123 -0.008750
4124 -0.008750
4125 -0.008398
4126 -0.008398
4127 -0.008398
4128 -0.008398
4129 -0.008750
4130 -0.008046
4131 -0.008398
4132 0.002517
4133 -0.008398
4134 -0.008398
4135 -0.008750
4136 -0.008398
4137 0.002869
4138 0.002517
4139 -0.008398
4140 -0.008398
4141 -0.008750
4142 -0.008398
4143 -0.008398
4144 -0.008398
4145 -0.008398
4146 -0.008398
4147 -0.008398
4148 -0.008398
4149 0.002869
4150 -0.008398
4151 -0.008750
4152 0.002869
4153 0.002869
4154 -0.008398
4155 0.002517
4156 -0.008398
4157 0.002869
4158 -0.008398
4159 0.002869
4160 0.002869
4161 0.002869
4162 -0.008398
4163 -0.008398
4164 -0.008398
4165 -0.008398
4166 -0.008398
4167 0.002869
4168 -0.008398
4169 -0.008750
4170 -0.008398
4171 0.002517
4172 0.002517
4173 -0.008750
4174 -0.008398
4175 -0.008398
4176 -0.008398
4177 0.002869
4178 -0.008398
4179 -0.008046
4180 -0.008398
4181 0.002869
4182 -0.008398
4183 -0.008398
4184 -0.008398
4185 -0.008398
4186 -0.008046
4187 -0.008398
4188 -0.008398
4189 -0.008398
4190 0.003221
4191 -0.008398
4192 -0.008046
4193 -0.008046
4194 -0.008398
4195 0.002869
4196 -0.008398
4197 -0.008398
4198 -0.008398
4199 -0.008398
4200 0.002869
4201 0.002869
4202 -0.008398
4203 0.002517
4204 -0.008750
4205 -0.008398
4206 -0.008398
4207 -0.008398
4208 -0.008398
4209 -0.008398
4210 0.002869
4211 -0.008398
4212 -0.008398
4213 -0.008398
4214 -0.008750
4215 0.002869
4216 0.002517
4217 0.002869
4218 0.002869
4219 -0.008398
4220 -0.008398
4221 -0.008398
4222 -0.008398
4223 -0.008750
4224 -0.008750
4225 -0.008750
4226 -0.008398
4227 -0.008398
4228 0.002869
4229 -0.008398
4230 -0.008398
4231 -0.008398
4232 -0.008398
4233 0.002869
4234 0.002869
4235 -0.008750
4236 -0.008398
4237 -0.008046
4238 -0.008398
4239 0.002869
4240 -0.008398
4241 -0.008398
4242 -0.008398
4243 0.002869
4244 -0.008398
4245 -0.008398
4246 -0.008398
4247 -0.008398
4248 0.002869
4249 0.002869
4250 0.002869
4251 0.002869
4252 -0.008398
4253 -0.008398
4254 -0.008398
4255 -0.008750
4256 -0.008750
4257 -0.008750
4258 -0.008750
4259 0.002869
4260 -0.008398
4261 0.002869
4262 -0.008398
4263 -0.008398
4264 -0.008750
4265 -0.008750
4266 -0.008750
4267 -0.008398
4268 -0.008750
4269 -0.008398
4270 -0.008398
4271 -0.008398
4272 0.002869
4273 0.002869
4274 -0.008750
4275 -0.008398
4276 -0.008398
4277 -0.008398
4278 -0.008750
4279 0.002869
4280 -0.008398
4281 -0.008398
4282 -0.008398
4283 -0.008398
4284 -0.008398
4285 -0.008398
4286 -0.008398
4287 -0.008398
4288 -0.008398
4289 -0.008398
4290 -0.008398
4291 0.002869
4292 0.002869
4293 -0.008750
4294 -0.008750
4295 0.002869
4296 -0.008398
4297 -0.008398
4298 0.002869
4299 0.002869
4300 -0.008398
4301 -0.008398
4302 -0.008398
4303 -0.008398
4304 -0.008398
4305 -0.008398
4306 -0.008398
4307 -0.008398
4308 -0.008398
4309 -0.008750
4310 -0.008398
4311 -0.008046
4312 -0.008398
4313 -0.008398
4314 -0.008398
4315 -0.008398
4316 -0.008398
4317 -0.008398
4318 -0.008398
4319 -0.008398
4320 -0.008398
4321 0.002869
4322 -0.008398
4323 -0.008398
4324 -0.008398
4325 0.002869
4326 0.002517
4327 0.002869
4328 0.002869
4329 0.002517
4330 -0.008398
4331 -0.008398
4332 0.002869
4333 -0.008398
4334 -0.008398
4335 -0.008398
4336 -0.008398
4337 0.002869
4338 -0.008398
4339 -0.008398
4340 -0.008398
4341 -0.008398
4342 0.002869
4343 -0.008750
4344 -0.008398
4345 -0.008398
4346 -0.008398
4347 -0.008398
4348 -0.008398
4349 -0.008398
4350 -0.008398
4351 -0.008398
4352 0.002869
4353 -0.008398
4354 -0.008750
4355 0.002869
4356 -0.008398
4357 -0.008398
4358 -0.008398
4359 0.002869
4360 0.003221
4361 0.002869
4362 0.002869
4363 -0.008398
4364 -0.008750
4365 -0.008750
4366 -0.008398
4367 -0.008750
4368 -0.008750
4369 -0.008398
4370 -0.008398
4371 -0.008398
4372 -0.008398
4373 -0.008750
4374 -0.008398
4375 -0.008398
4376 -0.008398
4377 -0.008398
4378 -0.008750
4379 0.002869
4380 -0.008398
4381 -0.008398
4382 -0.008398
4383 -0.008398
4384 -0.008046
4385 -0.008750
4386 -0.008398
4387 0.002869
4388 -0.008398
4389 -0.008398
4390 -0.008398
4391 -0.008398
4392 0.002869
4393 0.002869
4394 0.002869
4395 0.002869
4396 -0.008398
4397 -0.008398
4398 -0.008398
4399 -0.008398
4400 -0.008398
4401 0.002869
4402 0.002869
4403 -0.008398
4404 -0.008398
4405 0.002517
4406 -0.008398
4407 -0.008398
4408 -0.008398
4409 -0.008398
4410 -0.008398
4411 0.002517
4412 -0.008398
4413 -0.008398
4414 -0.008398
4415 -0.008398
4416 -0.008398
4417 0.003221
4418 -0.008398
4419 -0.008398
4420 -0.008750
4421 -0.008398
4422 -0.008398
4423 -0.008398
4424 -0.008398
4425 0.002869
4426 -0.008398
4427 0.002869
4428 0.002869
4429 -0.008398
4430 -0.008398
4431 -0.008398
4432 -0.008750
4433 0.002869
4434 -0.008750
4435 -0.008398
4436 -0.008398
4437 -0.008750
4438 -0.008398
4439 0.002869
4440 -0.008398
4441 -0.008398
4442 -0.008398
4443 -0.008398
4444 -0.008398
4445 -0.008398
4446 -0.008398
4447 -0.008398
4448 -0.008398
4449 -0.008398
4450 -0.008750
4451 -0.008046
4452 0.002869
4453 -0.008398
4454 -0.008750
4455 -0.008398
4456 -0.008398
4457 0.002869
4458 0.002869
4459 0.002869
4460 0.002869
4461 0.002869
4462 0.002869
4463 -0.008398
4464 -0.008750
4465 0.002869
4466 -0.008398
4467 -0.008398
4468 -0.008398
4469 -0.008046
4470 -0.008398
4471 -0.008046
4472 0.002869
4473 0.002869
4474 -0.008398
4475 0.002869
4476 -0.008398
4477 -0.008398
4478 -0.008398
4479 -0.008398
4480 -0.008398
4481 -0.008750
4482 -0.008750
4483 -0.008398
4484 -0.008750
4485 -0.008398
4486 -0.008398
4487 -0.008398
4488 -0.008398
4489 -0.008398
4490 -0.008398
4491 -0.008398
4492 0.002869
4493 0.002869
4494 -0.008398
4495 -0.008750
4496 -0.008398
4497 -0.008750
4498 0.002869
4499 -0.008398
4500 -0.008750
4501 -0.008398
4502 -0.008398
4503 -0.008398
4504 -0.008398
4505 -0.008750
4506 -0.008750
4507 -0.008398
4508 0.002517
4509 -0.008398
4510 0.002869
4511 -0.008398
4512 0.002517
4513 0.002869
4514 -0.008750
4515 -0.008398
4516 -0.008398
4517 -0.008398
4518 -0.008398
4519 0.002517
4520 -0.008398
4521 -0.008398
4522 0.002869
4523 -0.008398
4524 -0.008398
4525 0.002869
4526 0.002869
4527 0.002517
4528 0.002869
4529 -0.008398
4530 -0.008398
4531 0.002517
4532 0.002869
4533 0.002869
4534 -0.008398
4535 -0.008750
4536 -0.008398
4537 0.002869
4538 0.002869
4539 0.003221
4540 -0.008750
4541 0.002869
4542 -0.008398
4543 -0.008398
4544 -0.008398
4545 -0.008750
4546 -0.008398
4547 -0.008398
4548 -0.008398
4549 -0.008398
4550 -0.008750
4551 0.002517
4552 -0.008750
4553 0.002869
4554 0.002869
4555 -0.008398
4556 -0.008398
4557 -0.008046
4558 0.002869
4559 0.002517
4560 0.002869
4561 0.002869
4562 0.002869
4563 -0.008398
4564 -0.008398
4565 -0.008398
4566 -0.008750
4567 -0.008398
4568 -0.008398
4569 -0.008750
4570 -0.008398
4571 -0.008398
4572 -0.008750
4573 0.002869
4574 -0.008398
4575 -0.008398
4576 -0.008750
4577 -0.008750
4578 -0.008046
4579 -0.008398
4580 -0.008398
4581 0.002869
4582 -0.008398
4583 -0.008398
4584 -0.008046
4585 -0.008398
4586 -0.008398
4587 -0.008046
4588 -0.008398
4589 -0.008398
4590 0.002869
4591 -0.008398
4592 0.002869
4593 0.002869
4594 0.002869
4595 0.002517
4596 -0.008398
4597 -0.008398
4598 -0.008398
4599 -0.008398
4600 -0.008750
4601 -0.008398
4602 0.002517
4603 -0.008750
4604 -0.008750
4605 -0.008398
4606 -0.008750
4607 -0.008750
4608 -0.008398
4609 -0.008750
4610 -0.008398
4611 -0.008398
4612 0.002869
4613 -0.008398
4614 -0.008398
4615 -0.008398
4616 -0.008398
4617 0.002869
4618 0.002869
4619 0.002517
4620 -0.008398
4621 0.002869
4622 -0.008398
4623 0.002869
4624 -0.008398
4625 0.002869
4626 0.002869
4627 0.002869
4628 0.002517
4629 0.002869
4630 -0.008398
4631 -0.008750
4632 0.002869
4633 0.002869
4634 0.002869
4635 -0.008750
4636 0.002869
4637 -0.008398
4638 -0.008398
4639 -0.008398
4640 -0.008398
4641 0.002869
4642 0.002869
4643 -0.008398
4644 -0.008398
4645 -0.008398
4646 -0.008398
4647 -0.008398
4648 -0.008750
4649 -0.008398
4650 -0.008398
4651 0.002517
4652 0.003221
4653 -0.008398
4654 -0.008398
4655 -0.008398
4656 -0.008398
4657 0.002869
4658 0.003221
4659 0.002869
4660 0.002869
4661 0.002869
4662 0.002869
4663 -0.008398
4664 -0.008398
4665 -0.008398
4666 -0.008398
4667 -0.008398
4668 -0.008398
4669 -0.008750
4670 -0.008398
4671 -0.008750
4672 -0.008398
4673 -0.008750
4674 -0.008750
4675 0.002869
4676 0.002869
4677 0.002869
4678 -0.008398
4679 -0.008398
4680 -0.008398
4681 -0.008398
4682 -0.008398
4683 -0.008750
4684 -0.008398
4685 -0.008398
4686 -0.008398
4687 -0.008398
4688 -0.008398
4689 -0.008750
4690 -0.008398
4691 0.002517
4692 0.002869
4693 0.002869
4694 0.002869
4695 0.002869
4696 -0.008398
4697 0.002869
4698 -0.008398
4699 -0.008398
4700 0.002869
4701 0.002869
4702 0.002869
4703 -0.008398
4704 -0.008398
4705 -0.008750
4706 -0.008046
4707 -0.008398
4708 -0.008398
4709 0.002869
4710 -0.008398
4711 -0.008398
4712 -0.008750
4713 0.002869
4714 -0.008398
4715 -0.008398
4716 -0.008398
4717 -0.008398
4718 -0.008398
4719 -0.008398
4720 -0.008398
4721 -0.008398
4722 -0.008398
4723 -0.008398
4724 -0.008398
4725 -0.008398
4726 -0.008398
4727 -0.008398
4728 -0.008398
4729 -0.008398
4730 -0.008398
4731 -0.008750
4732 -0.008750
4733 -0.008398
4734 -0.008750
4735 -0.008750
4736 -0.008750
4737 -0.008398
4738 -0.008398
4739 -0.008398
4740 -0.008750
4741 -0.008398
4742 -0.008398
4743 -0.008398
4744 -0.008046
4745 -0.008398
4746 -0.008398
4747 -0.008398
4748 -0.008398
4749 -0.008750
4750 -0.008398
4751 -0.008398
4752 0.002869
4753 -0.008398
4754 -0.008398
4755 -0.008046
4756 -0.008750
4757 -0.008398
4758 -0.008398
4759 0.002517
4760 0.003221
4761 0.002869
4762 -0.008398
4763 -0.008398
4764 -0.008398
4765 -0.008398
4766 -0.008398
4767 -0.008750
4768 -0.008750
4769 -0.008750
4770 -0.008398
4771 -0.008750
4772 -0.008750
4773 -0.008750
4774 -0.008750
4775 -0.008398
4776 -0.008398
4777 0.003221
4778 -0.008398
4779 -0.008398
4780 -0.008398
4781 -0.008398
4782 -0.008398
4783 -0.008398
4784 -0.008398
4785 -0.008398
4786 -0.008398
4787 -0.008398
4788 -0.008398
4789 -0.008398
4790 -0.008398
4791 -0.008398
4792 0.002869
4793 0.002869
4794 0.002517
4795 0.002517
4796 -0.008750
4797 -0.008398
4798 -0.008398
4799 0.002517
4800 -0.008398
4801 0.002869
4802 -0.008398
4803 -0.008750
4804 -0.008398
4805 -0.008046
4806 -0.008046
4807 -0.008750
4808 -0.008398
4809 -0.008398
4810 -0.008398
4811 0.002869
4812 -0.008398
4813 -0.008398
4814 -0.008398
4815 -0.008398
4816 -0.008398
4817 -0.008750
4818 -0.008398
4819 -0.008398
4820 -0.008398
4821 -0.008398
4822 -0.008398
4823 -0.008398
4824 -0.008398
4825 0.002517
4826 -0.008398
4827 0.002869
4828 -0.008750
4829 -0.008398
4830 -0.008398
4831 -0.008750
4832 -0.008398
4833 -0.008398
4834 -0.008398
4835 -0.008398
4836 -0.008046
4837 -0.008398
4838 -0.008398
4839 -0.008398
4840 -0.008750
4841 -0.008398
4842 -0.008398
4843 -0.008398
4844 -0.008398
4845 -0.008398
4846 -0.008398
4847 -0.008750
4848 -0.008398
4849 -0.008398
4850 -0.008398
4851 -0.008398
4852 0.002869
4853 -0.008398
4854 -0.008398
4855 -0.008398
4856 -0.008750
4857 -0.008398
4858 0.002869
4859 0.002869
4860 0.002869
4861 0.002869
4862 0.002869
4863 -0.008398
4864 -0.008398
4865 -0.008750
4866 -0.008046
4867 -0.008750
4868 -0.008398
4869 -0.008398
4870 -0.008398
4871 -0.008398
4872 -0.008398
4873 -0.008398
4874 -0.008398
4875 -0.008398
4876 -0.008398
4877 -0.008398
4878 -0.008398
4879 -0.008046
4880 -0.008398
4881 0.002517
4882 -0.008398
4883 -0.008398
4884 -0.008750
4885 -0.008398
4886 -0.008398
4887 -0.008398
4888 -0.008750
4889 -0.008398
4890 -0.008398
4891 0.002517
4892 -0.008398
4893 0.002869
4894 0.002869
4895 0.002869
4896 -0.008398
4897 -0.008398
4898 -0.008398
4899 -0.008398
4900 -0.008398
4901 -0.008398
4902 -0.008398
4903 -0.008398
4904 -0.008398
4905 -0.008398
4906 -0.008398
4907 -0.008750
4908 -0.008398
4909 -0.008398
4910 -0.008398
4911 -0.008398
4912 -0.008398
4913 0.002869
4914 -0.008750
4915 -0.008398
4916 -0.008398
4917 -0.008398
4918 -0.008398
4919 -0.008398
4920 -0.008398
4921 -0.008398
4922 -0.008398
4923 -0.008750
4924 -0.008398
4925 -0.008398
4926 0.002869
4927 -0.008398
4928 -0.008398
4929 -0.008398
4930 -0.008750
4931 -0.008398
4932 -0.008398
4933 0.002517
4934 -0.008398
4935 -0.008046
4936 -0.008750
4937 -0.008398
4938 -0.008398
4939 -0.008398
4940 -0.008398
4941 -0.008750
4942 -0.008398
4943 -0.008750
4944 -0.008398
4945 -0.008398
4946 -0.008398
4947 -0.008398
4948 -0.008398
4949 -0.008398
4950 -0.008398
4951 -0.008750
4952 0.002869
4953 -0.008750
4954 -0.008398
4955 -0.008398
4956 -0.008398
4957 -0.008398
4958 -0.008398
4959 0.002869
4960 -0.008398
4961 -0.008750
4962 -0.008398
4963 -0.008398
4964 -0.008398
4965 -0.008398
4966 -0.008398
4967 -0.008750
4968 -0.008398
4969 -0.008398
4970 -0.008750
4971 0.003221
4972 -0.008398
4973 -0.008398
4974 -0.008398
4975 -0.008046
4976 -0.008398
4977 -0.008398
4978 -0.008398
4979 -0.008398
4980 -0.008398
4981 -0.008398
4982 -0.008398
4983 -0.008398
4984 -0.008398
4985 -0.008398
4986 -0.008750
4987 -0.008398
4988 -0.008398
4989 -0.008398
4990 -0.008398
4991 -0.008398
4992 -0.008398
4993 -0.008398
4994 -0.008750
4995 -0.008750
4996 -0.008398
4997 -0.008398
4998 -0.008398
4999 -0.008398
5000 -0.008750
