1 -0.008398
2 -0.008398
3 0.003221
4 -0.008046
5 -0.008046
6 -0.008750
7 -0.008398
8 -0.008398
9 -0.008398
10 -0.008046
11 -0.008046
12 -0.008398
13 -0.008750
14 -0.008046
15 -0.008398
16 -0.008398
17 -0.008398
18 -0.008398
19 -0.008046
20 -0.008398
21 -0.008398
22 0.002869
23 0.002869
24 0.002869
25 0.002869
26 0.002869
27 0.002869
28 0.003221
29 0.003221
30 0.002869
31 -0.008398
32 -0.008398
33 -0.008398
34 -0.008046
35 -0.008046
36 -0.008398
37 -0.008398
38 -0.008398
39 -0.008046
40 0.002869
41 0.003221
42 -0.008398
43 -0.008398
44 -0.008398
45 -0.008398
46 -0.008398
47 -0.008398
48 -0.008046
49 -0.008046
50 -0.008398
51 -0.008398
52 -0.008398
53 -0.008750
54 -0.008398
55 -0.008398
56 -0.008750
57 -0.008398
58 -0.008750
59 -0.008046
60 -0.008398
61 -0.008398
62 -0.008046
63 -0.008046
64 -0.008046
65 -0.008750
66 -0.008046
67 -0.008046
68 -0.008398
69 -0.008046
70 -0.008046
71 -0.008046
72 -0.008750
73 -0.008750
74 -0.008750
75 -0.008046
76 -0.008046
77 -0.008398
78 0.003221
79 -0.008398
80 -0.008398
81 -0.008398
82 -0.008046
83 -0.008398
84 -0.008398
85 -0.008046
86 -0.008398
87 -0.008398
88 -0.008046
89 -0.008046
90 -0.008398
91 -0.008398
92 -0.008046
93 -0.008398
94 0.002869
95 0.003221
96 0.003221
97 -0.008046
98 -0.008398
99 -0.008046
100 -0.008398
101 0.002869
102 0.003221
103 0.003221
104 0.003221
105 -0.008398
106 -0.008398
107 -0.008398
108 -0.008750
109 -0.008046
110 -0.008398
111 -0.008398
112 0.003221
113 -0.008398
114 -0.008046
115 -0.008046
116 -0.008398
117 0.002869
118 0.002869
119 0.003221
120 -0.008398
121 0.003221
122 0.002869
123 -0.008046
124 -0.008046
125 -0.008398
126 -0.008398
127 0.003221
128 0.002869
129 0.002869
130 -0.008046
131 -0.008398
132 0.003221
133 -0.008046
134 -0.008046
135 -0.008398
136 -0.008046
137 -0.008398
138 -0.008046
139 0.003221
140 -0.008046
141 0.002869
142 -0.008046
143 -0.008398
144 -0.008398
145 -0.008398
146 0.003221
147 -0.008398
148 -0.008398
149 0.002869
150 0.003221
151 0.003221
152 0.002869
153 -0.008046
154 0.003221
155 0.003221
156 0.002869
157 -0.008046
158 0.002869
159 -0.008398
160 0.003221
161 0.003221
162 0.002869
163 -0.008046
164 -0.008398
165 -0.008398
166 -0.008398
167 -0.008046
168 -0.008046
169 0.002869
170 -0.008398
171 0.003221
172 -0.008398
173 -0.008046
174 0.002869
175 -0.008046
176 -0.008046
177 -0.008398
178 -0.008398
179 0.002869
180 -0.008398
181 -0.008046
182 -0.008398
183 0.003221
184 0.003221
185 0.003221
186 -0.008398
187 0.003221
188 0.002869
189 -0.008398
190 -0.008046
191 -0.008046
192 -0.008398
193 0.002869
194 0.003221
195 0.002869
196 0.003221
197 0.003221
198 0.002869
199 0.003221
200 -0.008398
201 0.003221
202 -0.008398
203 -0.008398
204 -0.008046
205 -0.008398
206 -0.008046
207 -0.008046
208 -0.008398
209 -0.008398
210 -0.008398
211 -0.008398
212 -0.008398
213 -0.008046
214 0.003221
215 0.002869
216 0.003221
217 -0.008398
218 0.002869
219 -0.008046
220 0.002869
221 -0.008046
222 -0.008046
223 -0.008398
224 0.003221
225 -0.008046
226 -0.008046
227 0.002869
228 0.002869
229 0.002869
230 0.002869
231 -0.008398
232 -0.008398
233 0.003221
234 0.003221
235 0.002869
236 -0.008046
237 -0.008398
238 -0.008046
239 -0.008398
240 -0.008398
241 -0.008398
242 -0.008398
243 -0.008398
244 -0.008046
245 0.002869
246 -0.008046
247 0.003221
248 0.003221
249 -0.008398
250 -0.008046
251 -0.008398
252 -0.008398
253 -0.008046
254 -0.008398
255 -0.008398
256 -0.008046
257 -0.008398
258 -0.008398
259 -0.008046
260 0.003221
261 0.003221
262 0.003221
263 0.002869
264 -0.008398
265 -0.008398
266 -0.008046
267 0.003221
268 -0.008046
269 -0.008046
270 -0.008398
271 -0.008398
272 -0.008046
273 -0.008046
274 -0.008046
275 -0.008398
276 -0.008398
277 -0.008398
278 0.002869
279 -0.008046
280 -0.008398
281 -0.008398
282 -0.008046
283 -0.008046
284 -0.008046
285 -0.008046
286 -0.008046
287 -0.008046
288 -0.008398
289 -0.008046
290 -0.008398
291 -0.008046
292 -0.008046
293 0.002869
294 -0.008398
295 0.002869
296 0.002869
297 -0.008046
298 0.003221
299 -0.008046
300 -0.008046
301 -0.008398
302 -0.008398
303 -0.008398
304 -0.008046
305 -0.008398
306 -0.008046
307 -0.008046
308 -0.008398
309 -0.008398
310 -0.008046
311 -0.008398
312 -0.008046
313 -0.008398
314 -0.008398
315 -0.008398
316 -0.008398
317 -0.008398
318 -0.008046
319 -0.008398
320 -0.008398
321 -0.008398
322 -0.008046
323 -0.008046
324 -0.008046
325 -0.008046
326 -0.008046
327 0.003221
328 0.002869
329 0.003221
330 0.002869
331 -0.008046
332 -0.008398
333 -0.008046
334 -0.008398
335 -0.008046
336 -0.008046
337 -0.008046
338 -0.008398
339 -0.008398
340 -0.008398
341 -0.008046
342 -0.008398
343 -0.008398
344 -0.008398
345 -0.008046
346 -0.008398
347 -0.008046
348 -0.008398
349 -0.008046
350 -0.008046
351 -0.008046
352 -0.008398
353 -0.008046
354 -0.008398
355 -0.008046
356 -0.008046
357 -0.008398
358 -0.008046
359 -0.008046
360 0.003221
361 -0.008046
362 0.003221
363 -0.008398
364 -0.008046
365 -0.008046
366 -0.008046
367 -0.008398
368 -0.008398
369 -0.008398
370 -0.008398
371 -0.008398
372 -0.008046
373 -0.008398
374 -0.008398
375 -0.008046
376 -0.008398
377 -0.008046
378 -0.008398
379 0.003221
380 -0.008398
381 -0.008046
382 -0.008046
383 -0.008398
384 -0.008398
385 -0.008046
386 -0.008398
387 -0.008398
388 -0.008046
389 -0.008046
390 -0.008398
391 -0.008046
392 -0.008046
393 0.002869
394 0.003221
395 0.002869
396 -0.008398
397 -0.008046
398 0.002869
399 -0.008398
400 -0.008398
401 -0.008398
402 -0.008046
403 -0.008046
404 -0.008398
405 -0.008046
406 -0.008046
407 -0.008046
408 -0.008398
409 -0.008046
410 -0.008046
411 -0.008750
412 -0.008750
413 -0.008046
414 -0.008750
415 -0.008398
416 -0.008398
417 0.003221
418 -0.008046
419 -0.008046
420 -0.008398
421 -0.008046
422 0.002869
423 -0.008398
424 -0.008398
425 -0.008046
426 0.002869
427 0.002869
428 0.003221
429 0.003221
430 0.002869
431 -0.008398
432 -0.008046
433 -0.008046
434 0.002869
435 -0.008398
436 -0.008398
437 0.002869
438 -0.008398
439 -0.008398
440 -0.008398
441 -0.008398
442 -0.008398
443 -0.008398
444 -0.008046
445 -0.008398
446 -0.008398
447 -0.008398
448 -0.008046
449 -0.008046
450 -0.008046
451 -0.008398
452 -0.008046
453 -0.008398
454 -0.008398
455 -0.008398
456 0.002869
457 -0.008398
458 -0.008046
459 -0.008398
460 0.003221
461 0.003221
462 0.003221
463 0.002869
464 -0.008398
465 -0.008398
466 -0.008398
467 0.002869
468 -0.008046
469 0.003221
470 -0.008398
471 -0.008398
472 -0.008046
473 -0.008046
474 -0.008398
475 -0.008398
476 -0.008398
477 0.002869
478 -0.008398
479 -0.008046
480 -0.008398
481 -0.008046
482 -0.008046
483 -0.008046
484 -0.008398
485 -0.008398
486 -0.008398
487 -0.008046
488 -0.008046
489 -0.008046
490 -0.008046
491 -0.008750
492 -0.008398
493 -0.008398
494 0.002869
495 0.002869
496 0.002869
497 -0.008046
498 -0.008750
499 -0.008398
500 -0.008046
501 -0.008046
502 -0.008046
503 -0.008398
504 -0.008398
505 -0.008046
506 -0.008750
507 -0.008046
508 -0.008046
509 -0.008750
510 -0.008046
511 -0.008046
512 0.002869
513 -0.008750
514 -0.008046
515 -0.008398
516 -0.008398
517 0.002869
518 -0.008046
519 -0.008398
520 -0.008046
521 -0.008046
522 0.003221
523 0.002869
524 -0.008398
525 -0.008046
526 -0.008046
527 0.002869
528 0.002869
529 0.002869
530 0.002869
531 0.002869
532 -0.008046
533 -0.008398
534 -0.008398
535 -0.008398
536 -0.008398
537 -0.008046
538 -0.008046
539 -0.008398
540 -0.008398
541 -0.008398
542 -0.008046
543 -0.008046
544 -0.008046
545 -0.008398
546 -0.008398
547 -0.008046
548 -0.008398
549 -0.008398
550 0.002869
551 -0.008046
552 0.002869
553 -0.008046
554 0.003221
555 0.002869
556 0.002869
557 0.002869
558 -0.008046
559 -0.008398
560 0.002869
561 0.002869
562 0.003221
563 0.002869
564 -0.008398
565 -0.008398
566 0.003221
567 0.002869
568 0.003221
569 0.003221
570 0.002869
571 -0.008046
572 -0.008046
573 -0.008046
574 -0.008046
575 -0.008398
576 -0.008398
577 -0.008398
578 -0.008046
579 -0.008046
580 -0.008046
581 -0.008398
582 -0.008398
583 0.002869
584 0.003221
585 -0.008398
586 0.002869
587 -0.008398
588 -0.008046
589 -0.008046
590 0.002869
591 0.002869
592 -0.008398
593 0.003221
594 0.003221
595 0.002869
596 0.003221
597 0.002869
598 -0.008046
599 0.003221
600 0.003221
601 -0.008398
602 0.002869
603 0.002869
604 -0.008398
605 -0.008046
606 -0.008398
607 0.002869
608 -0.008398
609 -0.008046
610 -0.008398
611 0.003221
612 0.002869
613 -0.008398
614 -0.008398
615 -0.008398
616 -0.008398
617 -0.008046
618 -0.008046
619 -0.008046
620 0.003221
621 -0.008398
622 -0.008046
623 0.002869
624 -0.008046
625 -0.008046
626 0.002869
627 0.002869
628 0.002869
629 0.003221
630 0.002869
631 -0.008046
632 0.003221
633 -0.008398
634 -0.008398
635 0.003573
636 -0.008398
637 0.002869
638 0.003221
639 -0.008398
640 0.003221
641 -0.008398
642 -0.008750
643 0.003221
644 -0.008398
645 -0.008046
646 -0.008398
647 -0.008398
648 0.003221
649 -0.008046
650 -0.008398
651 0.002869
652 -0.008398
653 -0.008398
654 -0.008398
655 -0.008046
656 0.002869
657 -0.008398
658 0.002869
659 -0.008398
660 0.002869
661 0.002869
662 0.002869
663 0.002869
664 -0.008398
665 -0.008398
666 0.002869
667 0.003221
668 -0.008046
669 0.002869
670 0.003221
671 0.003221
672 -0.008046
673 0.002869
674 -0.008398
675 -0.008398
676 -0.008398
677 -0.008046
678 0.002869
679 -0.008046
680 -0.008398
681 0.003221
682 0.003221
683 0.003221
684 0.003221
685 -0.008398
686 -0.008398
687 0.003221
688 0.002869
689 -0.008398
690 0.002869
691 -0.008398
692 -0.008398
693 0.003221
694 0.002869
695 0.002517
696 0.002869
697 -0.008398
698 0.002869
699 0.002869
700 -0.008046
701 -0.008046
702 -0.008046
703 0.002869
704 -0.008046
705 -0.008398
706 -0.008046
707 0.002869
708 0.002869
709 -0.008398
710 -0.008398
711 0.002869
712 -0.008398
713 0.003221
714 0.003221
715 -0.008398
716 -0.008046
717 -0.008398
718 -0.008398
719 -0.008046
720 -0.008046
721 -0.008398
722 -0.008046
723 -0.008398
724 -0.008046
725 -0.008398
726 0.003221
727 0.002869
728 0.002869
729 0.002869
730 0.002869
731 0.003221
732 -0.008398
733 -0.008398
734 -0.008046
735 -0.008046
736 0.003221
737 -0.008046
738 0.003221
739 0.002869
740 -0.008046
741 0.002869
742 -0.008046
743 0.002869
744 0.002869
745 -0.008046
746 0.003221
747 0.002869
748 -0.008046
749 0.003221
750 -0.008398
751 -0.008398
752 0.002517
753 -0.008398
754 -0.008046
755 -0.008398
756 -0.008398
757 -0.008046
758 -0.008046
759 -0.008046
760 -0.008046
761 0.002869
762 -0.008046
763 0.003221
764 -0.008046
765 -0.008046
766 -0.008046
767 -0.008046
768 -0.008046
769 -0.008398
770 -0.008398
771 -0.008046
772 -0.008046
773 -0.008046
774 -0.008046
775 -0.008398
776 -0.008398
777 -0.008046
778 -0.008046
779 0.003221
780 -0.008046
781 -0.008046
782 0.002869
783 -0.008046
784 -0.008046
785 -0.008398
786 -0.008046
787 0.003221
788 -0.008046
789 -0.008398
790 -0.008046
791 -0.008398
792 -0.008046
793 0.002869
794 0.003221
795 0.003221
796 0.002869
797 -0.008046
798 -0.008398
799 -0.008046
800 -0.008398
801 -0.008046
802 -0.008398
803 -0.008046
804 -0.008046
805 -0.008398
806 -0.008398
807 -0.008398
808 -0.008398
809 -0.008046
810 -0.008046
811 -0.008046
812 -0.008046
813 -0.008046
814 -0.008398
815 -0.008046
816 -0.008398
817 -0.008046
818 -0.008750
819 -0.008398
820 -0.008046
821 -0.008398
822 -0.008046
823 -0.008046
824 -0.008046
825 -0.008398
826 0.003221
827 0.003221
828 0.002869
829 0.002869
830 -0.008046
831 -0.008046
832 -0.008046
833 -0.008398
834 -0.008398
835 -0.008046
836 -0.008046
837 -0.008398
838 -0.008398
839 -0.008398
840 -0.008398
841 -0.008398
842 -0.008046
843 -0.008046
844 -0.008398
845 -0.008398
846 0.003221
847 -0.008046
848 -0.008046
849 -0.008398
850 -0.008398
851 -0.008398
852 -0.008046
853 -0.008046
854 -0.008046
855 -0.008046
856 -0.008398
857 -0.008046
858 -0.008398
859 -0.008046
860 0.002869
861 0.002869
862 0.003221
863 0.003221
864 -0.008398
865 -0.008398
866 -0.008046
867 -0.008046
868 -0.008398
869 -0.008398
870 0.003221
871 0.002869
872 -0.008398
873 -0.008398
874 -0.008398
875 0.002869
876 -0.008046
877 -0.008398
878 0.002869
879 -0.008398
880 -0.008398
881 -0.008398
882 -0.008046
883 -0.008398
884 -0.008398
885 -0.008398
886 -0.008046
887 -0.008398
888 -0.008046
889 -0.008398
890 -0.008398
891 -0.008046
892 -0.008398
893 -0.008046
894 -0.008398
895 0.002869
896 0.002869
897 -0.008046
898 -0.008398
899 -0.008398
900 -0.008398
901 -0.008398
902 0.002869
903 -0.008046
904 -0.008046
905 -0.008398
906 -0.008046
907 -0.008398
908 -0.008398
909 -0.008398
910 -0.008046
911 -0.008398
912 0.003221
913 -0.008398
914 -0.008398
915 -0.008398
916 -0.008398
917 -0.008046
918 -0.008046
919 -0.008046
920 -0.008398
921 -0.008398
922 -0.008046
923 -0.008398
924 -0.008046
925 -0.008046
926 -0.008046
927 0.003221
928 0.002869
929 -0.008046
930 0.003221
931 -0.008398
932 -0.008398
933 -0.008398
934 -0.008398
935 -0.008398
936 -0.008398
937 -0.008046
938 0.003221
939 -0.008046
940 -0.008046
941 -0.008398
942 -0.008046
943 -0.008046
944 -0.008046
945 -0.008046
946 0.002869
947 0.003221
948 -0.008046
949 -0.008046
950 -0.008046
951 0.003221
952 0.003221
953 -0.008398
954 -0.008398
955 -0.008046
956 0.002869
957 -0.008046
958 -0.008398
959 -0.008046
960 0.003221
961 0.002869
962 -0.008046
963 0.003221
964 -0.008398
965 -0.008398
966 -0.008046
967 -0.008398
968 -0.008046
969 -0.008046
970 -0.008398
971 -0.008398
972 -0.008398
973 -0.008398
974 -0.008046
975 -0.008398
976 -0.008398
977 -0.008398
978 0.003221
979 -0.008398
980 -0.008398
981 0.003221
982 -0.008398
983 0.002869
984 -0.008046
985 -0.008046
986 0.003221
987 -0.008046
988 -0.008398
989 0.002869
990 0.002869
991 0.002869
992 -0.008046
993 0.002869
994 0.002869
995 0.003221
996 0.003221
997 -0.008046
998 0.003221
999 -0.008398
1000 -0.008398
1001 -0.008046
1002 -0.008046
1003 0.002869
1004 -0.008046
1005 0.002869
1006 0.002869
1007 -0.008398
1008 0.002869
1009 -0.008046
1010 0.002869
1011 0.003221
1012 -0.008046
1013 -0.008046
1014 -0.008398
1015 -0.008398
1016 0.002869
1017 0.003221
1018 -0.008398
1019 -0.008398
1020 -0.008046
1021 -0.008398
1022 -0.008398
1023 0.003221
1024 -0.008398
1025 -0.008398
1026 0.003221
1027 0.002869
1028 -0.008046
1029 0.002869
1030 0.002869
1031 0.003221
1032 -0.008398
1033 0.003221
1034 0.003221
1035 0.003221
1036 0.002869
1037 0.002869
1038 -0.008046
1039 -0.008046
1040 0.003221
1041 -0.008398
1042 -0.008046
1043 0.002869
1044 -0.008398
1045 -0.008398
1046 -0.008398
1047 -0.008046
1048 -0.008398
1049 -0.008398
1050 -0.008398
1051 0.002869
1052 0.002869
1053 0.003221
1054 -0.008398
1055 -0.008046
1056 -0.008046
1057 -0.008046
1058 -0.008046
1059 0.002869
1060 0.002869
1061 0.003221
1062 0.003221
1063 0.003221
1064 0.003221
1065 -0.008046
1066 -0.008398
1067 0.003221
1068 -0.008398
1069 0.002869
1070 -0.008398
1071 0.002869
1072 -0.008398
1073 0.002869
1074 -0.008398
1075 0.002869
1076 -0.008046
1077 -0.008046
1078 -0.008046
1079 -0.008398
1080 -0.008398
1081 -0.008046
1082 0.003221
1083 0.002869
1084 -0.008398
1085 0.002869
1086 -0.008046
1087 0.002869
1088 -0.008398
1089 0.002869
1090 -0.008398
1091 0.002869
1092 -0.008398
1093 0.003221
1094 0.002869
1095 0.002869
1096 0.002869
1097 0.002869
1098 -0.008398
1099 0.003221
1100 0.002869
1101 0.002869
1102 0.002869
1103 -0.008046
1104 -0.008398
1105 -0.008046
1106 -0.008398
1107 -0.008046
1108 -0.008046
1109 -0.008046
1110 -0.008398
1111 -0.008046
1112 -0.008046
1113 -0.008046
1114 -0.008046
1115 -0.008750
1116 -0.008750
1117 -0.008046
1118 -0.008750
1119 -0.008046
1120 -0.008750
1121 -0.008046
1122 -0.008398
1123 -0.008046
1124 -0.008046
1125 0.003221
1126 0.002869
1127 0.003221
1128 0.003221
1129 0.003221
1130 0.003221
1131 -0.008398
1132 -0.008398
1133 -0.008398
1134 -0.008046
1135 -0.008398
1136 -0.008398
1137 -0.008398
1138 -0.008398
1139 0.002869
1140 -0.008046
1141 0.002869
1142 -0.008398
1143 -0.008398
1144 0.003221
1145 -0.008398
1146 0.002869
1147 0.002869
1148 -0.008046
1149 -0.008398
1150 -0.008046
1151 0.002869
1152 0.002869
1153 -0.008398
1154 0.002869
1155 0.002869
1156 -0.008046
1157 -0.008398
1158 0.002869
1159 0.002869
1160 0.002869
1161 0.002869
1162 0.002869
1163 0.003221
1164 -0.008398
1165 -0.008398
1166 -0.008398
1167 -0.008398
1168 -0.008398
1169 -0.008046
1170 -0.008398
1171 0.002869
1172 0.002869
1173 -0.008398
1174 -0.008398
1175 -0.008398
1176 0.002869
1177 -0.008046
1178 -0.008398
1179 -0.008398
1180 0.002869
1181 -0.008398
1182 -0.008046
1183 -0.008398
1184 0.002869
1185 0.003221
1186 -0.008046
1187 -0.008398
1188 0.002869
1189 0.002869
1190 -0.008398
1191 0.002869
1192 -0.008046
1193 -0.008398
1194 0.002869
1195 0.003221
1196 0.002869
1197 0.002869
1198 -0.008398
1199 -0.008046
1200 0.002869
1201 -0.008398
1202 -0.008398
1203 -0.008398
1204 -0.008398
1205 -0.008398
1206 -0.008398
1207 -0.008398
1208 -0.008398
1209 -0.008398
1210 -0.008046
1211 -0.008398
1212 -0.008398
1213 -0.008398
1214 -0.008046
1215 -0.008046
1216 -0.008398
1217 0.002869
1218 -0.008398
1219 -0.008046
1220 -0.008398
1221 -0.008398
1222 -0.008398
1223 -0.008398
1224 -0.008046
1225 0.002869
1226 0.002869
1227 0.002869
1228 0.002869
1229 0.003221
1230 0.002869
1231 0.003221
1232 0.002869
1233 0.003221
1234 -0.008398
1235 -0.008398
1236 -0.008398
1237 0.003221
1238 0.003221
1239 0.002869
1240 -0.008398
1241 -0.008398
1242 -0.008046
1243 0.003221
1244 -0.008046
1245 -0.008046
1246 -0.008398
1247 0.002869
1248 0.003221
1249 -0.008398
1250 0.002869
1251 -0.008046
1252 -0.008398
1253 -0.008398
1254 -0.008046
1255 -0.008398
1256 -0.008398
1257 -0.008398
1258 -0.008398
1259 -0.008398
1260 0.002869
1261 0.003221
1262 0.002869
1263 0.002869
1264 -0.008046
1265 -0.008046
1266 0.002869
1267 0.003221
1268 -0.008046
1269 -0.008046
1270 -0.008398
1271 -0.008046
1272 -0.008398
1273 0.003221
1274 -0.008398
1275 -0.008046
1276 -0.008398
1277 -0.008398
1278 -0.008046
1279 -0.008398
1280 -0.008398
1281 -0.008398
1282 -0.008398
1283 -0.008398
1284 -0.008046
1285 -0.008398
1286 -0.008398
1287 -0.008046
1288 -0.008398
1289 -0.008398
1290 -0.008398
1291 -0.008046
1292 -0.008046
1293 0.003221
1294 -0.008046
1295 0.003221
1296 0.002869
1297 -0.008398
1298 -0.008398
1299 -0.008046
1300 -0.008398
1301 -0.008398
1302 -0.008046
1303 0.002869
1304 -0.008398
1305 -0.008046
1306 -0.008046
1307 -0.008046
1308 -0.008398
1309 -0.008398
1310 -0.008398
1311 -0.008398
1312 0.002869
1313 -0.008398
1314 -0.008398
1315 -0.008750
1316 -0.008398
1317 -0.008046
1318 -0.008398
1319 -0.008398
1320 -0.008398
1321 -0.008398
1322 -0.008398
1323 -0.008398
1324 -0.008750
1325 -0.008398
1326 -0.008046
1327 -0.008046
1328 0.002869
1329 0.002869
1330 0.002869
1331 -0.008398
1332 -0.008046
1333 -0.008398
1334 -0.008046
1335 -0.008398
1336 0.002869
1337 -0.008398
1338 -0.008398
1339 -0.008398
1340 0.003221
1341 -0.008398
1342 -0.008750
1343 -0.008046
1344 -0.008398
1345 -0.008046
1346 -0.008046
1347 -0.008398
1348 -0.008046
1349 -0.008398
1350 -0.008398
1351 -0.008046
1352 -0.008398
1353 -0.008398
1354 -0.008398
1355 -0.008398
1356 -0.008398
1357 -0.008398
1358 -0.008398
1359 -0.008046
1360 -0.008398
1361 0.002869
1362 -0.008398
1363 0.002869
1364 -0.008398
1365 -0.008398
1366 -0.008398
1367 -0.008398
1368 -0.008046
1369 -0.008398
1370 -0.008046
1371 -0.008398
1372 -0.008046
1373 -0.008398
1374 -0.008046
1375 -0.008398
1376 0.002869
1377 -0.008046
1378 -0.008046
1379 0.002869
1380 -0.008398
1381 -0.008046
1382 -0.008398
1383 -0.008046
1384 -0.008398
1385 -0.008398
1386 -0.008398
1387 -0.008398
1388 -0.008046
1389 -0.008398
1390 -0.008398
1391 0.002869
1392 -0.008398
1393 -0.008398
1394 0.003221
1395 0.003221
1396 -0.008046
1397 0.002869
1398 -0.008398
1399 -0.008398
1400 -0.008046
1401 -0.008046
1402 -0.008046
1403 -0.008398
1404 -0.008398
1405 -0.008046
1406 -0.008046
1407 -0.008398
1408 -0.008398
1409 -0.008398
1410 -0.008398
1411 -0.008046
1412 -0.008046
1413 -0.008046
1414 -0.008398
1415 -0.008046
1416 -0.008398
1417 -0.008398
1418 -0.008046
1419 -0.008398
1420 -0.008398
1421 0.002869
1422 0.002869
1423 -0.008398
1424 -0.008046
1425 -0.008398
1426 -0.008398
1427 0.002869
1428 -0.008046
1429 0.003221
1430 0.003221
1431 -0.008398
1432 -0.008046
1433 -0.008046
1434 -0.008398
1435 -0.008046
1436 -0.008398
1437 -0.008398
1438 -0.008398
1439 0.002869
1440 -0.008398
1441 -0.008398
1442 -0.008046
1443 -0.008398
1444 -0.008398
1445 -0.008398
1446 -0.008398
1447 -0.008398
1448 -0.008398
1449 -0.008046
1450 -0.008398
1451 -0.008398
1452 -0.008046
1453 -0.008398
1454 -0.008046
1455 -0.008046
1456 -0.008046
1457 -0.008398
1458 -0.008046
1459 -0.008046
1460 0.003221
1461 0.002869
1462 0.002869
1463 0.003221
1464 -0.008046
1465 -0.008398
1466 -0.008046
1467 -0.008398
1468 -0.008046
1469 0.002869
1470 -0.008046
1471 0.003221
1472 -0.008398
1473 -0.008398
1474 -0.008398
1475 -0.008398
1476 -0.008398
1477 -0.008398
1478 -0.008398
1479 -0.008398
1480 -0.008046
1481 -0.008046
1482 -0.008398
1483 -0.008046
1484 -0.008398
1485 -0.008398
1486 -0.008398
1487 -0.008398
1488 -0.008046
1489 -0.008398
1490 -0.008398
1491 -0.008046
1492 -0.008046
1493 0.002869
1494 0.002869
1495 0.002869
1496 0.002869
1497 -0.008398
1498 -0.008398
1499 -0.008398
1500 -0.008046
1501 -0.008046
1502 -0.008046
1503 -0.008398
1504 -0.008046
1505 -0.008046
1506 -0.008398
1507 0.002869
1508 -0.008046
1509 0.002869
1510 0.003221
1511 -0.008046
1512 -0.008398
1513 0.002869
1514 0.003221
1515 0.003221
1516 -0.008046
1517 0.003221
1518 0.002869
1519 0.002869
1520 -0.008398
1521 -0.008398
1522 -0.008046
1523 -0.008398
1524 -0.008398
1525 -0.008046
1526 -0.008398
1527 -0.008398
1528 0.002869
1529 0.003221
1530 0.002869
1531 -0.008398
1532 0.003221
1533 0.002869
1534 -0.008398
1535 0.003221
1536 0.003221
1537 -0.008046
1538 -0.008046
1539 -0.008398
1540 -0.008046
1541 0.002869
1542 -0.008046
1543 0.002869
1544 -0.008046
1545 0.002869
1546 -0.008046
1547 0.002869
1548 0.002869
1549 0.002869
1550 0.003221
1551 -0.008398
1552 0.002869
1553 -0.008398
1554 -0.008046
1555 0.002869
1556 0.002869
1557 0.002869
1558 0.002869
1559 0.002869
1560 0.003221
1561 0.003221
1562 0.003221
1563 0.002869
1564 -0.008398
1565 -0.008398
1566 -0.008046
1567 -0.008398
1568 -0.008398
1569 -0.008398
1570 -0.008046
1571 -0.008398
1572 -0.008046
1573 0.003221
1574 -0.008046
1575 -0.008046
1576 -0.008398
1577 -0.008046
1578 -0.008398
1579 0.002869
1580 -0.008398
1581 0.002869
1582 -0.008750
1583 0.002869
1584 -0.008046
1585 0.002869
1586 -0.008046
1587 0.003221
1588 0.002869
1589 -0.008398
1590 -0.008398
1591 0.002869
1592 -0.008398
1593 0.003221
1594 0.002869
1595 0.002869
1596 0.003221
1597 0.003221
1598 -0.008398
1599 -0.008046
1600 0.002869
1601 -0.008046
1602 -0.008398
1603 -0.008046
1604 -0.008046
1605 -0.008046
1606 -0.008398
1607 -0.008398
1608 -0.008046
1609 -0.008046
1610 -0.008046
1611 -0.008398
1612 -0.008046
1613 0.003221
1614 -0.008398
1615 0.002869
1616 -0.008046
1617 -0.008046
1618 -0.008398
1619 0.003221
1620 0.003221
1621 -0.008398
1622 -0.008046
1623 0.003221
1624 -0.008398
1625 -0.008398
1626 0.002869
1627 -0.008398
1628 -0.008398
1629 0.003221
1630 0.002869
1631 0.002869
1632 -0.008046
1633 0.003221
1634 -0.008046
1635 0.002869
1636 -0.008398
1637 -0.008398
1638 -0.008046
1639 0.002869
1640 -0.008398
1641 0.003221
1642 -0.008398
1643 -0.008398
1644 -0.008046
1645 -0.008398
1646 -0.008398
1647 -0.008398
1648 -0.008398
1649 -0.008398
1650 -0.008046
1651 0.003221
1652 -0.008398
1653 -0.008398
1654 -0.008398
1655 0.003221
1656 -0.008398
1657 -0.008046
1658 -0.008046
1659 -0.008398
1660 0.002869
1661 0.002869
1662 0.002517
1663 0.002869
1664 0.003221
1665 -0.008046
1666 -0.008046
1667 0.002869
1668 -0.008046
1669 -0.008046
1670 0.002869
1671 -0.008398
1672 0.003221
1673 0.003221
1674 0.003221
1675 0.003221
1676 -0.008398
1677 -0.008398
1678 -0.008398
1679 -0.008046
1680 -0.008750
1681 0.002869
1682 -0.008398
1683 0.002869
1684 -0.008398
1685 -0.008398
1686 -0.008398
1687 -0.008398
1688 0.002869
1689 -0.008398
1690 -0.008046
1691 -0.008398
1692 -0.008046
1693 0.002869
1694 0.003221
1695 0.003221
1696 0.002869
1697 -0.008398
1698 -0.008398
1699 0.002869
1700 -0.008398
1701 0.003221
1702 0.003221
1703 0.002869
1704 0.002869
1705 -0.008046
1706 0.002869
1707 0.003221
1708 -0.008398
1709 -0.008398
1710 -0.008398
1711 -0.008398
1712 0.002869
1713 -0.008398
1714 -0.008046
1715 -0.008398
1716 -0.008046
1717 -0.008398
1718 -0.008398
1719 -0.008046
1720 -0.008398
1721 -0.008046
1722 -0.008398
1723 -0.008750
1724 -0.008750
1725 -0.008046
1726 -0.008046
1727 -0.008046
1728 -0.008398
1729 -0.008398
1730 -0.008398
1731 -0.008398
1732 -0.008398
1733 -0.008046
1734 -0.008398
1735 -0.008398
1736 0.002869
1737 0.002869
1738 -0.008398
1739 0.002869
1740 -0.008398
1741 -0.008398
1742 -0.008046
1743 -0.008398
1744 0.002869
1745 0.003221
1746 0.003221
1747 -0.008046
1748 -0.008398
1749 0.002869
1750 0.002869
1751 0.002869
1752 -0.008046
1753 -0.008398
1754 0.002869
1755 -0.008046
1756 -0.008398
1757 -0.008398
1758 -0.008398
1759 -0.008398
1760 -0.008046
1761 0.002869
1762 0.002869
1763 -0.008398
1764 -0.008398
1765 -0.008398
1766 -0.008398
1767 -0.008046
1768 -0.008046
1769 -0.008398
1770 -0.008398
1771 -0.008046
1772 -0.008398
1773 -0.008398
1774 -0.008046
1775 -0.008398
1776 -0.008398
1777 -0.008398
1778 -0.008398
1779 0.002869
1780 -0.008398
1781 -0.008398
1782 -0.008398
1783 -0.008398
1784 -0.008398
1785 -0.008398
1786 -0.008398
1787 -0.008398
1788 -0.008398
1789 -0.008398
1790 -0.008398
1791 0.002869
1792 -0.008398
1793 -0.008398
1794 0.002869
1795 0.002869
1796 -0.008046
1797 -0.008398
1798 -0.008398
1799 0.002869
1800 -0.008046
1801 -0.008398
1802 -0.008398
1803 -0.008046
1804 -0.008398
1805 -0.008398
1806 -0.008398
1807 -0.008398
1808 -0.008398
1809 -0.008398
1810 -0.008398
1811 -0.008398
1812 -0.008398
1813 -0.008046
1814 -0.008398
1815 -0.008398
1816 -0.008046
1817 -0.008046
1818 -0.008046
1819 -0.008046
1820 -0.008046
1821 -0.008398
1822 -0.008046
1823 -0.008046
1824 -0.008398
1825 -0.008046
1826 -0.008398
1827 0.002869
1828 0.002869
1829 -0.008398
1830 -0.008398
1831 -0.008750
1832 -0.008398
1833 -0.008046
1834 -0.008398
1835 -0.008046
1836 -0.008046
1837 0.003221
1838 -0.008398
1839 -0.008046
1840 -0.008398
1841 -0.008046
1842 -0.008046
1843 -0.008398
1844 -0.008398
1845 -0.008398
1846 -0.008398
1847 -0.008046
1848 -0.008398
1849 -0.008046
1850 -0.008398
1851 -0.008398
1852 -0.008398
1853 -0.008398
1854 -0.008046
1855 -0.008046
1856 -0.008046
1857 -0.008398
1858 -0.008398
1859 -0.008398
1860 0.003221
1861 0.002869
1862 0.003221
1863 0.002869
1864 -0.008398
1865 -0.008398
1866 -0.008398
1867 -0.008398
1868 -0.008398
1869 -0.008398
1870 -0.008398
1871 -0.008046
1872 -0.008398
1873 -0.008046
1874 0.002869
1875 -0.008046
1876 -0.008046
1877 -0.008398
1878 -0.008398
1879 -0.008046
1880 0.002869
1881 -0.008398
1882 -0.008398
1883 0.002869
1884 -0.008398
1885 -0.008398
1886 -0.008046
1887 -0.008398
1888 -0.008398
1889 -0.008398
1890 -0.008398
1891 -0.008046
1892 -0.008398
1893 -0.008398
1894 0.002869
1895 0.002869
1896 0.002869
1897 -0.008398
1898 -0.008398
1899 -0.008046
1900 -0.008398
1901 -0.008398
1902 -0.008398
1903 -0.008398
1904 -0.008398
1905 -0.008046
1906 -0.008398
1907 -0.008398
1908 -0.008046
1909 -0.008046
1910 0.003221
1911 -0.008046
1912 -0.008398
1913 -0.008046
1914 -0.008398
1915 -0.008398
1916 -0.008398
1917 -0.008398
1918 -0.008398
1919 -0.008398
1920 -0.008398
1921 -0.008398
1922 -0.008398
1923 -0.008046
1924 -0.008046
1925 -0.008046
1926 -0.008046
1927 0.003221
1928 0.003221
1929 -0.008398
1930 -0.008398
1931 -0.008046
1932 -0.008398
1933 -0.008750
1934 -0.008398
1935 -0.008046
1936 0.002869
1937 -0.008398
1938 -0.008398
1939 -0.008398
1940 -0.008398
1941 -0.008398
1942 -0.008398
1943 -0.008046
1944 -0.008398
1945 -0.008046
1946 -0.008046
1947 -0.008046
1948 -0.008398
1949 -0.008046
1950 -0.008398
1951 -0.008046
1952 -0.008046
1953 -0.008398
1954 -0.008398
1955 -0.008398
1956 -0.008398
1957 -0.008398
1958 -0.008046
1959 -0.008046
1960 0.003221
1961 0.002869
1962 0.002869
1963 0.003221
1964 -0.008046
1965 -0.008046
1966 -0.008046
1967 -0.008398
1968 -0.008398
1969 -0.008398
1970 -0.008398
1971 -0.008398
1972 -0.008046
1973 -0.008398
1974 -0.008398
1975 -0.008398
1976 -0.008046
1977 -0.008398
1978 -0.008398
1979 -0.008398
1980 -0.008046
1981 -0.008398
1982 -0.008398
1983 -0.008046
1984 -0.008398
1985 -0.008398
1986 -0.008398
1987 -0.008398
1988 -0.008046
1989 -0.008398
1990 -0.008046
1991 0.002869
1992 -0.008750
1993 0.002869
1994 0.002869
1995 0.003221
1996 0.003221
1997 0.002869
1998 -0.008046
1999 -0.008046
2000 -0.008046
2001 -0.008046
2002 -0.008046
2003 -0.008046
2004 -0.008398
2005 -0.008398
2006 -0.008046
2007 -0.008398
2008 -0.008398
2009 -0.008398
2010 -0.008398
2011 -0.008398
2012 -0.008398
2013 -0.008398
2014 -0.008398
2015 -0.008398
2016 -0.008046
2017 -0.008398
2018 -0.008398
2019 -0.008398
2020 -0.008398
2021 0.002869
2022 -0.008398
2023 0.002869
2024 -0.008398
2025 -0.008398
2026 0.002869
2027 0.002869
2028 0.002869
2029 0.003221
2030 0.002869
2031 -0.008046
2032 -0.008398
2033 -0.008398
2034 0.002869
2035 0.002869
2036 -0.008398
2037 0.002869
2038 0.002869
2039 0.003221
2040 -0.008046
2041 -0.008046
2042 -0.008398
2043 0.002869
2044 -0.008398
2045 -0.008046
2046 -0.008398
2047 0.002869
2048 0.002869
2049 -0.008398
2050 -0.008398
2051 -0.008046
2052 -0.008398
2053 0.002869
2054 0.003221
2055 -0.008398
2056 -0.008398
2057 -0.008398
2058 -0.008398
2059 -0.008398
2060 0.002869
2061 0.002869
2062 0.002869
2063 0.002869
2064 -0.008398
2065 -0.008046
2066 -0.008398
2067 -0.008046
2068 -0.008046
2069 0.002869
2070 -0.008398
2071 0.003221
2072 0.003221
2073 -0.008398
2074 -0.008046
2075 0.002869
2076 -0.008398
2077 0.002869
2078 -0.008046
2079 0.002869
2080 -0.008398
2081 0.002869
2082 -0.008398
2083 -0.008046
2084 -0.008398
2085 0.003221
2086 -0.008046
2087 0.002869
2088 -0.008398
2089 -0.008046
2090 -0.008046
2091 -0.008398
2092 -0.008046
2093 0.002869
2094 0.003221
2095 0.002869
2096 0.002869
2097 -0.008398
2098 -0.008046
2099 0.002869
2100 -0.008398
2101 0.002869
2102 0.003221
2103 0.002869
2104 -0.008398
2105 -0.008398
2106 0.003221
2107 0.003221
2108 -0.008046
2109 0.003221
2110 -0.008398
2111 0.002869
2112 0.002869
2113 -0.008046
2114 -0.008398
2115 0.003221
2116 -0.008046
2117 -0.008046
2118 -0.008398
2119 0.002869
2120 0.002869
2121 0.002869
2122 0.002869
2123 -0.008398
2124 -0.008046
2125 -0.008046
2126 -0.008046
2127 0.003221
2128 0.002869
2129 0.003221
2130 0.002869
2131 -0.008398
2132 -0.008398
2133 -0.008750
2134 -0.008046
2135 -0.008046
2136 0.003221
2137 -0.008398
2138 -0.008398
2139 -0.008046
2140 0.002869
2141 0.003221
2142 -0.008398
2143 -0.008046
2144 0.003221
2145 0.002869
2146 -0.008398
2147 0.002869
2148 -0.008046
2149 -0.008046
2150 -0.008398
2151 -0.008398
2152 -0.008046
2153 -0.008046
2154 0.002869
2155 0.003221
2156 -0.008046
2157 0.002869
2158 0.003221
2159 -0.008398
2160 0.002869
2161 0.003221
2162 0.002869
2163 0.002869
2164 -0.008046
2165 -0.008046
2166 -0.008398
2167 0.002869
2168 0.003221
2169 -0.008398
2170 -0.008398
2171 -0.008398
2172 -0.008398
2173 0.002869
2174 0.002869
2175 0.003221
2176 -0.008398
2177 0.002869
2178 -0.008398
2179 -0.008046
2180 -0.008046
2181 0.002869
2182 0.003221
2183 0.002869
2184 -0.008398
2185 0.003221
2186 -0.008398
2187 -0.008398
2188 -0.008046
2189 -0.008398
2190 -0.008398
2191 -0.008750
2192 -0.008398
2193 0.002517
2194 0.002869
2195 0.002869
2196 0.003221
2197 0.002869
2198 -0.008046
2199 -0.008398
2200 0.002869
2201 -0.008398
2202 0.002869
2203 -0.008398
2204 -0.008046
2205 -0.008398
2206 -0.008398
2207 -0.008046
2208 0.002869
2209 -0.008398
2210 -0.008398
2211 -0.008398
2212 -0.008398
2213 0.003221
2214 0.002869
2215 0.002869
2216 -0.008046
2217 0.003221
2218 0.002869
2219 -0.008398
2220 0.003221
2221 0.002869
2222 0.002869
2223 0.002869
2224 -0.008046
2225 -0.008398
2226 -0.008398
2227 0.002869
2228 0.002869
2229 0.002869
2230 0.002869
2231 -0.008398
2232 0.002869
2233 -0.008046
2234 -0.008398
2235 -0.008398
2236 -0.008046
2237 0.002869
2238 -0.008398
2239 -0.008046
2240 -0.008398
2241 -0.008398
2242 -0.008046
2243 -0.008398
2244 -0.008046
2245 -0.008398
2246 0.002869
2247 -0.008398
2248 -0.008046
2249 -0.008398
2250 0.002869
2251 0.002869
2252 -0.008398
2253 -0.008398
2254 -0.008046
2255 -0.008398
2256 -0.008398
2257 -0.008398
2258 -0.008398
2259 -0.008398
2260 0.002869
2261 0.002869
2262 0.003221
2263 0.002869
2264 -0.008398
2265 -0.008398
2266 -0.008398
2267 -0.008398
2268 -0.008398
2269 -0.008398
2270 -0.008398
2271 -0.008046
2272 -0.008750
2273 -0.008046
2274 -0.008398
2275 -0.008398
2276 -0.008398
2277 -0.008398
2278 -0.008398
2279 -0.008398
2280 -0.008398
2281 -0.008398
2282 -0.008398
2283 -0.008398
2284 -0.008046
2285 -0.008398
2286 -0.008398
2287 -0.008398
2288 -0.008398
2289 -0.008398
2290 0.002869
2291 -0.008398
2292 -0.008046
2293 0.003221
2294 0.003221
2295 0.002869
2296 0.002869
2297 -0.008398
2298 -0.008398
2299 -0.008046
2300 -0.008046
2301 -0.008398
2302 -0.008398
2303 -0.008046
2304 -0.008750
2305 -0.008750
2306 -0.008046
2307 -0.008398
2308 -0.008046
2309 -0.008398
2310 -0.008398
2311 -0.008046
2312 0.002869
2313 -0.008398
2314 -0.008046
2315 0.002869
2316 -0.008398
2317 -0.008046
2318 -0.008398
2319 -0.008046
2320 -0.008046
2321 -0.008398
2322 -0.008046
2323 -0.008750
2324 -0.008398
2325 -0.008046
2326 -0.008398
2327 -0.008398
2328 -0.008398
2329 -0.008046
2330 -0.008398
2331 -0.008046
2332 -0.008750
2333 -0.008750
2334 -0.008750
2335 -0.008046
2336 -0.008750
2337 -0.008750
2338 -0.008750
2339 -0.008046
2340 -0.008750
2341 -0.008046
2342 -0.008398
2343 -0.008398
2344 -0.008398
2345 -0.008046
2346 0.003221
2347 -0.008046
2348 -0.008398
2349 -0.008398
2350 -0.008046
2351 -0.008046
2352 -0.008046
2353 -0.008046
2354 -0.008046
2355 -0.008046
2356 -0.008398
2357 -0.008398
2358 -0.008398
2359 -0.008398
2360 -0.008398
2361 0.002869
2362 0.002869
2363 0.002869
2364 -0.008398
2365 -0.008398
2366 -0.008398
2367 -0.008398
2368 -0.008750
2369 -0.008046
2370 -0.008750
2371 -0.008046
2372 -0.008750
2373 -0.008046
2374 -0.008398
2375 -0.008398
2376 -0.008046
2377 -0.008398
2378 -0.008398
2379 0.002869
2380 -0.008398
2381 0.002869
2382 -0.008398
2383 0.003221
2384 -0.008398
2385 0.002869
2386 -0.008398
2387 -0.008398
2388 -0.008046
2389 -0.008398
2390 -0.008398
2391 -0.008398
2392 -0.008398
2393 -0.008046
2394 0.002869
2395 0.002869
2396 -0.008398
2397 -0.008398
2398 -0.008398
2399 -0.008398
2400 -0.008750
2401 -0.008398
2402 -0.008398
2403 -0.008398
2404 -0.008398
2405 -0.008046
2406 -0.008398
2407 0.002869
2408 -0.008398
2409 -0.008046
2410 -0.008046
2411 -0.008398
2412 -0.008046
2413 -0.008398
2414 -0.008398
2415 -0.008398
2416 -0.008046
2417 -0.008046
2418 -0.008046
2419 -0.008398
2420 -0.008398
2421 -0.008398
2422 -0.008046
2423 -0.008398
2424 -0.008398
2425 -0.008398
2426 -0.008398
2427 0.002869
2428 -0.008046
2429 0.002869
2430 0.002869
2431 -0.008398
2432 -0.008750
2433 -0.008398
2434 -0.008398
2435 0.003221
2436 -0.008398
2437 -0.008398
2438 -0.008398
2439 -0.008046
2440 -0.008398
2441 -0.008398
2442 -0.008398
2443 -0.008398
2444 -0.008398
2445 -0.008398
2446 -0.008398
2447 -0.008398
2448 -0.008046
2449 -0.008046
2450 -0.008398
2451 -0.008398
2452 -0.008398
2453 -0.008398
2454 -0.008398
2455 -0.008398
2456 -0.008398
2457 -0.008398
2458 -0.008398
2459 0.003221
2460 0.002869
2461 0.003221
2462 0.002869
2463 0.002869
2464 -0.008046
2465 -0.008046
2466 -0.008398
2467 -0.008046
2468 -0.008398
2469 -0.008750
2470 -0.008398
2471 -0.008398
2472 0.002869
2473 -0.008046
2474 -0.008398
2475 -0.008046
2476 -0.008398
2477 -0.008398
2478 -0.008046
2479 -0.008398
2480 -0.008398
2481 -0.008398
2482 -0.008398
2483 -0.008398
2484 -0.008046
2485 -0.008398
2486 -0.008046
2487 -0.008398
2488 -0.008398
2489 -0.008046
2490 -0.008398
2491 -0.008046
2492 -0.008398
2493 0.002869
2494 0.003221
2495 -0.008398
2496 -0.008398
2497 -0.008398
2498 -0.008398
2499 -0.008398
2500 -0.008398
2501 -0.008046
2502 0.003221
2503 -0.008398
2504 -0.008398
2505 0.002869
2506 -0.008398
2507 0.003221
2508 -0.008398
2509 0.003221
2510 -0.008398
2511 -0.008046
2512 -0.008398
2513 -0.008398
2514 -0.008046
2515 0.003221
2516 -0.008398
2517 0.002869
2518 0.003221
2519 -0.008398
2520 -0.008750
2521 -0.008398
2522 0.002869
2523 -0.008398
2524 -0.008398
2525 -0.008046
2526 -0.008398
2527 -0.008398
2528 -0.008046
2529 -0.008046
2530 0.002869
2531 -0.008398
2532 -0.008046
2533 -0.008046
2534 -0.008398
2535 0.002869
2536 -0.008398
2537 0.003221
2538 -0.008046
2539 0.003221
2540 -0.008398
2541 -0.008046
2542 -0.008750
2543 -0.008750
2544 -0.008046
2545 0.002869
2546 -0.008398
2547 0.003221
2548 -0.008398
2549 -0.008398
2550 0.002869
2551 0.003221
2552 0.002869
2553 0.002869
2554 0.002869
2555 0.002869
2556 0.002869
2557 0.002869
2558 -0.008398
2559 -0.008046
2560 -0.008750
2561 -0.008398
2562 -0.008398
2563 0.002869
2564 -0.008398
2565 -0.008046
2566 -0.008046
2567 -0.008046
2568 -0.008046
2569 -0.008398
2570 -0.008398
2571 0.002869
2572 -0.008398
2573 -0.008046
2574 -0.008398
2575 -0.008398
2576 0.002869
2577 -0.008398
2578 0.002869
2579 0.003221
2580 -0.008398
2581 0.002869
2582 -0.008398
2583 -0.008398
2584 -0.008398
2585 0.003221
2586 -0.008046
2587 0.002869
2588 -0.008398
2589 -0.008046
2590 -0.008398
2591 -0.008398
2592 -0.008750
2593 -0.008046
2594 0.002869
2595 0.003221
2596 0.003221
2597 -0.008398
2598 0.002869
2599 -0.008398
2600 -0.008046
2601 0.003221
2602 -0.008398
2603 -0.008046
2604 -0.008046
2605 -0.008046
2606 -0.008398
2607 -0.008046
2608 -0.008398
2609 -0.008398
2610 -0.008398
2611 -0.008398
2612 -0.008398
2613 -0.008046
2614 -0.008398
2615 0.002869
2616 0.002869
2617 -0.008046
2618 -0.008046
2619 0.003221
2620 0.002869
2621 0.002869
2622 -0.008046
2623 -0.008398
2624 -0.008750
2625 -0.008046
2626 0.002869
2627 0.003221
2628 0.002869
2629 0.002869
2630 0.003221
2631 -0.008398
2632 0.002869
2633 -0.008398
2634 -0.008398
2635 0.002869
2636 0.003221
2637 0.002869
2638 0.003221
2639 -0.008398
2640 0.002869
2641 0.003221
2642 -0.008046
2643 -0.008750
2644 -0.008750
2645 -0.008398
2646 0.002869
2647 -0.008046
2648 -0.008398
2649 0.003221
2650 0.003221
2651 0.003221
2652 -0.008398
2653 -0.008398
2654 -0.008046
2655 -0.008398
2656 -0.008750
2657 -0.008046
2658 -0.008398
2659 -0.008046
2660 0.003221
2661 0.002869
2662 0.002869
2663 0.002869
2664 -0.008398
2665 -0.008398
2666 -0.008398
2667 -0.008046
2668 -0.008398
2669 0.003221
2670 -0.008046
2671 0.002869
2672 0.002869
2673 -0.008398
2674 0.003221
2675 -0.008046
2676 0.002869
2677 -0.008046
2678 0.002869
2679 0.002869
2680 -0.008046
2681 0.003221
2682 0.002869
2683 -0.008398
2684 0.003221
2685 -0.008398
2686 -0.008398
2687 -0.008398
2688 -0.008046
2689 -0.008046
2690 -0.008398
2691 -0.008398
2692 -0.008046
2693 -0.008398
2694 0.003221
2695 0.002869
2696 0.003221
2697 0.003221
2698 -0.008398
2699 -0.008398
2700 -0.008398
2701 0.002869
2702 0.002869
2703 0.002869
2704 0.003221
2705 0.002869
2706 -0.008398
2707 0.003221
2708 -0.008398
2709 -0.008046
2710 -0.008750
2711 0.002869
2712 -0.008046
2713 -0.008398
2714 0.003221
2715 0.002869
2716 0.002869
2717 0.003221
2718 0.003221
2719 -0.008398
2720 -0.008750
2721 -0.008398
2722 -0.008398
2723 -0.008398
2724 0.003221
2725 0.003221
2726 0.002869
2727 0.002869
2728 0.003221
2729 0.002869
2730 0.002869
2731 0.002869
2732 -0.008046
2733 -0.008398
2734 0.003221
2735 0.002869
2736 -0.008398
2737 -0.008046
2738 -0.008398
2739 -0.008398
2740 0.003221
2741 0.002869
2742 -0.008398
2743 -0.008398
2744 -0.008046
2745 -0.008398
2746 -0.008046
2747 -0.008046
2748 -0.008398
2749 0.002869
2750 0.003221
2751 -0.008398
2752 -0.008046
2753 -0.008750
2754 -0.008046
2755 0.002869
2756 -0.008398
2757 -0.008398
2758 -0.008398
2759 -0.008398
2760 -0.008398
2761 0.002869
2762 0.002869
2763 -0.008046
2764 -0.008046
2765 -0.008046
2766 -0.008046
2767 -0.008398
2768 -0.008398
2769 -0.008046
2770 -0.008398
2771 -0.008398
2772 -0.008398
2773 -0.008398
2774 -0.008046
2775 -0.008398
2776 -0.008046
2777 -0.008046
2778 -0.008750
2779 0.003221
2780 -0.008398
2781 0.002869
2782 -0.008046
2783 -0.008046
2784 -0.008046
2785 -0.008398
2786 -0.008398
2787 -0.008046
2788 -0.008398
2789 -0.008046
2790 -0.008398
2791 -0.008046
2792 -0.008398
2793 -0.008398
2794 0.002869
2795 0.003221
2796 0.003221
2797 0.003221
2798 -0.008398
2799 -0.008398
2800 -0.008398
2801 -0.008398
2802 -0.008046
2803 -0.008398
2804 -0.008398
2805 -0.008398
2806 -0.008046
2807 -0.008398
2808 -0.008046
2809 -0.008046
2810 -0.008398
2811 -0.008398
2812 -0.008398
2813 -0.008398
2814 -0.008046
2815 -0.008046
2816 -0.008750
2817 -0.008398
2818 -0.008398
2819 -0.008398
2820 -0.008398
2821 0.003221
2822 -0.008398
2823 0.002869
2824 -0.008398
2825 -0.008398
2826 -0.008398
2827 0.003221
2828 0.002869
2829 0.002869
2830 0.002869
2831 -0.008398
2832 0.002869
2833 -0.008398
2834 -0.008398
2835 0.002869
2836 -0.008398
2837 0.002869
2838 0.002869
2839 -0.008398
2840 -0.008398
2841 -0.008398
2842 -0.008046
2843 -0.008398
2844 -0.008046
2845 -0.008398
2846 -0.008750
2847 -0.008046
2848 -0.008750
2849 -0.008750
2850 -0.008398
2851 -0.008046
2852 -0.008046
2853 -0.008398
2854 -0.008046
2855 -0.008046
2856 -0.008046
2857 -0.008398
2858 -0.008398
2859 -0.008046
2860 0.002869
2861 0.002869
2862 0.003221
2863 0.002869
2864 -0.008398
2865 -0.008046
2866 -0.008046
2867 -0.008398
2868 -0.008046
2869 -0.008398
2870 -0.008398
2871 -0.008398
2872 -0.008398
2873 -0.008046
2874 -0.008398
2875 0.003221
2876 -0.008046
2877 -0.008046
2878 -0.008398
2879 -0.008398
2880 -0.008750
2881 -0.008398
2882 -0.008398
2883 -0.008046
2884 -0.008398
2885 -0.008046
2886 -0.008398
2887 -0.008398
2888 -0.008398
2889 -0.008398
2890 -0.008398
2891 -0.008398
2892 -0.008398
2893 -0.008046
2894 0.002869
2895 0.002869
2896 0.002869
2897 -0.008398
2898 -0.008398
2899 -0.008046
2900 -0.008398
2901 0.003221
2902 -0.008398
2903 -0.008046
2904 -0.008398
2905 -0.008750
2906 -0.008398
2907 -0.008046
2908 -0.008398
2909 -0.008398
2910 -0.008398
2911 -0.008398
2912 -0.008750
2913 -0.008398
2914 -0.008398
2915 -0.008046
2916 -0.008398
2917 -0.008398
2918 -0.008398
2919 -0.008046
2920 -0.008046
2921 -0.008046
2922 -0.008398
2923 -0.008046
2924 -0.008398
2925 -0.008398
2926 -0.008046
2927 0.002869
2928 0.002869
2929 0.002869
2930 -0.008398
2931 -0.008398
2932 -0.008046
2933 -0.008750
2934 -0.008398
2935 -0.008398
2936 -0.008398
2937 -0.008750
2938 -0.008046
2939 -0.008750
2940 -0.008046
2941 -0.008750
2942 -0.008750
2943 -0.008750
2944 -0.008750
2945 -0.008750
2946 -0.008750
2947 -0.008750
2948 -0.008750
2949 -0.008750
2950 -0.008750
2951 -0.008398
2952 -0.008398
2953 -0.008398
2954 -0.008046
2955 -0.008398
2956 -0.008046
2957 -0.008398
2958 -0.008398
2959 -0.008398
2960 -0.008046
2961 0.002869
2962 0.002869
2963 0.003221
2964 -0.008398
2965 -0.008046
2966 -0.008398
2967 -0.008398
2968 -0.008398
2969 -0.008398
2970 -0.008398
2971 -0.008398
2972 -0.008398
2973 -0.008398
2974 -0.008046
2975 -0.008750
2976 -0.008750
2977 -0.008046
2978 -0.008398
2979 -0.008398
2980 -0.008046
2981 0.002869
2982 -0.008398
2983 -0.008398
2984 -0.008398
2985 -0.008398
2986 -0.008398
2987 -0.008046
2988 -0.008398
2989 0.003221
2990 -0.008398
2991 -0.008398
2992 -0.008046
2993 -0.008398
2994 0.002869
2995 0.002869
2996 0.003221
2997 0.002517
2998 0.003221
2999 -0.008398
3000 -0.008046
3001 -0.008398
3002 -0.008398
3003 -0.008046
3004 -0.008046
3005 -0.008398
3006 -0.008046
3007 -0.008750
3008 -0.008750
3009 -0.008398
3010 -0.008398
3011 0.003221
3012 -0.008046
3013 -0.008046
3014 0.002869
3015 -0.008046
3016 -0.008398
3017 -0.008398
3018 -0.008398
3019 -0.008046
3020 0.002869
3021 0.002869
3022 -0.008046
3023 0.002869
3024 0.002869
3025 -0.008046
3026 -0.008398
3027 0.002869
3028 0.002869
3029 0.002869
3030 0.002869
3031 -0.008398
3032 0.002869
3033 0.003221
3034 0.003221
3035 -0.008398
3036 0.002869
3037 0.003221
3038 0.003221
3039 -0.008046
3040 -0.008750
3041 -0.008398
3042 -0.008398
3043 -0.008750
3044 -0.008046
3045 -0.008046
3046 -0.008398
3047 0.002869
3048 0.003221
3049 0.002869
3050 -0.008046
3051 -0.008398
3052 -0.008046
3053 -0.008046
3054 0.002869
3055 0.002869
3056 0.002869
3057 0.002869
3058 -0.008398
3059 -0.008046
3060 0.003221
3061 0.002869
3062 0.003221
3063 0.002869
3064 -0.008398
3065 0.002869
3066 -0.008398
3067 0.003221
3068 -0.008398
3069 -0.008398
3070 0.003221
3071 0.002869
3072 0.002869
3073 -0.008398
3074 0.002869
3075 0.002869
3076 0.003221
3077 0.003221
3078 -0.008398
3079 0.002869
3080 0.002869
3081 -0.008398
3082 0.002869
3083 -0.008398
3084 0.002869
3085 -0.008398
3086 -0.008398
3087 -0.008398
3088 0.003221
3089 0.003221
3090 0.002869
3091 0.003221
3092 -0.008398
3093 -0.008398
3094 0.003221
3095 0.003221
3096 0.002869
3097 0.002869
3098 -0.008398
3099 -0.008398
3100 0.003221
3101 0.002869
3102 0.002869
3103 0.002869
3104 -0.008398
3105 -0.008398
3106 -0.008398
3107 0.002869
3108 0.002517
3109 0.003221
3110 0.003221
3111 -0.008398
3112 0.003221
3113 0.003221
3114 0.002869
3115 0.003221
3116 0.002517
3117 0.003221
3118 0.002869
3119 -0.008398
3120 0.002869
3121 -0.008398
3122 0.002869
3123 -0.008398
3124 -0.008398
3125 -0.008398
3126 -0.008398
3127 0.002869
3128 0.002869
3129 0.002869
3130 0.003221
3131 -0.008398
3132 -0.008046
3133 -0.008398
3134 -0.008398
3135 0.002869
3136 -0.008398
3137 0.002869
3138 -0.008398
3139 -0.008398
3140 0.003221
3141 0.002869
3142 -0.008046
3143 0.003221
3144 0.003221
3145 0.002869
3146 -0.008398
3147 0.002869
3148 -0.008398
3149 0.003221
3150 0.002869
3151 -0.008046
3152 -0.008398
3153 -0.008398
3154 -0.008398
3155 0.002869
3156 -0.008046
3157 -0.008398
3158 0.002869
3159 -0.008046
3160 0.002869
3161 0.003221
3162 0.003221
3163 0.002869
3164 0.003221
3165 -0.008398
3166 -0.008398
3167 0.002869
3168 -0.008750
3169 -0.008398
3170 -0.008398
3171 -0.008046
3172 -0.008046
3173 -0.008046
3174 -0.008398
3175 -0.008046
3176 0.003221
3177 0.002869
3178 0.002869
3179 -0.008046
3180 -0.008398
3181 0.002869
3182 -0.008398
3183 0.003221
3184 -0.008046
3185 0.003221
3186 -0.008046
3187 -0.008398
3188 -0.008046
3189 -0.008398
3190 -0.008046
3191 -0.008398
3192 -0.008046
3193 0.003221
3194 0.003221
3195 0.002869
3196 0.002869
3197 0.003221
3198 0.002869
3199 -0.008398
3200 -0.008046
3201 -0.008398
3202 -0.008398
3203 0.002869
3204 -0.008046
3205 -0.008398
3206 0.002869
3207 -0.008398
3208 0.002869
3209 -0.008398
3210 -0.008398
3211 -0.008398
3212 -0.008398
3213 -0.008398
3214 0.002869
3215 0.002869
3216 0.002869
3217 -0.008398
3218 -0.008046
3219 -0.008398
3220 -0.008046
3221 0.002869
3222 0.002869
3223 0.002869
3224 -0.008046
3225 0.002869
3226 0.003221
3227 0.002869
3228 0.003221
3229 0.002869
3230 0.002869
3231 0.002869
3232 -0.008398
3233 0.002869
3234 -0.008398
3235 -0.008398
3236 0.002869
3237 0.003221
3238 0.002869
3239 -0.008398
3240 0.002869
3241 0.002869
3242 -0.008046
3243 -0.008398
3244 0.002869
3245 0.002869
3246 0.002869
3247 -0.008398
3248 0.003221
3249 0.003221
3250 0.002869
3251 0.002869
3252 -0.008398
3253 -0.008750
3254 -0.008398
3255 -0.008398
3256 -0.008046
3257 -0.008046
3258 -0.008398
3259 -0.008046
3260 0.002869
3261 0.002869
3262 -0.008398
3263 0.002869
3264 0.002869
3265 -0.008398
3266 -0.008398
3267 -0.008398
3268 -0.008046
3269 -0.008398
3270 -0.008398
3271 0.002869
3272 -0.008398
3273 -0.008398
3274 -0.008046
3275 -0.007694
3276 -0.008398
3277 -0.008398
3278 -0.008398
3279 -0.008398
3280 -0.008398
3281 -0.008046
3282 -0.008398
3283 -0.008398
3284 -0.008398
3285 -0.008046
3286 -0.008398
3287 -0.008398
3288 -0.008398
3289 0.002869
3290 -0.008398
3291 -0.008046
3292 -0.008398
3293 -0.008398
3294 -0.008398
3295 0.003221
3296 0.002869
3297 -0.008398
3298 -0.008398
3299 -0.008046
3300 -0.008398
3301 -0.008046
3302 -0.008046
3303 -0.008046
3304 -0.008398
3305 -0.008398
3306 0.003221
3307 0.003221
3308 -0.008398
3309 -0.008398
3310 -0.008398
3311 -0.008398
3312 -0.008398
3313 -0.008398
3314 -0.008398
3315 -0.008398
3316 -0.008398
3317 -0.008398
3318 -0.008046
3319 -0.008398
3320 -0.008398
3321 -0.008398
3322 -0.008046
3323 -0.008398
3324 -0.008046
3325 -0.008398
3326 -0.008046
3327 -0.008750
3328 -0.008750
3329 -0.008046
3330 -0.008398
3331 -0.008398
3332 -0.008398
3333 -0.008046
3334 -0.008046
3335 -0.008398
3336 -0.008046
3337 -0.008398
3338 -0.008398
3339 -0.008398
3340 -0.008398
3341 0.003221
3342 -0.008046
3343 -0.008398
3344 -0.008398
3345 -0.008046
3346 0.002869
3347 -0.008046
3348 -0.008398
3349 -0.008398
3350 -0.008398
3351 0.002869
3352 0.002869
3353 0.002869
3354 -0.008046
3355 -0.008046
3356 -0.008046
3357 -0.008046
3358 -0.008398
3359 -0.008046
3360 -0.008750
3361 -0.008398
3362 0.002517
3363 -0.008398
3364 -0.008398
3365 -0.008398
3366 -0.008398
3367 -0.008398
3368 -0.008046
3369 -0.008398
3370 -0.008046
3371 -0.008046
3372 -0.008046
3373 -0.008398
3374 0.002869
3375 -0.008398
3376 -0.008398
3377 -0.008398
3378 -0.008398
3379 -0.008398
3380 -0.008398
3381 -0.008398
3382 -0.008398
3383 -0.008398
3384 0.002869
3385 -0.008046
3386 -0.008398
3387 -0.008046
3388 -0.008046
3389 -0.008398
3390 -0.008398
3391 -0.008046
3392 -0.008750
3393 -0.008398
3394 0.002869
3395 0.002869
3396 -0.008398
3397 -0.008046
3398 -0.008046
3399 -0.008398
3400 -0.008398
3401 -0.008398
3402 -0.008046
3403 -0.008398
3404 -0.008398
3405 -0.008398
3406 -0.008398
3407 -0.008046
3408 -0.008750
3409 -0.008046
3410 -0.008398
3411 -0.008046
3412 -0.008398
3413 -0.008750
3414 -0.008750
3415 -0.008398
3416 -0.008398
3417 -0.008398
3418 -0.008398
3419 -0.008398
3420 -0.008398
3421 -0.008046
3422 -0.008398
3423 -0.008750
3424 -0.008750
3425 -0.008398
3426 -0.008398
3427 0.002869
3428 -0.008398
3429 0.003221
3430 0.002869
3431 -0.008398
3432 0.002869
3433 -0.008398
3434 -0.008398
3435 -0.008398
3436 -0.008398
3437 -0.008398
3438 -0.008398
3439 -0.008398
3440 -0.008398
3441 -0.008398
3442 -0.008398
3443 -0.008046
3444 -0.008398
3445 -0.008398
3446 -0.008398
3447 0.003221
3448 -0.008046
3449 -0.008398
3450 -0.008398
3451 -0.008398
3452 -0.008046
3453 -0.008398
3454 -0.008046
3455 -0.008046
3456 -0.008046
3457 -0.008750
3458 -0.008750
3459 -0.008046
3460 -0.008398
3461 0.002869
3462 0.003221
3463 0.002869
3464 0.003221
3465 -0.008046
3466 -0.008046
3467 0.002869
3468 -0.008046
3469 -0.008398
3470 -0.008398
3471 -0.008398
3472 -0.008398
3473 -0.008046
3474 -0.008398
3475 -0.008398
3476 -0.008398
3477 -0.008398
3478 -0.008046
3479 -0.008398
3480 -0.008398
3481 -0.008398
3482 -0.008398
3483 -0.008398
3484 -0.008398
3485 0.002869
3486 -0.008398
3487 -0.008750
3488 -0.008046
3489 -0.008750
3490 -0.008046
3491 -0.008046
3492 -0.008398
3493 -0.008046
3494 -0.008398
3495 0.003221
3496 0.002869
3497 -0.008398
3498 -0.008046
3499 -0.008046
3500 -0.008046
3501 -0.008398
3502 0.003221
3503 0.003221
3504 -0.008046
3505 -0.008046
3506 -0.008398
3507 -0.008046
3508 -0.008046
3509 -0.008398
3510 -0.008398
3511 -0.008046
3512 -0.008398
3513 -0.008046
3514 -0.008398
3515 0.002869
3516 -0.008398
3517 0.002869
3518 0.002869
3519 -0.008398
3520 -0.008750
3521 -0.008046
3522 -0.008398
3523 -0.008046
3524 -0.008398
3525 -0.008046
3526 0.002869
3527 0.003221
3528 0.002869
3529 0.002869
3530 0.002869
3531 -0.008046
3532 -0.008046
3533 -0.008398
3534 -0.008398
3535 0.003221
3536 0.002869
3537 0.002869
3538 -0.008398
3539 -0.008398
3540 -0.008398
3541 -0.008398
3542 -0.008750
3543 -0.008750
3544 -0.008046
3545 -0.008398
3546 -0.008398
3547 -0.008398
3548 -0.008398
3549 -0.008398
3550 -0.008398
3551 -0.008750
3552 -0.008750
3553 -0.008046
3554 -0.008750
3555 -0.008046
3556 -0.008398
3557 -0.008398
3558 -0.008398
3559 -0.008398
3560 -0.008398
3561 -0.008398
3562 0.002869
3563 0.002869
3564 -0.008398
3565 -0.008398
3566 -0.008398
3567 -0.008398
3568 0.002869
3569 0.002869
3570 0.003221
3571 0.002869
3572 -0.008046
3573 -0.008046
3574 -0.008398
3575 -0.008046
3576 -0.008398
3577 -0.008398
3578 -0.008398
3579 -0.008398
3580 -0.008398
3581 0.003221
3582 -0.008046
3583 -0.008750
3584 -0.008750
3585 -0.008046
3586 -0.008398
3587 0.002869
3588 -0.008046
3589 -0.008398
3590 -0.008046
3591 -0.008398
3592 -0.008398
3593 -0.008398
3594 0.003221
3595 0.002869
3596 0.002869
3597 0.002869
3598 0.002869
3599 0.002869
3600 -0.008398
3601 -0.008398
3602 -0.008398
3603 -0.008398
3604 -0.008046
3605 -0.008398
3606 -0.008398
3607 -0.008046
3608 -0.008398
3609 0.003221
3610 -0.008398
3611 -0.008398
3612 -0.008398
3613 0.003221
3614 0.002869
3615 -0.008398
3616 -0.008398
3617 -0.008398
3618 -0.008398
3619 -0.008398
3620 -0.008398
3621 -0.008398
3622 0.003221
3623 0.003221
3624 0.002869
3625 -0.008398
3626 -0.008398
3627 0.002869
3628 0.003221
3629 0.002869
3630 0.002869
3631 -0.008398
3632 -0.008398
3633 0.002869
3634 0.003221
3635 0.002869
3636 -0.008398
3637 0.002869
3638 0.002869
3639 0.002869
3640 -0.008398
3641 -0.008046
3642 -0.008398
3643 -0.008398
3644 -0.008046
3645 -0.008398
3646 -0.008398
3647 -0.008046
3648 -0.008750
3649 -0.008046
3650 -0.008398
3651 -0.008046
3652 -0.008398
3653 -0.008046
3654 0.002869
3655 0.002869
3656 -0.008398
3657 -0.008398
3658 0.003221
3659 -0.008398
3660 0.003221
3661 -0.008046
3662 -0.008046
3663 -0.008046
3664 0.003221
3665 -0.008398
3666 0.002869
3667 0.003221
3668 -0.008398
3669 -0.008398
3670 -0.008046
3671 -0.008046
3672 0.002869
3673 -0.008398
3674 0.002869
3675 -0.008046
3676 -0.008398
3677 -0.008398
3678 -0.008398
3679 -0.008750
3680 -0.008750
3681 -0.008398
3682 -0.008046
3683 -0.008046
3684 -0.008046
3685 -0.008398
3686 -0.008398
3687 0.002869
3688 -0.008398
3689 -0.008398
3690 -0.008398
3691 -0.008398
3692 -0.008398
3693 -0.008398
3694 0.003221
3695 0.002869
3696 0.002869
3697 0.003221
3698 -0.008398
3699 -0.008398
3700 0.002869
3701 0.002869
3702 0.003221
3703 -0.008398
3704 0.003221
3705 0.002869
3706 -0.008398
3707 -0.008398
3708 -0.008046
3709 0.002869
3710 -0.008398
3711 -0.008398
3712 -0.008750
3713 -0.008398
3714 -0.008398
3715 0.002869
3716 -0.008398
3717 0.002869
3718 -0.008046
3719 -0.008398
3720 0.002869
3721 -0.008398
3722 0.002869
3723 -0.008398
3724 -0.008046
3725 -0.008046
3726 -0.008398
3727 0.002869
3728 0.002869
3729 0.002869
3730 0.002869
3731 -0.008398
3732 -0.008046
3733 -0.008398
3734 0.003221
3735 0.002869
3736 -0.008398
3737 -0.008398
3738 0.002869
3739 -0.008398
3740 -0.008398
3741 0.003221
3742 -0.008398
3743 -0.008398
3744 -0.008398
3745 0.002869
3746 -0.008398
3747 0.002869
3748 -0.008046
3749 -0.008398
3750 0.002869
3751 -0.008398
3752 0.003221
3753 -0.008398
3754 -0.008398
3755 0.002869
3756 -0.008046
3757 -0.008398
3758 0.002869
3759 -0.008398
3760 0.002869
3761 0.002869
3762 -0.008398
3763 -0.008398
3764 -0.008398
3765 -0.008398
3766 -0.008398
3767 -0.008398
3768 -0.008046
3769 -0.008046
3770 0.002869
3771 -0.008398
3772 -0.008398
3773 -0.008398
3774 -0.008398
3775 -0.008046
3776 -0.008750
3777 -0.008398
3778 -0.008046
3779 -0.008046
3780 -0.008398
3781 -0.008398
3782 0.002869
3783 0.002869
3784 0.003221
3785 -0.008046
3786 0.002869
3787 -0.008046
3788 -0.008398
3789 -0.008398
3790 -0.008398
3791 -0.008398
3792 -0.008398
3793 -0.008046
3794 0.002869
3795 0.002869
3796 -0.008398
3797 -0.008046
3798 -0.008046
3799 -0.008398
3800 -0.008398
3801 -0.008046
3802 -0.008046
3803 -0.008398
3804 -0.008398
3805 -0.008398
3806 -0.008046
3807 -0.008398
3808 -0.008046
3809 -0.008398
3810 -0.008398
3811 -0.008398
3812 -0.008398
3813 -0.008398
3814 -0.008398
3815 -0.008398
3816 -0.008398
3817 -0.008398
3818 -0.008398
3819 -0.008398
3820 -0.008398
3821 0.002869
3822 -0.008398
3823 -0.008398
3824 -0.008398
3825 -0.008046
3826 0.003221
3827 0.002869
3828 0.002869
3829 0.003221
3830 0.003221
3831 -0.008398
3832 -0.008398
3833 -0.008398
3834 -0.008398
3835 -0.008398
3836 -0.008398
3837 -0.008398
3838 -0.008398
3839 -0.008750
3840 -0.008750
3841 -0.008046
3842 -0.008046
3843 -0.008398
3844 -0.008046
3845 -0.008398
3846 -0.008398
3847 -0.008398
3848 -0.008398
3849 -0.008398
3850 -0.008398
3851 -0.008398
3852 -0.008398
3853 -0.008398
3854 -0.008398
3855 -0.008398
3856 -0.008398
3857 -0.008398
3858 -0.008398
3859 -0.008398
3860 0.003221
3861 0.002869
3862 0.002869
3863 0.003221
3864 -0.008750
3865 -0.008398
3866 -0.008046
3867 -0.008046
3868 -0.008398
3869 -0.008398
3870 -0.008398
3871 -0.008750
3872 -0.008750
3873 -0.008750
3874 -0.008398
3875 -0.008398
3876 -0.008398
3877 -0.008398
3878 0.003221
3879 -0.008398
3880 -0.008398
3881 -0.008398
3882 -0.008398
3883 -0.008398
3884 -0.008398
3885 -0.008398
3886 -0.008398
3887 -0.008398
3888 -0.008398
3889 -0.008398
3890 -0.008398
3891 -0.008398
3892 -0.008398
3893 -0.008398
3894 0.002869
3895 0.003221
3896 0.003221
3897 -0.008398
3898 -0.008046
3899 -0.008398
3900 -0.008046
3901 -0.008046
3902 -0.008398
3903 -0.008046
3904 -0.008750
3905 -0.008750
3906 -0.008046
3907 -0.008046
3908 -0.008398
3909 -0.008398
3910 -0.008398
3911 -0.008046
3912 -0.008398
3913 -0.008046
3914 -0.008046
3915 0.002869
3916 -0.008398
3917 -0.008398
3918 -0.008398
3919 -0.008398
3920 -0.008398
3921 -0.008398
3922 -0.008046
3923 -0.008046
3924 -0.008398
3925 -0.008398
3926 -0.008398
3927 0.002869
3928 0.002869
3929 -0.008046
3930 -0.008398
3931 -0.008398
3932 -0.008046
3933 -0.008398
3934 -0.008398
3935 -0.008046
3936 -0.008398
3937 -0.008398
3938 -0.008398
3939 -0.008398
3940 -0.008046
3941 -0.008046
3942 0.002869
3943 -0.008398
3944 -0.008398
3945 -0.008046
3946 -0.008398
3947 -0.008398
3948 -0.008046
3949 -0.008398
3950 -0.008398
3951 -0.008046
3952 -0.008046
3953 -0.008046
3954 -0.008398
3955 -0.008046
3956 -0.008398
3957 -0.008398
3958 -0.008398
3959 -0.008046
3960 -0.008398
3961 -0.008398
3962 0.003221
3963 0.002869
3964 -0.008398
3965 -0.008398
3966 -0.008046
3967 -0.008750
3968 -0.008750
3969 -0.008398
3970 -0.008398
3971 -0.008046
3972 -0.008398
3973 -0.008398
3974 0.003221
3975 -0.008046
3976 -0.008398
3977 -0.008398
3978 -0.008398
3979 -0.008046
3980 -0.008046
3981 -0.008398
3982 0.002869
3983 -0.008750
3984 -0.008398
3985 -0.008046
3986 0.002869
3987 0.002869
3988 -0.008398
3989 -0.008398
3990 -0.008398
3991 -0.008398
3992 -0.008046
3993 -0.008398
3994 0.003221
3995 0.002869
3996 0.003221
3997 -0.008398
3998 -0.008398
3999 -0.008750
4000 -0.008750
4001 -0.008398
4002 0.002869
4003 -0.008398
4004 -0.008398
4005 -0.008398
4006 -0.008398
4007 -0.008398
4008 -0.008046
4009 0.002869
4010 -0.008398
4011 -0.008046
4012 -0.008046
4013 -0.008398
4014 -0.008398
4015 -0.008398
4016 0.002869
4017 -0.008398
4018 0.002869
4019 -0.008046
4020 -0.008398
4021 0.003221
4022 0.003221
4023 -0.008398
4024 -0.008398
4025 -0.008398
4026 0.002869
4027 0.002869
4028 0.002869
4029 0.003221
4030 0.003221
4031 -0.008750
4032 -0.008398
4033 -0.008398
4034 0.002869
4035 0.002869
4036 0.002869
4037 0.002869
4038 0.002869
4039 -0.008398
4040 0.003221
4041 -0.008046
4042 -0.008398
4043 -0.008046
4044 -0.008398
4045 0.003221
4046 -0.008398
4047 -0.008046
4048 -0.008398
4049 0.002869
4050 0.002869
4051 -0.008398
4052 -0.008046
4053 -0.008398
4054 -0.008398
4055 0.003221
4056 0.002869
4057 -0.008046
4058 -0.008398
4059 -0.008398
4060 0.002869
4061 0.003221
4062 0.003221
4063 -0.008398
4064 -0.008046
4065 -0.008046
4066 -0.008398
4067 -0.008398
4068 -0.008046
4069 -0.008398
4070 -0.008046
4071 -0.008398
4072 0.003221
4073 0.002869
4074 0.002869
4075 0.002869
4076 -0.008398
4077 0.002869
4078 0.003221
4079 0.002869
4080 0.003221
4081 -0.008398
4082 0.002869
4083 -0.008398
4084 0.002869
4085 0.003221
4086 -0.008046
4087 0.002869
4088 0.002869
4089 0.002869
4090 -0.008398
4091 -0.008398
4092 -0.008398
4093 -0.008398
4094 0.002869
4095 -0.008398
4096 -0.008398
4097 -0.008046
4098 -0.008398
4099 -0.008398
4100 -0.008398
4101 -0.008046
4102 0.003221
4103 0.003221
4104 0.002869
4105 0.003221
4106 -0.008046
4107 -0.008398
4108 -0.008398
4109 -0.008398
4110 0.003221
4111 -0.008398
4112 0.002869
4113 -0.008398
4114 0.002869
4115 0.003221
4116 -0.008398
4117 0.003221
4118 0.003221
4119 -0.008046
4120 -0.008398
4121 -0.008398
4122 0.002869
4123 -0.008046
4124 -0.008398
4125 0.002869
4126 -0.008398
4127 -0.008750
4128 -0.008398
4129 -0.008046
4130 0.002869
4131 0.002869
4132 -0.008398
4133 -0.008398
4134 -0.008398
4135 -0.008046
4136 0.002869
4137 0.003221
4138 0.002869
4139 -0.008398
4140 -0.008046
4141 0.002869
4142 0.003221
4143 -0.008046
4144 -0.008046
4145 -0.008398
4146 -0.008398
4147 -0.008398
4148 -0.008398
4149 -0.008046
4150 -0.008398
4151 -0.008398
4152 -0.008398
4153 -0.008398
4154 -0.008046
4155 -0.008398
4156 -0.008398
4157 -0.008398
4158 -0.008750
4159 -0.008046
4160 -0.008750
4161 -0.008046
4162 -0.008046
4163 -0.008750
4164 -0.008750
4165 -0.008398
4166 0.002869
4167 -0.008398
4168 -0.008398
4169 -0.008398
4170 -0.008398
4171 -0.008398
4172 -0.008398
4173 -0.008398
4174 -0.008398
4175 0.002869
4176 0.002869
4177 0.003221
4178 -0.008398
4179 -0.008398
4180 0.002869
4181 -0.008398
4182 -0.008398
4183 -0.008046
4184 0.002869
4185 -0.008398
4186 0.002869
4187 -0.008398
4188 -0.008046
4189 0.003221
4190 -0.008046
4191 -0.008046
4192 -0.008750
4193 -0.008046
4194 -0.008398
4195 -0.008398
4196 0.002869
4197 0.002869
4198 0.003221
4199 -0.008398
4200 -0.008046
4201 0.002869
4202 -0.008398
4203 -0.008750
4204 0.003221
4205 -0.008398
4206 -0.008398
4207 -0.008398
4208 -0.008398
4209 -0.008398
4210 -0.008398
4211 -0.008398
4212 -0.008398
4213 0.002869
4214 -0.008398
4215 0.003221
4216 0.003221
4217 -0.008398
4218 0.002869
4219 -0.008398
4220 -0.008046
4221 -0.008398
4222 -0.008398
4223 -0.008046
4224 -0.008750
4225 -0.008398
4226 -0.008398
4227 0.003221
4228 0.003221
4229 0.002869
4230 0.003221
4231 0.003221
4232 0.002869
4233 0.002869
4234 0.002869
4235 0.002869
4236 -0.008398
4237 0.002869
4238 0.002869
4239 0.003221
4240 -0.008398
4241 -0.008398
4242 -0.008046
4243 -0.008398
4244 0.002869
4245 0.003221
4246 -0.008046
4247 -0.008398
4248 0.002869
4249 -0.008398
4250 -0.008398
4251 -0.008398
4252 -0.008398
4253 -0.008046
4254 -0.008398
4255 -0.008750
4256 -0.008750
4257 -0.008398
4258 -0.008398
4259 -0.008398
4260 -0.008398
4261 0.002869
4262 0.002869
4263 0.003221
4264 -0.008398
4265 -0.008046
4266 -0.008398
4267 0.002869
4268 -0.008398
4269 -0.008398
4270 -0.008398
4271 -0.008750
4272 -0.008046
4273 -0.008398
4274 -0.008046
4275 -0.008398
4276 -0.008398
4277 -0.008046
4278 0.002869
4279 -0.008046
4280 -0.008046
4281 -0.008398
4282 -0.008046
4283 -0.008398
4284 -0.008398
4285 -0.008398
4286 -0.008046
4287 -0.008750
4288 -0.008046
4289 -0.008750
4290 -0.008046
4291 -0.008398
4292 -0.008398
4293 -0.008398
4294 0.003221
4295 -0.008398
4296 0.002869
4297 -0.008398
4298 -0.008398
4299 -0.008398
4300 -0.008398
4301 -0.008398
4302 0.002869
4303 -0.008398
4304 -0.008398
4305 -0.008046
4306 -0.008398
4307 -0.008046
4308 -0.008398
4309 -0.008398
4310 -0.008046
4311 -0.008398
4312 0.002869
4313 0.002869
4314 -0.008398
4315 -0.008046
4316 0.002869
4317 -0.008398
4318 -0.008046
4319 -0.008398
4320 -0.008750
4321 -0.008398
4322 -0.008398
4323 -0.008398
4324 -0.008046
4325 -0.008398
4326 -0.008046
4327 0.003221
4328 0.002869
4329 0.002869
4330 -0.008750
4331 -0.008398
4332 -0.008398
4333 -0.008398
4334 -0.008398
4335 -0.008046
4336 0.003221
4337 -0.008398
4338 -0.008398
4339 -0.008046
4340 -0.008046
4341 -0.008398
4342 -0.008398
4343 -0.008046
4344 -0.008398
4345 -0.008398
4346 -0.008398
4347 -0.008046
4348 -0.008398
4349 -0.008398
4350 -0.008398
4351 -0.008046
4352 -0.008750
4353 -0.008750
4354 -0.008046
4355 0.002869
4356 -0.008398
4357 -0.008398
4358 -0.008398
4359 -0.008046
4360 0.002869
4361 0.002869
4362 0.003221
4363 0.003221
4364 -0.008398
4365 -0.008398
4366 -0.008046
4367 -0.008398
4368 -0.008398
4369 -0.008398
4370 -0.008398
4371 -0.008398
4372 -0.008750
4373 -0.008046
4374 -0.008398
4375 -0.008398
4376 -0.008398
4377 -0.008046
4378 -0.008046
4379 -0.008398
4380 -0.008398
4381 -0.008046
4382 -0.008398
4383 -0.008046
4384 -0.008750
4385 -0.008046
4386 -0.008398
4387 0.002869
4388 -0.008046
4389 -0.008398
4390 -0.008398
4391 -0.008046
4392 0.002869
4393 -0.008046
4394 0.002869
4395 0.002869
4396 0.002869
4397 -0.008046
4398 -0.008046
4399 -0.008046
4400 0.003221
4401 -0.008046
4402 -0.008398
4403 -0.008398
4404 -0.008398
4405 -0.008046
4406 -0.008046
4407 -0.008398
4408 -0.008398
4409 -0.008398
4410 -0.008398
4411 -0.008046
4412 -0.008398
4413 -0.008398
4414 -0.008398
4415 -0.008046
4416 -0.008750
4417 -0.008398
4418 -0.008398
4419 -0.008398
4420 -0.008046
4421 -0.008398
4422 -0.008398
4423 -0.008398
4424 -0.008398
4425 -0.008398
4426 -0.008046
4427 0.003221
4428 -0.008398
4429 0.003221
4430 0.003221
4431 -0.008398
4432 -0.008046
4433 -0.008398
4434 -0.008398
4435 -0.008046
4436 -0.008398
4437 0.002869
4438 -0.008398
4439 -0.008398
4440 -0.008398
4441 -0.008398
4442 -0.008398
4443 -0.008398
4444 -0.008046
4445 -0.008046
4446 -0.008046
4447 -0.008046
4448 -0.008398
4449 -0.008398
4450 -0.008046
4451 -0.008046
4452 -0.008046
4453 -0.008398
4454 -0.008750
4455 0.003221
4456 -0.008398
4457 -0.008398
4458 -0.008398
4459 -0.008398
4460 -0.008398
4461 0.003221
4462 0.002869
4463 0.002869
4464 -0.008046
4465 -0.008046
4466 -0.008398
4467 0.002869
4468 -0.008398
4469 -0.008398
4470 0.002869
4471 -0.008398
4472 -0.008398
4473 -0.008046
4474 -0.008750
4475 -0.008750
4476 -0.008398
4477 -0.008398
4478 -0.008046
4479 -0.008398
4480 -0.008398
4481 -0.008398
4482 -0.008046
4483 -0.008398
4484 -0.008398
4485 -0.008398
4486 -0.008398
4487 -0.007694
4488 -0.008398
4489 -0.008398
4490 -0.008046
4491 -0.008398
4492 -0.008046
4493 -0.008398
4494 -0.008046
4495 -0.008398
4496 0.003221
4497 0.003221
4498 -0.008046
4499 -0.008398
4500 -0.008046
4501 -0.008398
4502 0.003221
4503 0.002869
4504 0.003221
4505 0.003221
4506 0.002869
4507 0.002869
4508 -0.008046
4509 -0.008398
4510 -0.008398
4511 -0.008398
4512 -0.008750
4513 -0.008046
4514 -0.008398
4515 -0.008398
4516 -0.008398
4517 -0.008046
4518 -0.008398
4519 -0.008046
4520 0.002869
4521 0.003221
4522 -0.008398
4523 -0.008046
4524 -0.008398
4525 0.003221
4526 0.002869
4527 0.003221
4528 0.002869
4529 0.003221
4530 0.002869
4531 -0.008398
4532 -0.008398
4533 -0.008046
4534 -0.008046
4535 0.002869
4536 -0.008046
4537 -0.008398
4538 0.002869
4539 -0.008046
4540 -0.008046
4541 0.002869
4542 -0.008046
4543 -0.008750
4544 -0.008750
4545 -0.008046
4546 -0.008398
4547 -0.008398
4548 -0.008398
4549 -0.008046
4550 0.002869
4551 0.002869
4552 0.002869
4553 0.002869
4554 0.002869
4555 0.002869
4556 0.003221
4557 0.003221
4558 -0.008046
4559 0.002869
4560 0.002869
4561 0.002869
4562 0.003221
4563 0.003221
4564 -0.008398
4565 -0.008398
4566 -0.008046
4567 -0.008398
4568 0.003221
4569 0.002869
4570 -0.008398
4571 -0.008398
4572 -0.008398
4573 -0.008398
4574 -0.008398
4575 -0.008046
4576 -0.008750
4577 -0.008750
4578 -0.008046
4579 -0.008046
4580 -0.008046
4581 -0.008046
4582 0.003221
4583 0.003221
4584 0.002869
4585 -0.008046
4586 -0.008398
4587 0.003221
4588 -0.008046
4589 0.002869
4590 -0.008398
4591 -0.008046
4592 -0.008398
4593 -0.008398
4594 0.002869
4595 0.002869
4596 0.003221
4597 0.002869
4598 -0.008398
4599 0.002869
4600 -0.008398
4601 -0.008046
4602 -0.008398
4603 0.002869
4604 -0.008398
4605 -0.008398
4606 0.002869
4607 -0.008398
4608 -0.008046
4609 0.003221
4610 -0.008046
4611 -0.008046
4612 -0.008398
4613 -0.008046
4614 0.003221
4615 -0.008398
4616 0.003221
4617 -0.008046
4618 -0.008398
4619 -0.008046
4620 -0.008046
4621 0.002869
4622 0.003221
4623 -0.008398
4624 0.002869
4625 -0.008046
4626 0.002869
4627 0.002869
4628 0.003221
4629 0.002869
4630 0.003221
4631 0.002869
4632 -0.008046
4633 -0.008398
4634 0.002869
4635 -0.008046
4636 0.002869
4637 0.003221
4638 -0.008398
4639 0.002869
4640 -0.008398
4641 0.002869
4642 -0.008398
4643 -0.008398
4644 0.002869
4645 -0.008398
4646 -0.008398
4647 -0.008398
4648 -0.008398
4649 0.003221
4650 -0.008046
4651 -0.008398
4652 -0.008046
4653 -0.008398
4654 0.002869
4655 0.002869
4656 -0.008046
4657 -0.008398
4658 -0.008398
4659 -0.008046
4660 0.002869
4661 0.002869
4662 0.002869
4663 0.003221
4664 0.002869
4665 0.003221
4666 0.003221
4667 0.002869
4668 -0.008398
4669 0.002869
4670 -0.008398
4671 -0.008046
4672 0.002869
4673 -0.008398
4674 0.002869
4675 -0.008398
4676 -0.008398
4677 -0.008398
4678 -0.008398
4679 -0.008046
4680 -0.008398
4681 -0.008398
4682 -0.008398
4683 -0.008398
4684 -0.008046
4685 0.003221
4686 -0.008398
4687 -0.008046
4688 -0.008046
4689 -0.008398
4690 -0.008046
4691 0.002869
4692 -0.008398
4693 -0.008046
4694 0.003221
4695 0.002869
4696 0.002869
4697 -0.008398
4698 -0.008046
4699 -0.008398
4700 -0.008398
4701 -0.008398
4702 -0.008750
4703 -0.008398
4704 -0.008046
4705 -0.008046
4706 -0.008398
4707 0.003221
4708 -0.008046
4709 0.003221
4710 -0.008398
4711 -0.008398
4712 -0.008398
4713 -0.008398
4714 0.002869
4715 -0.008398
4716 0.003221
4717 0.002869
4718 -0.008398
4719 0.003221
4720 -0.008046
4721 -0.008398
4722 0.003221
4723 0.003221
4724 -0.008046
4725 0.003221
4726 -0.008398
4727 0.002869
4728 0.003221
4729 0.002869
4730 0.003221
4731 -0.008046
4732 0.003221
4733 -0.008398
4734 -0.008398
4735 -0.008398
4736 -0.008750
4737 -0.008398
4738 0.002869
4739 -0.008046
4740 0.002869
4741 0.003221
4742 0.002869
4743 -0.008046
4744 -0.008398
4745 -0.008046
4746 -0.008398
4747 0.002869
4748 -0.008046
4749 0.003221
4750 0.002869
4751 -0.008398
4752 -0.008398
4753 -0.008398
4754 -0.008398
4755 -0.008046
4756 -0.008750
4757 -0.008398
4758 -0.008398
4759 -0.008046
4760 -0.008398
4761 -0.008046
4762 -0.008046
4763 -0.008046
4764 -0.008398
4765 -0.008750
4766 -0.008750
4767 -0.008750
4768 -0.008750
4769 -0.008750
4770 -0.008046
4771 -0.008398
4772 -0.008398
4773 -0.008046
4774 -0.008046
4775 -0.008398
4776 -0.008046
4777 -0.008046
4778 -0.008046
4779 -0.008750
4780 -0.008046
4781 -0.008046
4782 0.002869
4783 0.003221
4784 -0.008046
4785 -0.008046
4786 -0.008398
4787 -0.008398
4788 -0.008398
4789 -0.008398
4790 -0.008398
4791 -0.008046
4792 -0.008398
4793 -0.008046
4794 -0.008046
4795 0.003221
4796 0.002869
4797 0.002869
4798 -0.008398
4799 -0.008398
4800 -0.008046
4801 0.003221
4802 -0.008398
4803 -0.008398
4804 -0.008046
4805 -0.008046
4806 0.003221
4807 -0.008398
4808 -0.008398
4809 -0.008398
4810 -0.008398
4811 -0.008398
4812 -0.008046
4813 -0.008046
4814 -0.008398
4815 -0.008398
4816 -0.008046
4817 -0.008046
4818 -0.008046
4819 -0.008398
4820 -0.008398
4821 -0.008046
4822 -0.008046
4823 -0.008398
4824 -0.008398
4825 -0.008046
4826 -0.008398
4827 0.002869
4828 0.002869
4829 0.002869
4830 -0.008046
4831 -0.008046
4832 -0.008046
4833 -0.008046
4834 -0.008398
4835 -0.008046
4836 -0.008398
4837 -0.008046
4838 0.003221
4839 -0.008398
4840 -0.008046
4841 -0.008046
4842 -0.008398
4843 -0.008398
4844 -0.008046
4845 -0.008398
4846 -0.008398
4847 -0.008398
4848 -0.008046
4849 -0.008398
4850 -0.008398
4851 -0.008398
4852 -0.008046
4853 -0.008398
4854 -0.008398
4855 -0.008046
4856 -0.008398
4857 -0.008046
4858 -0.008046
4859 -0.008398
4860 -0.008398
4861 0.003221
4862 -0.008398
4863 -0.008046
4864 -0.008046
4865 -0.008750
4866 -0.008750
4867 -0.008398
4868 -0.008046
4869 -0.008398
4870 -0.008398
4871 -0.008046
4872 -0.008046
4873 -0.008398
4874 0.003221
4875 -0.008046
4876 -0.008398
4877 -0.008398
4878 -0.008398
4879 -0.008398
4880 -0.008750
4881 -0.008046
4882 -0.008046
4883 -0.008046
4884 -0.008046
4885 -0.008046
4886 -0.008046
4887 -0.008398
4888 -0.008046
4889 0.002869
4890 -0.008398
4891 -0.008398
4892 -0.008398
4893 -0.008046
4894 -0.008398
4895 -0.008046
4896 -0.008046
4897 -0.008046
4898 -0.008398
4899 -0.008046
4900 -0.008398
4901 -0.008398
4902 0.002869
4903 0.002869
4904 0.002869
4905 -0.008046
4906 -0.008046
4907 -0.008046
4908 -0.008046
4909 -0.008398
4910 -0.008398
4911 0.002869
4912 -0.008398
4913 -0.008398
4914 0.002869
4915 -0.008046
4916 -0.008398
4917 -0.008398
4918 -0.008398
4919 -0.008398
4920 -0.008046
4921 0.003221
4922 -0.008398
4923 -0.008398
4924 -0.008398
4925 -0.008398
4926 -0.008398
4927 -0.008046
4928 -0.008398
4929 0.002869
4930 -0.008398
4931 -0.008398
4932 -0.008398
4933 -0.008398
4934 -0.008398
4935 -0.008046
4936 -0.008046
4937 -0.008398
4938 -0.008046
4939 -0.008046
4940 -0.008046
4941 0.002869
4942 -0.008398
4943 -0.008046
4944 -0.008398
4945 -0.008046
4946 -0.008398
4947 -0.008398
4948 -0.008398
4949 -0.008398
4950 -0.008046
4951 -0.008046
4952 -0.008398
4953 -0.008398
4954 -0.008046
4955 0.002869
4956 -0.008398
4957 0.002869
4958 -0.008046
4959 -0.008046
4960 -0.008750
4961 -0.008046
4962 0.002869
4963 -0.008398
4964 -0.008046
4965 -0.008046
4966 -0.008046
4967 -0.008398
4968 -0.008398
4969 -0.008398
4970 -0.008046
4971 -0.008046
4972 -0.008046
4973 -0.008398
4974 -0.008398
4975 -0.008398
4976 -0.008398
4977 -0.008398
4978 -0.008398
4979 -0.008398
4980 -0.008046
4981 -0.008046
4982 -0.008398
4983 -0.008750
4984 -0.008046
4985 0.002869
4986 -0.008398
4987 0.003221
4988 -0.008398
4989 -0.008046
4990 -0.008046
4991 -0.008046
4992 -0.008046
4993 -0.008046
4994 -0.008046
4995 0.003221
4996 0.002869
4997 0.002869
4998 -0.008750
4999 -0.008046
5000 -0.008398
