1 -0.018609
2 -0.018256
3 0.003925
4 0.003925
5 -0.018256
6 -0.018609
7 -0.018256
8 -0.018609
9 -0.018609
10 0.003925
11 -0.018256
12 -0.018256
13 -0.018609
14 -0.018256
15 -0.018256
16 -0.018609
17 -0.018609
18 -0.018256
19 -0.018609
20 -0.018609
21 -0.018256
22 -0.018256
23 0.003925
24 -0.018609
25 -0.018256
26 0.004277
27 -0.018256
28 -0.018609
29 -0.018256
30 0.003925
31 -0.018256
32 -0.018256
33 0.003925
34 -0.018256
35 0.003925
36 0.003925
37 0.003925
38 0.003925
39 -0.018609
40 -0.018256
41 0.003925
42 -0.018256
43 -0.018609
44 -0.018609
45 -0.018609
46 -0.018256
47 -0.018256
48 -0.018256
49 -0.018609
50 -0.018609
51 -0.018609
52 -0.018609
53 -0.018609
54 -0.018256
55 -0.018609
56 -0.018256
57 -0.018256
58 -0.018256
59 -0.018609
60 -0.018609
61 -0.018256
62 -0.018609
63 -0.018609
64 -0.018609
65 -0.018609
66 -0.018609
67 -0.018256
68 -0.018256
69 -0.018256
70 -0.018609
71 -0.018609
72 -0.018609
73 -0.018609
74 -0.018256
75 -0.018256
76 -0.018256
77 -0.018256
78 0.004277
79 0.004277
80 0.004277
81 0.003925
82 -0.018609
83 -0.018609
84 -0.018256
85 -0.018256
86 0.003925
87 -0.018256
88 -0.018256
89 0.003925
90 0.004277
91 -0.018609
92 -0.018609
93 -0.018256
94 -0.018609
95 0.003925
96 -0.018609
97 -0.018256
98 -0.018256
99 0.004277
100 -0.018609
101 -0.018256
102 0.003925
103 0.003925
104 0.004629
105 -0.018256
106 -0.018609
107 -0.018256
108 -0.018256
109 -0.018609
110 -0.018256
111 -0.018256
112 -0.018256
113 -0.018256
114 -0.018256
115 0.003925
116 0.003925
117 -0.018256
118 0.004277
119 -0.018609
120 0.004277
121 -0.018609
122 0.004277
123 -0.018256
124 0.004277
125 -0.018256
126 0.004277
127 0.003925
128 0.003925
129 0.003925
130 -0.018256
131 -0.018609
132 -0.018609
133 -0.018609
134 0.004277
135 -0.018256
136 -0.018609
137 0.004277
138 0.003925
139 -0.018609
140 -0.018609
141 -0.018609
142 0.003925
143 -0.018256
144 0.004277
145 -0.018256
146 0.004277
147 0.004277
148 0.004277
149 -0.018256
150 -0.018256
151 -0.018609
152 -0.018609
153 -0.018256
154 -0.018256
155 0.004277
156 0.004277
157 0.003925
158 0.003925
159 -0.018609
160 -0.018609
161 0.003925
162 0.004277
163 -0.018256
164 -0.018609
165 0.004277
166 0.004277
167 0.004277
168 0.004277
169 0.003925
170 0.003925
171 0.003925
172 -0.018609
173 0.004277
174 -0.018609
175 0.004277
176 0.004277
177 -0.018256
178 -0.018609
179 0.004277
180 0.004277
181 -0.018609
182 -0.018609
183 -0.018609
184 -0.018256
185 0.004277
186 -0.018609
187 -0.018256
188 -0.018256
189 -0.018256
190 -0.018256
191 -0.018256
192 -0.018609
193 -0.018609
194 -0.018256
195 0.003925
196 -0.018256
197 -0.018256
198 0.004277
199 -0.018256
200 -0.018256
201 0.003925
202 0.004277
203 0.003925
204 0.003925
205 0.004277
206 -0.018256
207 -0.018256
208 -0.018609
209 -0.018609
210 -0.018609
211 -0.018609
212 -0.018609
213 -0.018256
214 0.003925
215 -0.018256
216 -0.018609
217 0.004277
218 -0.018609
219 0.004277
220 -0.018609
221 -0.018609
222 0.004277
223 -0.018609
224 -0.018256
225 -0.018609
226 -0.018609
227 -0.018609
228 -0.018256
229 -0.018609
230 -0.018256
231 -0.018609
232 -0.018256
233 -0.018609
234 -0.018609
235 0.003925
236 0.004277
237 0.004277
238 0.004277
239 0.004277
240 0.004277
241 0.004277
242 -0.018256
243 -0.018256
244 0.003925
245 0.003925
246 -0.018609
247 0.003925
248 0.003925
249 -0.018256
250 -0.018256
251 -0.018256
252 -0.018256
253 -0.018256
254 -0.018256
255 -0.018609
256 -0.018256
257 -0.018609
258 -0.018256
259 -0.018609
260 -0.018256
261 -0.018609
262 -0.018609
263 0.003925
264 -0.018256
265 -0.018256
266 0.004277
267 -0.018609
268 0.004277
269 0.003925
270 0.004277
271 -0.018256
272 -0.018256
273 -0.018256
274 -0.018609
275 -0.018256
276 -0.018256
277 -0.018609
278 0.004277
279 -0.018256
280 0.004277
281 0.003925
282 -0.018256
283 -0.018256
284 -0.018256
285 -0.018256
286 -0.018609
287 -0.018609
288 -0.018609
289 -0.018609
290 -0.018609
291 -0.018609
292 0.004277
293 -0.018609
294 -0.018256
295 -0.018609
296 -0.018256
297 -0.018256
298 -0.018256
299 -0.018609
300 -0.018256
301 -0.018609
302 0.003925
303 0.004277
304 0.003925
305 -0.018256
306 0.003925
307 -0.018609
308 -0.018256
309 -0.018256
310 -0.018256
311 -0.018256
312 -0.018609
313 -0.018256
314 -0.018609
315 -0.018256
316 -0.018609
317 -0.018609
318 -0.018256
319 -0.018609
320 -0.018256
321 -0.018256
322 -0.018256
323 -0.018609
324 -0.018256
325 -0.018609
326 -0.018609
327 -0.018256
328 -0.018609
329 0.004277
330 0.004277
331 -0.018256
332 0.003925
333 -0.018256
334 0.004277
335 0.003925
336 -0.018609
337 -0.018256
338 0.004277
339 -0.018609
340 -0.018609
341 -0.018609
342 -0.018609
343 -0.018256
344 -0.018256
345 -0.018609
346 -0.018256
347 -0.018256
348 -0.018609
349 -0.018256
350 -0.018609
351 -0.018609
352 -0.018609
353 -0.018609
354 -0.018609
355 -0.018609
356 -0.018609
357 -0.018609
358 0.003925
359 0.004277
360 -0.018609
361 -0.018609
362 -0.018256
363 -0.018609
364 -0.018609
365 -0.018609
366 -0.018256
367 -0.018256
368 0.004277
369 0.003925
370 0.003925
371 0.003925
372 0.004277
373 -0.018609
374 -0.018256
375 -0.018256
376 -0.018256
377 -0.018609
378 -0.018609
379 -0.018609
380 -0.018256
381 -0.018256
382 -0.018256
383 0.003925
384 -0.018609
385 -0.018256
386 -0.018609
387 -0.018609
388 -0.018256
389 -0.018256
390 -0.018609
391 -0.018609
392 -0.018256
393 -0.018256
394 -0.018609
395 0.004277
396 0.004277
397 -0.018256
398 0.003925
399 -0.018256
400 -0.018256
401 -0.018256
402 0.003925
403 0.004277
404 0.003925
405 0.004277
406 -0.018256
407 -0.018256
408 -0.018609
409 -0.018256
410 -0.018609
411 -0.018609
412 -0.018609
413 -0.018609
414 -0.018256
415 -0.018256
416 0.003925
417 0.003925
418 -0.018256
419 -0.018609
420 -0.018256
421 -0.018609
422 -0.018609
423 -0.018256
424 -0.018609
425 -0.018256
426 -0.018609
427 -0.018256
428 -0.018609
429 -0.018256
430 -0.018256
431 -0.018256
432 -0.018256
433 -0.018609
434 -0.018609
435 -0.017904
436 0.003925
437 0.003925
438 0.003925
439 -0.018256
440 -0.018256
441 -0.018256
442 -0.018256
443 -0.018256
444 -0.018609
445 -0.018256
446 -0.018256
447 -0.018256
448 -0.018256
449 -0.018256
450 -0.018256
451 -0.018609
452 -0.018256
453 -0.018256
454 -0.018256
455 -0.018609
456 -0.018256
457 -0.018609
458 -0.018256
459 -0.018256
460 -0.018256
461 -0.018609
462 -0.018256
463 -0.018609
464 -0.018256
465 -0.018256
466 -0.018256
467 0.004277
468 0.003925
469 0.003925
470 -0.018256
471 0.004277
472 -0.018256
473 -0.018256
474 -0.018609
475 -0.018256
476 0.003925
477 -0.018609
478 -0.018609
479 -0.018256
480 -0.018256
481 -0.018609
482 -0.018609
483 -0.018609
484 -0.018256
485 -0.018256
486 -0.018609
487 -0.018609
488 -0.018256
489 -0.018256
490 -0.018609
491 -0.018256
492 -0.018256
493 -0.018256
494 0.003925
495 -0.018609
496 -0.018256
497 -0.018256
498 -0.018609
499 -0.018609
500 -0.018609
501 0.003925
502 0.004277
503 0.004277
504 0.003925
505 0.003925
506 -0.018256
507 -0.018609
508 -0.018256
509 -0.018256
510 -0.018609
511 0.003925
512 -0.018609
513 -0.018609
514 -0.018256
515 -0.018256
516 0.004277
517 0.004277
518 -0.018256
519 0.004277
520 -0.018609
521 -0.018256
522 -0.018609
523 -0.018609
524 -0.018256
525 0.004277
526 -0.018256
527 -0.018609
528 -0.018256
529 -0.018256
530 0.003925
531 0.003925
532 -0.018609
533 -0.018256
534 -0.018609
535 0.003925
536 -0.018609
537 0.003925
538 0.004277
539 0.004277
540 0.004277
541 -0.018256
542 -0.018609
543 -0.018256
544 0.004277
545 0.004277
546 -0.018609
547 -0.018256
548 0.004277
549 -0.018609
550 -0.018256
551 -0.018609
552 0.004277
553 0.003925
554 -0.018256
555 0.003925
556 -0.018256
557 -0.018256
558 -0.018256
559 -0.018609
560 -0.018256
561 -0.018256
562 0.003925
563 0.004277
564 0.003925
565 0.004277
566 -0.018609
567 0.003925
568 0.004277
569 0.003925
570 0.004277
571 0.004277
572 -0.018256
573 -0.018256
574 -0.018256
575 -0.018609
576 0.004277
577 0.004277
578 0.003925
579 0.004277
580 -0.018256
581 -0.018609
582 -0.018256
583 -0.018256
584 0.003925
585 0.003925
586 -0.018256
587 -0.018256
588 -0.018256
589 -0.018609
590 0.004277
591 0.003925
592 0.004277
593 -0.018609
594 -0.018256
595 0.003925
596 -0.018256
597 -0.018609
598 0.003925
599 0.004277
600 -0.018256
601 -0.018609
602 0.004277
603 0.003925
604 0.003925
605 0.004277
606 -0.018256
607 -0.018256
608 -0.018256
609 -0.018256
610 -0.018609
611 -0.018609
612 -0.018256
613 -0.018609
614 -0.018609
615 -0.018256
616 -0.018256
617 -0.018256
618 0.004277
619 0.004277
620 -0.018609
621 -0.018256
622 -0.018256
623 -0.018609
624 -0.018609
625 -0.018609
626 0.004277
627 -0.018256
628 0.004277
629 -0.018256
630 0.003925
631 -0.018256
632 0.004277
633 -0.018256
634 -0.018609
635 0.003925
636 0.003925
637 0.004277
638 0.004277
639 -0.018256
640 0.004277
641 0.003925
642 -0.018256
643 0.004277
644 -0.018256
645 0.004277
646 0.003925
647 -0.018256
648 0.003925
649 -0.018256
650 -0.018609
651 -0.018256
652 0.004277
653 -0.018256
654 -0.018609
655 -0.018609
656 -0.018256
657 -0.018256
658 -0.018256
659 -0.018256
660 0.004277
661 -0.018256
662 -0.018609
663 -0.018256
664 0.003925
665 -0.018256
666 -0.018609
667 -0.018609
668 0.004277
669 0.004277
670 0.004277
671 0.003925
672 -0.018256
673 -0.018609
674 0.003925
675 -0.018609
676 -0.018609
677 -0.018256
678 0.004277
679 0.003925
680 0.004277
681 0.004277
682 -0.018256
683 -0.018609
684 0.004277
685 0.003925
686 0.004277
687 0.004277
688 -0.018256
689 -0.018256
690 -0.018609
691 -0.018256
692 -0.018609
693 0.003925
694 0.004277
695 -0.018609
696 -0.018609
697 -0.017904
698 0.003925
699 -0.018609
700 -0.018609
701 0.004277
702 0.004277
703 0.003925
704 0.003925
705 0.004277
706 -0.018609
707 -0.018609
708 -0.018256
709 -0.018256
710 -0.018256
711 -0.018256
712 -0.018256
713 -0.018609
714 0.004277
715 -0.018256
716 -0.018256
717 -0.018256
718 -0.018256
719 0.003925
720 0.004277
721 0.004277
722 -0.018256
723 -0.018256
724 -0.018609
725 -0.018609
726 0.003925
727 0.003925
728 0.003925
729 0.003925
730 -0.018609
731 -0.018609
732 -0.018609
733 -0.018256
734 -0.018609
735 0.003925
736 0.004277
737 -0.018256
738 0.003925
739 -0.018256
740 0.003925
741 -0.018609
742 -0.018609
743 0.004277
744 0.003925
745 -0.018256
746 -0.018609
747 0.003925
748 0.004277
749 -0.018256
750 -0.018256
751 -0.018609
752 -0.018609
753 0.004277
754 -0.018609
755 -0.018256
756 -0.018609
757 -0.018609
758 -0.018256
759 -0.018609
760 -0.018256
761 -0.018609
762 -0.018256
763 -0.018609
764 -0.018609
765 -0.018256
766 -0.018256
767 -0.018609
768 0.003925
769 0.003925
770 -0.018256
771 0.004277
772 -0.018256
773 -0.018609
774 -0.018609
775 -0.018609
776 -0.018609
777 -0.018609
778 -0.018609
779 -0.018609
780 -0.018256
781 -0.018256
782 -0.018609
783 -0.018256
784 0.004277
785 -0.018256
786 -0.018256
787 -0.018256
788 -0.018256
789 -0.018609
790 -0.018256
791 -0.018256
792 -0.018609
793 -0.018609
794 -0.018609
795 -0.018609
796 0.004277
797 -0.018609
798 -0.018256
799 -0.018256
800 -0.018256
801 0.003925
802 0.004277
803 -0.018256
804 0.004277
805 0.003925
806 -0.018256
807 -0.018609
808 -0.018609
809 -0.018256
810 -0.018256
811 -0.018609
812 -0.018609
813 -0.018256
814 0.003925
815 -0.018609
816 -0.018256
817 -0.018609
818 -0.018256
819 -0.018256
820 -0.018256
821 -0.018256
822 -0.018256
823 -0.018609
824 0.004277
825 -0.018609
826 -0.018256
827 -0.018256
828 -0.018256
829 -0.018256
830 -0.018256
831 -0.018256
832 -0.018609
833 -0.018609
834 -0.018609
835 0.004277
836 0.004277
837 0.004277
838 0.004277
839 -0.018256
840 -0.018609
841 -0.018256
842 -0.018609
843 -0.018256
844 -0.018256
845 0.004277
846 -0.018609
847 -0.018609
848 -0.018609
849 -0.018609
850 -0.018609
851 -0.018256
852 -0.018609
853 -0.018609
854 -0.018609
855 -0.018609
856 0.003925
857 0.003925
858 -0.018609
859 -0.018256
860 -0.018609
861 -0.018256
862 0.004277
863 -0.018609
864 -0.018609
865 -0.018256
866 -0.018609
867 -0.018609
868 0.003925
869 -0.018256
870 0.003925
871 -0.018256
872 -0.018609
873 -0.018609
874 -0.018256
875 -0.018256
876 -0.018256
877 0.003925
878 -0.018609
879 -0.018256
880 -0.018609
881 -0.018609
882 -0.018256
883 -0.018609
884 -0.018609
885 -0.018256
886 -0.018609
887 0.003925
888 0.003925
889 -0.018256
890 -0.018609
891 -0.018256
892 -0.018609
893 -0.018609
894 -0.018256
895 -0.018256
896 -0.018609
897 -0.018609
898 -0.018609
899 -0.018256
900 -0.018609
901 -0.018256
902 0.004277
903 0.003925
904 0.004277
905 -0.018609
906 -0.018256
907 -0.018256
908 -0.018609
909 -0.018256
910 -0.018256
911 0.004277
912 -0.018609
913 0.003925
914 -0.018609
915 -0.018609
916 0.003925
917 -0.018609
918 -0.018256
919 -0.018256
920 -0.018609
921 -0.018256
922 -0.018609
923 -0.018609
924 -0.018256
925 -0.018609
926 0.003925
927 -0.018609
928 -0.018609
929 -0.018609
930 -0.018609
931 -0.018609
932 -0.018609
933 -0.018609
934 -0.018609
935 0.004277
936 0.003925
937 -0.018256
938 0.004277
939 -0.018609
940 -0.018256
941 -0.018256
942 0.003925
943 -0.018609
944 0.003925
945 -0.018256
946 -0.018256
947 0.004277
948 0.004277
949 -0.018256
950 -0.018609
951 -0.018609
952 -0.018256
953 -0.018609
954 -0.018609
955 -0.018609
956 -0.018609
957 -0.018609
958 -0.018609
959 -0.018609
960 -0.018609
961 -0.018609
962 -0.018609
963 -0.018609
964 -0.018609
965 -0.018609
966 -0.018609
967 -0.018609
968 0.003925
969 -0.018609
970 0.004277
971 0.004277
972 0.004277
973 -0.018256
974 -0.018256
975 -0.018609
976 -0.018609
977 -0.018609
978 -0.018609
979 0.003925
980 -0.018609
981 -0.018609
982 -0.018256
983 -0.018256
984 -0.018256
985 0.003925
986 -0.018609
987 -0.018256
988 0.004277
989 -0.018256
990 0.003925
991 -0.018609
992 -0.018609
993 -0.018609
994 -0.018256
995 -0.018256
996 -0.018609
997 -0.018256
998 -0.018256
999 -0.018609
1000 -0.018256
1001 -0.018256
1002 0.004277
1003 0.004277
1004 0.004277
1005 0.003925
1006 -0.018609
1007 -0.018256
1008 0.004277
1009 -0.018256
1010 -0.018609
1011 -0.018256
1012 -0.018256
1013 0.003925
1014 0.003925
1015 0.003925
1016 0.003925
1017 -0.018609
1018 -0.018609
1019 -0.018256
1020 -0.018256
1021 -0.018256
1022 -0.018609
1023 -0.018609
1024 -0.018609
1025 -0.018609
1026 0.004277
1027 -0.018256
1028 0.004277
1029 0.004277
1030 0.003925
1031 0.004277
1032 -0.018256
1033 -0.018256
1034 0.004277
1035 0.004277
1036 0.004277
1037 0.004277
1038 0.004277
1039 0.004277
1040 -0.018256
1041 -0.018256
1042 -0.018256
1043 -0.018256
1044 -0.018256
1045 -0.018256
1046 -0.018609
1047 -0.018256
1048 0.004277
1049 0.003925
1050 -0.018256
1051 -0.018256
1052 -0.018256
1053 -0.018609
1054 -0.018256
1055 -0.018256
1056 -0.018609
1057 -0.018609
1058 -0.018256
1059 0.004277
1060 -0.018609
1061 -0.018256
1062 -0.018256
1063 0.004277
1064 0.004277
1065 -0.018256
1066 -0.018609
1067 -0.018609
1068 0.003925
1069 0.004277
1070 0.003925
1071 0.004277
1072 0.003925
1073 -0.018609
1074 0.003925
1075 -0.018609
1076 0.004277
1077 0.003925
1078 0.004277
1079 0.004277
1080 -0.018609
1081 0.004277
1082 0.004277
1083 0.003925
1084 0.004277
1085 -0.018609
1086 -0.018256
1087 -0.018609
1088 -0.018609
1089 -0.018256
1090 -0.018256
1091 -0.018609
1092 0.003925
1093 0.004277
1094 0.004277
1095 -0.018256
1096 -0.018609
1097 -0.018609
1098 0.003925
1099 -0.018256
1100 -0.018256
1101 -0.018609
1102 0.003925
1103 0.003925
1104 0.003925
1105 0.004277
1106 0.004277
1107 0.004277
1108 -0.018609
1109 -0.018256
1110 -0.018256
1111 -0.018256
1112 -0.018256
1113 -0.018609
1114 -0.018256
1115 0.003925
1116 0.004277
1117 0.004277
1118 0.004277
1119 -0.018609
1120 -0.018609
1121 -0.018609
1122 -0.018256
1123 -0.018609
1124 -0.018256
1125 -0.018609
1126 -0.018256
1127 0.003925
1128 -0.018256
1129 -0.018609
1130 -0.018256
1131 -0.018609
1132 -0.018609
1133 -0.018609
1134 -0.018609
1135 0.004277
1136 0.004277
1137 0.004277
1138 0.003925
1139 -0.018609
1140 -0.018256
1141 -0.018609
1142 0.004277
1143 0.004277
1144 -0.018256
1145 -0.018609
1146 0.003925
1147 0.004277
1148 -0.018609
1149 0.004277
1150 0.004277
1151 -0.018609
1152 -0.018609
1153 -0.018609
1154 -0.018256
1155 0.004277
1156 0.003925
1157 -0.018256
1158 -0.018609
1159 -0.018256
1160 -0.018609
1161 0.003925
1162 0.004277
1163 -0.018256
1164 -0.018256
1165 0.003925
1166 -0.018609
1167 -0.018609
1168 0.004277
1169 0.003925
1170 0.003925
1171 0.004277
1172 0.003925
1173 -0.018256
1174 0.003925
1175 0.004277
1176 -0.018256
1177 -0.018256
1178 -0.018609
1179 -0.018256
1180 0.003925
1181 -0.018256
1182 -0.018609
1183 -0.018609
1184 -0.018609
1185 -0.018256
1186 -0.018609
1187 -0.018256
1188 0.004277
1189 -0.018256
1190 0.003925
1191 0.004277
1192 -0.018256
1193 -0.018256
1194 -0.018609
1195 0.003925
1196 0.004277
1197 0.004277
1198 0.003925
1199 -0.018609
1200 -0.018256
1201 -0.018609
1202 0.004277
1203 0.003925
1204 0.004277
1205 0.004277
1206 -0.018256
1207 0.003925
1208 0.004277
1209 -0.018256
1210 -0.018609
1211 -0.018609
1212 0.004277
1213 -0.018609
1214 -0.018256
1215 -0.018609
1216 -0.018609
1217 -0.018256
1218 -0.018609
1219 -0.018256
1220 -0.018256
1221 -0.018256
1222 -0.018609
1223 -0.018609
1224 -0.018609
1225 -0.018609
1226 -0.018256
1227 -0.018609
1228 -0.018256
1229 -0.018609
1230 0.004277
1231 0.004277
1232 -0.018256
1233 -0.018256
1234 0.003925
1235 0.004277
1236 0.004277
1237 0.003925
1238 0.004277
1239 -0.018256
1240 -0.018609
1241 -0.018256
1242 0.003925
1243 0.004277
1244 0.004277
1245 -0.018256
1246 -0.018256
1247 -0.018609
1248 -0.018609
1249 -0.018609
1250 -0.018256
1251 -0.018256
1252 -0.018256
1253 -0.018256
1254 0.004277
1255 0.003925
1256 -0.018609
1257 -0.018256
1258 -0.018609
1259 -0.018609
1260 -0.018256
1261 -0.018256
1262 -0.018256
1263 -0.018256
1264 -0.018256
1265 -0.018256
1266 0.004277
1267 -0.018256
1268 0.003925
1269 -0.018609
1270 -0.018256
1271 -0.018256
1272 -0.018609
1273 -0.018256
1274 -0.018256
1275 -0.018256
1276 -0.018609
1277 -0.018609
1278 0.004277
1279 -0.018609
1280 -0.018609
1281 -0.018609
1282 -0.018256
1283 -0.018256
1284 -0.018256
1285 -0.018256
1286 0.004277
1287 -0.018256
1288 -0.018256
1289 -0.018256
1290 -0.018256
1291 -0.018609
1292 -0.018609
1293 -0.018256
1294 0.003925
1295 -0.018256
1296 -0.018256
1297 -0.018256
1298 0.003925
1299 -0.018609
1300 -0.018609
1301 -0.018609
1302 0.004277
1303 0.004277
1304 -0.018256
1305 -0.018256
1306 0.004277
1307 -0.018609
1308 -0.018256
1309 -0.018609
1310 0.004277
1311 -0.018256
1312 0.003925
1313 -0.018256
1314 -0.018609
1315 -0.018609
1316 -0.018256
1317 0.004277
1318 -0.018256
1319 -0.018256
1320 -0.018609
1321 -0.018609
1322 -0.018609
1323 -0.018256
1324 -0.018609
1325 -0.018609
1326 -0.018256
1327 -0.018256
1328 -0.018256
1329 -0.018256
1330 -0.018256
1331 0.003925
1332 -0.018609
1333 -0.018256
1334 -0.018609
1335 0.004277
1336 0.003925
1337 0.003925
1338 0.003925
1339 -0.018609
1340 -0.018256
1341 0.003925
1342 -0.018609
1343 -0.018609
1344 -0.018609
1345 -0.018609
1346 -0.018256
1347 -0.018256
1348 -0.018609
1349 -0.018256
1350 -0.018256
1351 -0.018609
1352 -0.018609
1353 -0.018609
1354 0.004277
1355 -0.018609
1356 0.003925
1357 -0.018609
1358 0.003925
1359 -0.018256
1360 -0.018609
1361 0.004277
1362 -0.018609
1363 -0.018256
1364 -0.018256
1365 -0.018609
1366 -0.018609
1367 -0.018256
1368 0.003925
1369 0.004277
1370 -0.018609
1371 -0.018609
1372 -0.018256
1373 -0.018256
1374 0.003925
1375 -0.018609
1376 -0.018609
1377 -0.018609
1378 -0.018609
1379 -0.018609
1380 -0.018256
1381 -0.018609
1382 -0.018609
1383 -0.018609
1384 -0.018256
1385 -0.018256
1386 0.003925
1387 -0.018609
1388 -0.018256
1389 -0.018256
1390 -0.018609
1391 -0.018609
1392 -0.018256
1393 -0.018256
1394 -0.018256
1395 -0.018256
1396 -0.018609
1397 -0.018256
1398 -0.018609
1399 -0.018256
1400 -0.018256
1401 -0.018609
1402 0.004277
1403 0.004277
1404 0.003925
1405 0.004277
1406 -0.018256
1407 -0.018609
1408 -0.018609
1409 -0.018609
1410 -0.018609
1411 -0.018256
1412 -0.018256
1413 -0.018609
1414 -0.018256
1415 -0.018256
1416 -0.018256
1417 -0.018256
1418 -0.018609
1419 -0.018256
1420 -0.018256
1421 -0.018256
1422 0.003925
1423 0.004277
1424 -0.018609
1425 -0.018609
1426 -0.018256
1427 -0.018609
1428 -0.018609
1429 -0.018256
1430 0.004277
1431 -0.018256
1432 -0.018609
1433 -0.018256
1434 0.003925
1435 0.003925
1436 0.004277
1437 0.003925
1438 0.004277
1439 -0.018256
1440 -0.018609
1441 -0.018609
1442 -0.018256
1443 -0.018609
1444 -0.018609
1445 -0.018256
1446 -0.018256
1447 -0.018609
1448 -0.018256
1449 -0.018256
1450 0.003925
1451 -0.018609
1452 -0.018609
1453 -0.018609
1454 -0.018256
1455 -0.018609
1456 0.004277
1457 -0.018609
1458 -0.018256
1459 -0.018256
1460 -0.018256
1461 -0.018609
1462 -0.018609
1463 -0.018256
1464 0.004277
1465 -0.018609
1466 -0.018256
1467 -0.018256
1468 0.004277
1469 -0.018609
1470 0.004277
1471 0.004277
1472 -0.018609
1473 -0.018609
1474 -0.018256
1475 0.003925
1476 -0.018256
1477 -0.018609
1478 0.003925
1479 -0.018609
1480 -0.018609
1481 -0.018256
1482 -0.018609
1483 0.003925
1484 0.003925
1485 -0.018256
1486 -0.018609
1487 0.003925
1488 0.004277
1489 -0.018256
1490 -0.018609
1491 -0.018609
1492 -0.018256
1493 -0.018256
1494 -0.018256
1495 0.003925
1496 -0.018256
1497 0.004277
1498 -0.018256
1499 -0.018256
1500 -0.018609
1501 -0.018609
1502 0.004277
1503 0.004277
1504 0.004277
1505 0.003925
1506 -0.018256
1507 -0.018609
1508 -0.018256
1509 -0.018256
1510 0.003925
1511 -0.018609
1512 -0.018609
1513 -0.018609
1514 0.004277
1515 0.004277
1516 0.003925
1517 0.004277
1518 0.003925
1519 0.003925
1520 0.003925
1521 -0.018256
1522 0.004277
1523 -0.018609
1524 0.003573
1525 0.004277
1526 -0.018609
1527 -0.018256
1528 -0.018256
1529 -0.018609
1530 -0.018256
1531 -0.018256
1532 -0.018256
1533 -0.018256
1534 0.004277
1535 0.003925
1536 0.004277
1537 0.004277
1538 0.004277
1539 -0.018256
1540 0.003925
1541 -0.018256
1542 0.004277
1543 -0.018256
1544 0.004277
1545 0.003925
1546 -0.018256
1547 -0.018609
1548 0.003925
1549 -0.018609
1550 -0.018256
1551 -0.018256
1552 0.003925
1553 0.003925
1554 0.003925
1555 0.003925
1556 0.003925
1557 0.004277
1558 -0.018256
1559 -0.018256
1560 0.004277
1561 -0.018256
1562 -0.018609
1563 -0.018609
1564 -0.018609
1565 -0.018256
1566 -0.018609
1567 -0.018256
1568 -0.018256
1569 -0.018609
1570 -0.018609
1571 -0.018609
1572 -0.018609
1573 -0.018609
1574 -0.018609
1575 -0.018609
1576 -0.018256
1577 -0.018609
1578 -0.018609
1579 -0.018256
1580 -0.018256
1581 0.003925
1582 0.003925
1583 -0.018609
1584 -0.018609
1585 0.003925
1586 0.003925
1587 -0.018256
1588 -0.018609
1589 -0.018256
1590 0.004277
1591 -0.018256
1592 -0.018609
1593 -0.018256
1594 -0.018609
1595 0.004277
1596 0.004277
1597 0.003925
1598 0.003925
1599 0.003925
1600 -0.018609
1601 -0.018609
1602 -0.018256
1603 0.003925
1604 0.003925
1605 0.003925
1606 -0.018609
1607 -0.018256
1608 0.004277
1609 0.004277
1610 -0.018609
1611 0.003925
1612 0.003925
1613 -0.018609
1614 -0.018609
1615 -0.018609
1616 0.003925
1617 -0.018256
1618 -0.018256
1619 -0.018609
1620 0.003925
1621 -0.018256
1622 0.004277
1623 0.003925
1624 0.003925
1625 0.003925
1626 -0.018609
1627 -0.018609
1628 -0.018256
1629 -0.018256
1630 -0.018256
1631 -0.018609
1632 -0.018256
1633 -0.018609
1634 -0.018256
1635 0.004277
1636 0.003925
1637 0.003925
1638 0.004277
1639 -0.018256
1640 0.003925
1641 0.003925
1642 -0.018256
1643 0.004277
1644 0.003925
1645 0.004277
1646 0.004277
1647 0.003925
1648 -0.018256
1649 -0.018609
1650 0.004277
1651 -0.018256
1652 -0.018609
1653 0.003925
1654 0.004277
1655 -0.018256
1656 0.004277
1657 -0.018256
1658 -0.018256
1659 -0.018256
1660 0.003925
1661 0.004277
1662 -0.018609
1663 -0.018609
1664 0.004277
1665 -0.018256
1666 0.004277
1667 -0.018256
1668 0.004277
1669 0.004277
1670 0.003925
1671 0.003925
1672 -0.018256
1673 -0.018609
1674 -0.018609
1675 0.004277
1676 0.003925
1677 0.003925
1678 0.004277
1679 -0.018609
1680 0.004277
1681 -0.017904
1682 0.004277
1683 0.003925
1684 -0.018609
1685 -0.018609
1686 0.004277
1687 -0.018256
1688 -0.018609
1689 -0.018256
1690 -0.018256
1691 -0.018256
1692 0.003925
1693 -0.018609
1694 0.004277
1695 -0.018609
1696 0.004277
1697 -0.018256
1698 -0.018256
1699 0.004277
1700 -0.018609
1701 -0.018609
1702 0.004277
1703 0.004277
1704 0.004277
1705 0.004277
1706 0.004277
1707 -0.018256
1708 -0.018256
1709 -0.018256
1710 0.003925
1711 -0.018609
1712 -0.018256
1713 -0.018256
1714 0.004277
1715 -0.018256
1716 0.003925
1717 0.003925
1718 0.004277
1719 0.004277
1720 -0.018256
1721 0.003925
1722 -0.018256
1723 0.003925
1724 -0.018609
1725 -0.018609
1726 -0.018609
1727 0.004277
1728 0.003925
1729 0.003925
1730 -0.018256
1731 -0.018256
1732 -0.018256
1733 -0.018609
1734 -0.018256
1735 0.004277
1736 0.004277
1737 0.003925
1738 0.004277
1739 -0.018256
1740 0.004277
1741 0.004629
1742 -0.018256
1743 0.004277
1744 -0.018256
1745 -0.018609
1746 0.003925
1747 0.004629
1748 0.004629
1749 -0.018256
1750 -0.018609
1751 -0.018256
1752 -0.018256
1753 -0.018256
1754 0.004629
1755 -0.018256
1756 -0.018256
1757 -0.018256
1758 0.004277
1759 -0.018256
1760 -0.018256
1761 -0.018256
1762 0.004277
1763 -0.018256
1764 -0.018256
1765 -0.018609
1766 -0.018256
1767 -0.018256
1768 0.004629
1769 0.004277
1770 0.004277
1771 0.004277
1772 -0.018256
1773 -0.018256
1774 0.004277
1775 -0.018256
1776 -0.018256
1777 -0.018256
1778 -0.018256
1779 -0.018609
1780 -0.018256
1781 -0.018256
1782 -0.018256
1783 -0.018256
1784 -0.018256
1785 -0.018256
1786 -0.018609
1787 -0.018256
1788 -0.018256
1789 -0.018609
1790 -0.018256
1791 0.004277
1792 -0.018256
1793 -0.018256
1794 0.004277
1795 0.004277
1796 -0.018256
1797 -0.018256
1798 0.003925
1799 -0.018256
1800 -0.018609
1801 -0.018256
1802 0.004277
1803 0.004277
1804 0.004277
1805 0.004277
1806 -0.018609
1807 -0.018256
1808 -0.018256
1809 -0.018256
1810 -0.018256
1811 0.004277
1812 -0.018609
1813 -0.018256
1814 0.004277
1815 -0.018256
1816 -0.018256
1817 -0.018256
1818 -0.018256
1819 -0.018256
1820 -0.018256
1821 -0.017904
1822 -0.018256
1823 -0.018609
1824 -0.018256
1825 -0.018256
1826 -0.018256
1827 -0.018609
1828 -0.018256
1829 -0.018256
1830 0.004277
1831 0.004277
1832 -0.018256
1833 -0.018256
1834 -0.018609
1835 0.004277
1836 0.004277
1837 0.004277
1838 0.004277
1839 -0.018609
1840 -0.018609
1841 0.004277
1842 0.004277
1843 -0.018256
1844 -0.018256
1845 0.003925
1846 -0.018256
1847 0.003925
1848 -0.018256
1849 -0.018609
1850 -0.018609
1851 -0.018256
1852 -0.018256
1853 0.004277
1854 -0.018256
1855 -0.018256
1856 -0.018609
1857 -0.018256
1858 -0.018256
1859 -0.018256
1860 -0.017904
1861 -0.018256
1862 -0.018256
1863 0.004277
1864 -0.018256
1865 -0.018256
1866 -0.018256
1867 -0.018256
1868 -0.018256
1869 -0.018609
1870 0.004277
1871 -0.018256
1872 -0.018256
1873 -0.018609
1874 -0.018256
1875 -0.018256
1876 -0.018256
1877 -0.018256
1878 -0.018256
1879 -0.018256
1880 -0.018256
1881 -0.018256
1882 -0.018256
1883 -0.018256
1884 -0.018256
1885 -0.018256
1886 -0.018256
1887 -0.018609
1888 -0.018256
1889 -0.018256
1890 -0.018256
1891 -0.018609
1892 -0.018256
1893 0.004277
1894 -0.018256
1895 -0.018256
1896 -0.018256
1897 0.004277
1898 -0.017904
1899 -0.018609
1900 -0.018256
1901 -0.018256
1902 0.004277
1903 0.004277
1904 -0.018256
1905 -0.017904
1906 -0.018256
1907 -0.018609
1908 -0.018609
1909 -0.018256
1910 -0.018609
1911 -0.018256
1912 -0.018256
1913 -0.018609
1914 -0.018256
1915 -0.018609
1916 0.004277
1917 -0.018256
1918 -0.018256
1919 -0.018256
1920 -0.018256
1921 -0.018256
1922 -0.018256
1923 0.004277
1924 -0.018609
1925 -0.018256
1926 0.004277
1927 -0.018609
1928 -0.018256
1929 -0.018609
1930 -0.018256
1931 -0.018256
1932 -0.018256
1933 -0.018256
1934 -0.018256
1935 -0.018256
1936 -0.018256
1937 0.004277
1938 0.004277
1939 -0.018256
1940 -0.018256
1941 -0.018609
1942 -0.018256
1943 -0.017904
1944 -0.018256
1945 -0.018256
1946 -0.018256
1947 -0.018256
1948 0.004277
1949 -0.018256
1950 0.003925
1951 -0.018256
1952 -0.018256
1953 -0.018609
1954 0.004277
1955 -0.018256
1956 -0.018256
1957 -0.018256
1958 -0.018256
1959 0.003925
1960 -0.018256
1961 -0.018256
1962 -0.018256
1963 -0.018256
1964 -0.018256
1965 -0.018256
1966 -0.018256
1967 0.004277
1968 0.004277
1969 0.004277
1970 0.004277
1971 0.004277
1972 -0.018256
1973 -0.018609
1974 -0.018256
1975 -0.018256
1976 -0.018256
1977 -0.018256
1978 -0.018256
1979 -0.018256
1980 -0.018256
1981 -0.018256
1982 -0.018256
1983 -0.018609
1984 0.004277
1985 -0.018256
1986 -0.018256
1987 -0.018609
1988 -0.018256
1989 -0.018256
1990 -0.018609
1991 -0.018256
1992 -0.018256
1993 -0.018256
1994 0.004277
1995 -0.018609
1996 0.004277
1997 -0.018256
1998 -0.018256
1999 0.004277
2000 -0.018256
2001 -0.018256
2002 0.004277
2003 0.004277
2004 0.004277
2005 0.003925
2006 0.004277
2007 0.004277
2008 -0.018256
2009 0.004277
2010 -0.018256
2011 -0.018256
2012 -0.018609
2013 0.004277
2014 0.004277
2015 -0.018256
2016 -0.018609
2017 -0.018256
2018 -0.017904
2019 -0.018256
2020 -0.018609
2021 -0.018256
2022 -0.018256
2023 -0.018256
2024 -0.018256
2025 -0.018256
2026 0.004629
2027 0.004629
2028 -0.018256
2029 -0.018609
2030 0.004277
2031 -0.018256
2032 -0.018256
2033 -0.018256
2034 -0.018256
2035 -0.018609
2036 -0.018256
2037 -0.018256
2038 0.004277
2039 0.004277
2040 -0.018256
2041 -0.018256
2042 -0.018256
2043 0.004277
2044 0.004277
2045 -0.018256
2046 -0.018256
2047 -0.018256
2048 -0.018609
2049 0.004277
2050 -0.018609
2051 -0.018256
2052 -0.018256
2053 0.004277
2054 0.004277
2055 -0.018256
2056 0.004277
2057 -0.018256
2058 -0.018256
2059 0.004277
2060 -0.018256
2061 -0.018256
2062 0.004277
2063 0.003925
2064 0.004277
2065 -0.018256
2066 -0.018256
2067 0.004277
2068 0.003925
2069 0.004277
2070 0.004629
2071 0.004277
2072 0.004277
2073 -0.018256
2074 0.004277
2075 -0.018256
2076 0.004277
2077 0.004277
2078 0.004629
2079 0.004277
2080 0.004277
2081 0.004277
2082 0.004277
2083 -0.018256
2084 -0.018256
2085 -0.018256
2086 0.004277
2087 0.004277
2088 -0.018256
2089 0.004277
2090 -0.018256
2091 0.003925
2092 0.004277
2093 -0.018256
2094 -0.018256
2095 0.004277
2096 0.004277
2097 0.004277
2098 -0.018609
2099 0.004277
2100 -0.018256
2101 -0.018256
2102 0.004277
2103 0.004277
2104 0.003925
2105 0.004277
2106 0.004277
2107 -0.018256
2108 -0.018256
2109 0.004277
2110 -0.018256
2111 -0.018256
2112 0.004277
2113 -0.018256
2114 -0.018256
2115 0.004277
2116 0.004277
2117 -0.018609
2118 -0.018256
2119 0.004277
2120 0.004277
2121 -0.018256
2122 0.004277
2123 -0.018256
2124 -0.018256
2125 0.004277
2126 0.004277
2127 0.004277
2128 -0.018256
2129 -0.018256
2130 -0.018256
2131 -0.018256
2132 -0.018256
2133 -0.018256
2134 -0.018256
2135 -0.017904
2136 -0.018609
2137 -0.018256
2138 -0.018256
2139 0.004277
2140 0.004277
2141 -0.018256
2142 -0.018256
2143 -0.018256
2144 -0.018256
2145 0.003925
2146 -0.018256
2147 0.004277
2148 -0.018256
2149 -0.018256
2150 0.004277
2151 -0.018256
2152 -0.018609
2153 -0.018256
2154 0.003925
2155 0.004629
2156 0.004277
2157 -0.018256
2158 0.004277
2159 0.004277
2160 0.004277
2161 -0.018256
2162 -0.018256
2163 0.003925
2164 0.004277
2165 0.004277
2166 -0.017904
2167 0.004277
2168 0.004277
2169 -0.018256
2170 -0.018256
2171 -0.018609
2172 -0.018256
2173 -0.018256
2174 -0.018256
2175 -0.018256
2176 -0.018256
2177 -0.018256
2178 -0.018256
2179 -0.018609
2180 -0.018609
2181 -0.018609
2182 -0.018609
2183 -0.018609
2184 -0.018609
2185 0.004277
2186 -0.018256
2187 0.004277
2188 -0.018256
2189 -0.018256
2190 0.004277
2191 -0.018256
2192 0.004277
2193 -0.018256
2194 0.004277
2195 0.004277
2196 0.004277
2197 0.004277
2198 0.004277
2199 0.004277
2200 0.003925
2201 -0.018256
2202 0.004277
2203 0.004277
2204 0.004277
2205 0.004277
2206 -0.018256
2207 -0.018609
2208 -0.018256
2209 -0.018256
2210 -0.018256
2211 -0.018256
2212 0.004629
2213 0.004277
2214 -0.018256
2215 -0.018256
2216 0.004277
2217 0.004277
2218 -0.018256
2219 0.004277
2220 0.004277
2221 -0.018256
2222 -0.018256
2223 0.004277
2224 -0.018256
2225 0.004277
2226 0.004277
2227 -0.018256
2228 -0.018256
2229 -0.018609
2230 -0.018256
2231 -0.018256
2232 -0.018256
2233 -0.018256
2234 0.004277
2235 0.003925
2236 0.004277
2237 -0.018256
2238 -0.018609
2239 -0.018609
2240 -0.018609
2241 -0.018256
2242 -0.018256
2243 0.004277
2244 -0.018256
2245 -0.018256
2246 0.004277
2247 -0.018256
2248 0.003925
2249 -0.018609
2250 -0.018256
2251 -0.018256
2252 -0.018609
2253 -0.018256
2254 -0.018609
2255 -0.018256
2256 -0.018256
2257 -0.018256
2258 -0.018256
2259 -0.018256
2260 -0.018609
2261 -0.018256
2262 -0.018256
2263 -0.018256
2264 -0.018256
2265 -0.018256
2266 -0.018256
2267 -0.018256
2268 0.004277
2269 -0.018256
2270 0.004277
2271 -0.018609
2272 -0.018256
2273 -0.018256
2274 0.004277
2275 -0.018256
2276 -0.018256
2277 -0.018256
2278 -0.018256
2279 0.003925
2280 -0.018256
2281 -0.018609
2282 -0.018256
2283 -0.018609
2284 -0.018256
2285 -0.018609
2286 0.004629
2287 -0.018256
2288 -0.018256
2289 -0.018256
2290 -0.018256
2291 -0.018609
2292 -0.018256
2293 -0.018256
2294 -0.018256
2295 -0.018256
2296 -0.018609
2297 -0.018256
2298 -0.018256
2299 -0.018256
2300 0.004277
2301 -0.018256
2302 0.004277
2303 -0.018256
2304 -0.018256
2305 -0.018256
2306 -0.018256
2307 -0.018256
2308 -0.018609
2309 -0.018256
2310 -0.018609
2311 -0.018256
2312 -0.018256
2313 -0.017904
2314 -0.018256
2315 -0.018256
2316 -0.018609
2317 -0.018256
2318 -0.018256
2319 -0.018256
2320 -0.018256
2321 0.004277
2322 -0.018256
2323 -0.018256
2324 -0.018256
2325 -0.018256
2326 0.004277
2327 -0.018609
2328 -0.017904
2329 -0.018256
2330 -0.018256
2331 -0.018256
2332 -0.018256
2333 -0.018256
2334 -0.018609
2335 -0.018256
2336 0.004277
2337 0.004277
2338 -0.018256
2339 -0.018609
2340 -0.018609
2341 -0.018609
2342 -0.018256
2343 -0.018609
2344 -0.018256
2345 -0.018256
2346 -0.018256
2347 0.004277
2348 -0.018256
2349 -0.018256
2350 -0.018256
2351 -0.018609
2352 -0.018609
2353 -0.018609
2354 -0.018256
2355 -0.018256
2356 -0.018256
2357 -0.018256
2358 -0.018256
2359 0.004277
2360 -0.018256
2361 -0.018256
2362 -0.018609
2363 -0.018256
2364 -0.018609
2365 -0.018256
2366 0.004629
2367 -0.018609
2368 -0.018256
2369 -0.018256
2370 -0.018256
2371 -0.018256
2372 0.004277
2373 -0.018256
2374 -0.018256
2375 -0.018256
2376 -0.018256
2377 -0.018256
2378 -0.018256
2379 -0.018256
2380 -0.018256
2381 -0.018609
2382 -0.018256
2383 -0.018256
2384 0.004277
2385 -0.018256
2386 -0.018256
2387 -0.018609
2388 -0.018256
2389 -0.018256
2390 -0.018256
2391 -0.018256
2392 -0.018256
2393 -0.018256
2394 -0.018256
2395 0.004277
2396 0.004277
2397 -0.018256
2398 0.003925
2399 -0.018256
2400 -0.018256
2401 -0.018256
2402 0.004277
2403 -0.018609
2404 -0.018256
2405 -0.018256
2406 -0.018256
2407 -0.018256
2408 -0.018256
2409 -0.018256
2410 -0.018256
2411 -0.018256
2412 -0.018256
2413 -0.018609
2414 0.004277
2415 -0.018609
2416 -0.018256
2417 -0.018256
2418 -0.018256
2419 -0.018256
2420 0.004277
2421 -0.018256
2422 -0.018256
2423 -0.018256
2424 -0.018256
2425 -0.018256
2426 -0.018609
2427 -0.018609
2428 -0.018256
2429 -0.018609
2430 0.004277
2431 -0.018256
2432 -0.018256
2433 -0.018256
2434 -0.018609
2435 0.004277
2436 0.004277
2437 0.004277
2438 -0.018256
2439 0.003925
2440 -0.018256
2441 -0.018609
2442 -0.018609
2443 -0.018256
2444 -0.018609
2445 0.003925
2446 -0.018256
2447 0.004277
2448 -0.018256
2449 -0.018609
2450 -0.018256
2451 -0.018609
2452 -0.018256
2453 -0.018256
2454 -0.018256
2455 -0.018256
2456 -0.018256
2457 -0.018256
2458 -0.018256
2459 -0.018256
2460 -0.018256
2461 -0.018256
2462 -0.018256
2463 -0.018609
2464 -0.018609
2465 -0.018256
2466 -0.018609
2467 -0.018256
2468 -0.018256
2469 -0.018256
2470 -0.018256
2471 -0.018256
2472 -0.018256
2473 -0.018256
2474 -0.018256
2475 0.004277
2476 -0.018256
2477 0.004277
2478 -0.018256
2479 0.004277
2480 0.004277
2481 -0.018256
2482 -0.018256
2483 -0.018609
2484 -0.018256
2485 -0.018256
2486 -0.018256
2487 -0.018609
2488 -0.018256
2489 -0.018256
2490 -0.018256
2491 -0.018256
2492 0.004277
2493 -0.018256
2494 0.004277
2495 -0.018256
2496 -0.018609
2497 0.004277
2498 -0.018256
2499 -0.018256
2500 -0.018256
2501 -0.018256
2502 0.004277
2503 0.003925
2504 0.004277
2505 0.004277
2506 -0.018256
2507 -0.018256
2508 -0.018256
2509 0.004277
2510 0.004277
2511 -0.018256
2512 0.004277
2513 -0.018609
2514 -0.018609
2515 0.004277
2516 -0.018256
2517 0.004277
2518 -0.018256
2519 -0.018256
2520 0.004277
2521 0.004277
2522 0.004277
2523 0.004277
2524 0.004277
2525 0.004277
2526 0.004277
2527 -0.018609
2528 -0.018256
2529 -0.018256
2530 -0.018256
2531 -0.018256
2532 0.004277
2533 -0.018609
2534 0.004277
2535 0.004277
2536 0.003925
2537 0.004629
2538 0.004277
2539 0.004277
2540 0.004277
2541 0.004277
2542 -0.018256
2543 -0.018256
2544 -0.018256
2545 -0.018256
2546 -0.018256
2547 0.004277
2548 0.004277
2549 -0.018256
2550 -0.018256
2551 -0.018256
2552 0.004277
2553 -0.018256
2554 -0.018256
2555 -0.018256
2556 -0.018256
2557 -0.017904
2558 -0.018256
2559 -0.018256
2560 -0.018256
2561 -0.018256
2562 -0.018256
2563 -0.018256
2564 -0.018256
2565 0.004277
2566 0.004277
2567 -0.018256
2568 0.004277
2569 0.004277
2570 0.004277
2571 0.003925
2572 -0.018609
2573 0.004629
2574 0.004277
2575 -0.018256
2576 -0.018256
2577 -0.018256
2578 -0.018256
2579 -0.018256
2580 -0.018256
2581 -0.018256
2582 -0.018256
2583 -0.018256
2584 0.004277
2585 -0.018256
2586 -0.018609
2587 -0.018609
2588 0.004277
2589 -0.018256
2590 -0.018256
2591 -0.018609
2592 -0.018256
2593 -0.018609
2594 -0.018256
2595 -0.018256
2596 0.004277
2597 -0.018256
2598 0.004277
2599 0.004277
2600 -0.018256
2601 -0.018256
2602 0.004277
2603 0.004277
2604 0.003925
2605 0.004277
2606 0.004277
2607 -0.018256
2608 0.004277
2609 -0.018609
2610 -0.018256
2611 -0.018256
2612 0.004277
2613 -0.018256
2614 -0.018609
2615 0.004277
2616 -0.018256
2617 -0.018256
2618 -0.018256
2619 -0.018256
2620 -0.018256
2621 -0.018256
2622 -0.018256
2623 -0.018609
2624 0.003925
2625 0.004277
2626 -0.018256
2627 -0.018256
2628 0.004277
2629 0.004277
2630 0.003925
2631 0.003925
2632 -0.018256
2633 0.004629
2634 0.004277
2635 0.004277
2636 0.004277
2637 0.004277
2638 0.004277
2639 0.004277
2640 -0.018256
2641 0.004277
2642 -0.018609
2643 -0.018609
2644 -0.018256
2645 -0.018256
2646 -0.018256
2647 -0.018256
2648 -0.018256
2649 0.004277
2650 -0.018256
2651 -0.018256
2652 -0.018256
2653 -0.018256
2654 0.004277
2655 -0.018256
2656 -0.018609
2657 -0.018256
2658 -0.018256
2659 -0.018256
2660 -0.018609
2661 -0.018256
2662 -0.018256
2663 -0.018256
2664 0.004277
2665 -0.018256
2666 -0.018256
2667 -0.018256
2668 0.004277
2669 0.004277
2670 -0.018609
2671 0.004277
2672 -0.018256
2673 -0.018256
2674 -0.018256
2675 -0.018256
2676 0.003925
2677 0.004629
2678 -0.018256
2679 0.004629
2680 0.003925
2681 0.004629
2682 -0.018256
2683 0.004277
2684 0.004277
2685 -0.018256
2686 0.004277
2687 -0.018256
2688 -0.018256
2689 -0.018256
2690 -0.018256
2691 0.004277
2692 -0.018256
2693 -0.018609
2694 -0.018609
2695 -0.018256
2696 0.004277
2697 0.004277
2698 0.004277
2699 0.003925
2700 -0.018609
2701 -0.018256
2702 0.004629
2703 0.004277
2704 0.003925
2705 0.004277
2706 -0.018256
2707 -0.018256
2708 0.004277
2709 0.004277
2710 -0.018256
2711 -0.018256
2712 0.004277
2713 -0.018256
2714 0.004277
2715 -0.018256
2716 0.004277
2717 0.004277
2718 -0.018256
2719 -0.018609
2720 -0.018256
2721 0.004277
2722 0.004277
2723 -0.018256
2724 0.004277
2725 -0.018256
2726 0.004277
2727 0.004277
2728 -0.018256
2729 0.004277
2730 -0.018256
2731 -0.018256
2732 0.004277
2733 -0.018256
2734 -0.018256
2735 0.003925
2736 0.004277
2737 0.004277
2738 -0.017904
2739 -0.018256
2740 -0.018609
2741 -0.018609
2742 0.004277
2743 -0.018256
2744 0.004277
2745 -0.018609
2746 -0.018609
2747 -0.018256
2748 -0.018256
2749 0.004277
2750 -0.018256
2751 -0.018609
2752 -0.018609
2753 -0.018256
2754 -0.018256
2755 -0.018256
2756 -0.018256
2757 0.004277
2758 -0.018256
2759 0.004277
2760 -0.018256
2761 -0.018609
2762 -0.018256
2763 -0.018256
2764 -0.018256
2765 -0.018256
2766 -0.018256
2767 0.004277
2768 -0.017904
2769 0.003925
2770 -0.018256
2771 0.004277
2772 -0.018609
2773 -0.018256
2774 -0.018256
2775 -0.018609
2776 -0.018256
2777 -0.018256
2778 -0.018609
2779 -0.018256
2780 -0.018256
2781 -0.018256
2782 -0.018609
2783 -0.018609
2784 -0.018256
2785 -0.018256
2786 -0.018609
2787 -0.018256
2788 -0.018609
2789 -0.018609
2790 -0.018609
2791 -0.018609
2792 -0.018256
2793 -0.018256
2794 -0.018256
2795 -0.018609
2796 -0.018609
2797 -0.018256
2798 -0.018256
2799 -0.018609
2800 -0.018256
2801 -0.018256
2802 0.004277
2803 0.004277
2804 0.004277
2805 -0.018609
2806 -0.018256
2807 -0.018256
2808 -0.018256
2809 -0.018256
2810 -0.018256
2811 -0.018256
2812 0.004277
2813 -0.018256
2814 -0.018256
2815 -0.018609
2816 -0.018609
2817 -0.018256
2818 -0.018256
2819 -0.018609
2820 -0.018609
2821 0.004277
2822 -0.018256
2823 -0.018256
2824 -0.018256
2825 -0.018256
2826 -0.018256
2827 0.004277
2828 -0.018256
2829 -0.018256
2830 -0.018256
2831 0.004277
2832 -0.018256
2833 -0.018256
2834 -0.018256
2835 0.004277
2836 0.003925
2837 0.003925
2838 0.004277
2839 -0.018256
2840 -0.018256
2841 -0.018256
2842 -0.018256
2843 -0.018256
2844 -0.018256
2845 0.004277
2846 -0.018256
2847 -0.018256
2848 -0.018609
2849 -0.018609
2850 -0.018256
2851 -0.018256
2852 -0.018609
2853 -0.018256
2854 -0.018256
2855 -0.018256
2856 -0.018256
2857 -0.018256
2858 -0.018256
2859 -0.018609
2860 -0.018256
2861 -0.018256
2862 -0.018609
2863 -0.018256
2864 0.004277
2865 0.004277
2866 -0.018256
2867 -0.018256
2868 0.004277
2869 -0.018256
2870 0.004277
2871 0.003925
2872 -0.018609
2873 0.004277
2874 -0.018256
2875 -0.018609
2876 0.004277
2877 0.003925
2878 -0.018256
2879 -0.018256
2880 -0.018609
2881 -0.018256
2882 -0.018256
2883 0.004277
2884 -0.018256
2885 -0.018256
2886 0.004277
2887 -0.018256
2888 -0.018256
2889 -0.018256
2890 -0.018256
2891 -0.018256
2892 -0.018256
2893 0.004277
2894 -0.018256
2895 -0.018256
2896 -0.018256
2897 -0.018256
2898 -0.018609
2899 -0.018256
2900 -0.018256
2901 -0.018256
2902 -0.018609
2903 0.004277
2904 -0.018256
2905 0.004277
2906 0.003925
2907 -0.018256
2908 -0.018256
2909 -0.018256
2910 -0.018256
2911 -0.018609
2912 -0.018609
2913 -0.018256
2914 -0.018256
2915 -0.018256
2916 0.004277
2917 -0.018256
2918 -0.018256
2919 -0.018256
2920 -0.018256
2921 -0.018256
2922 -0.018256
2923 -0.018256
2924 -0.018256
2925 -0.018256
2926 0.004277
2927 -0.018256
2928 -0.018256
2929 -0.018256
2930 -0.018256
2931 -0.018256
2932 -0.018609
2933 -0.018256
2934 0.004277
2935 0.004277
2936 0.003925
2937 0.004277
2938 0.004277
2939 -0.018256
2940 -0.018256
2941 -0.018256
2942 -0.018609
2943 -0.018609
2944 -0.018256
2945 -0.018609
2946 -0.018256
2947 -0.018256
2948 -0.018256
2949 -0.018609
2950 -0.018256
2951 -0.018609
2952 -0.018256
2953 -0.018256
2954 0.003925
2955 -0.018256
2956 0.004277
2957 -0.018609
2958 -0.018256
2959 -0.018256
2960 -0.018256
2961 -0.018256
2962 0.004277
2963 -0.018256
2964 -0.018256
2965 -0.018609
2966 -0.018256
2967 -0.018256
2968 -0.018256
2969 0.003925
2970 0.004277
2971 0.004629
2972 -0.018256
2973 -0.018609
2974 -0.018256
2975 -0.018256
2976 -0.018609
2977 -0.018256
2978 -0.018256
2979 0.004277
2980 -0.018256
2981 -0.018609
2982 -0.018256
2983 -0.018609
2984 0.004277
2985 0.004277
2986 -0.018256
2987 -0.018609
2988 -0.018256
2989 -0.018256
2990 -0.018256
2991 -0.018256
2992 -0.018609
2993 -0.018256
2994 0.004277
2995 -0.018256
2996 -0.018256
2997 -0.018256
2998 -0.018256
2999 -0.018256
3000 -0.018256
3001 -0.018256
3002 0.004277
3003 0.004277
3004 0.004277
3005 0.003925
3006 0.004277
3007 -0.018256
3008 -0.018609
3009 -0.018609
3010 -0.018609
3011 -0.018256
3012 -0.018256
3013 -0.018256
3014 -0.018256
3015 -0.018256
3016 0.004277
3017 0.004277
3018 -0.018256
3019 -0.018256
3020 0.003925
3021 -0.018256
3022 -0.018256
3023 -0.018609
3024 0.004277
3025 0.004277
3026 0.004277
3027 0.004277
3028 0.004277
3029 -0.018256
3030 -0.018256
3031 0.004277
3032 0.004277
3033 -0.018256
3034 0.003925
3035 0.004277
3036 0.004277
3037 0.004277
3038 0.004277
3039 -0.018256
3040 -0.018609
3041 -0.018256
3042 0.004277
3043 -0.018256
3044 0.004277
3045 -0.018256
3046 -0.018256
3047 0.004277
3048 0.004277
3049 -0.018256
3050 -0.018256
3051 -0.018609
3052 -0.018256
3053 -0.018256
3054 0.004277
3055 0.003925
3056 0.003925
3057 0.004277
3058 0.004277
3059 -0.018609
3060 0.003925
3061 -0.018256
3062 0.004277
3063 -0.018256
3064 -0.018256
3065 -0.018256
3066 -0.018256
3067 0.004277
3068 0.004277
3069 0.004277
3070 0.004277
3071 -0.018256
3072 -0.018256
3073 -0.018609
3074 -0.018256
3075 0.004277
3076 -0.018256
3077 0.004277
3078 -0.018256
3079 0.004277
3080 0.004277
3081 -0.018609
3082 0.004277
3083 -0.018256
3084 0.004277
3085 0.004277
3086 -0.018256
3087 0.003925
3088 -0.018256
3089 -0.018256
3090 0.004277
3091 -0.018256
3092 -0.018256
3093 -0.018256
3094 -0.018256
3095 -0.018256
3096 -0.018256
3097 -0.018256
3098 -0.018256
3099 0.004277
3100 0.004277
3101 -0.018609
3102 0.004277
3103 -0.018256
3104 -0.018609
3105 -0.018256
3106 -0.018609
3107 0.004277
3108 -0.018256
3109 -0.018256
3110 0.004277
3111 -0.018256
3112 -0.018256
3113 0.004629
3114 -0.018256
3115 0.004277
3116 -0.018256
3117 0.004277
3118 0.004277
3119 0.004277
3120 0.004277
3121 -0.018256
3122 0.004277
3123 0.004277
3124 -0.018256
3125 -0.018256
3126 -0.018256
3127 0.004277
3128 0.004277
3129 -0.018256
3130 0.004277
3131 -0.018609
3132 0.004277
3133 0.004277
3134 -0.018256
3135 -0.018256
3136 -0.018256
3137 -0.018256
3138 0.004277
3139 -0.018256
3140 -0.018256
3141 -0.018256
3142 -0.018256
3143 -0.018256
3144 0.003925
3145 -0.018256
3146 -0.018256
3147 -0.018256
3148 0.003925
3149 0.004277
3150 -0.018256
3151 -0.018256
3152 -0.018609
3153 -0.018609
3154 -0.018256
3155 -0.018256
3156 -0.018609
3157 -0.018256
3158 0.004277
3159 0.004277
3160 -0.018609
3161 -0.018256
3162 -0.018256
3163 0.004277
3164 -0.018256
3165 -0.018609
3166 -0.018256
3167 -0.018256
3168 -0.018256
3169 -0.018609
3170 0.004277
3171 0.004277
3172 0.004277
3173 0.004277
3174 -0.018256
3175 -0.018256
3176 -0.018256
3177 0.003925
3178 0.004277
3179 -0.018256
3180 -0.018609
3181 -0.018256
3182 0.004277
3183 0.004277
3184 0.004277
3185 0.004277
3186 0.004629
3187 -0.018256
3188 0.004277
3189 -0.018256
3190 0.004277
3191 0.004277
3192 -0.018256
3193 -0.018256
3194 -0.018256
3195 -0.018609
3196 0.004277
3197 0.004277
3198 0.004277
3199 -0.018609
3200 -0.018609
3201 -0.018609
3202 -0.018609
3203 0.004277
3204 0.004277
3205 0.004277
3206 -0.018256
3207 -0.018256
3208 0.004277
3209 -0.018256
3210 -0.017904
3211 -0.018256
3212 0.004277
3213 -0.018256
3214 -0.018609
3215 0.004277
3216 -0.018256
3217 -0.018256
3218 -0.018256
3219 -0.018609
3220 -0.018256
3221 0.003925
3222 -0.018256
3223 -0.018256
3224 0.004277
3225 0.004277
3226 0.004277
3227 0.004277
3228 -0.018256
3229 0.004277
3230 0.004277
3231 -0.018609
3232 -0.018256
3233 -0.018256
3234 -0.018609
3235 0.004277
3236 0.004277
3237 0.003925
3238 0.003925
3239 -0.018256
3240 0.004277
3241 -0.018256
3242 -0.018609
3243 -0.018256
3244 -0.018256
3245 0.004277
3246 0.004277
3247 0.004277
3248 -0.017904
3249 -0.018256
3250 0.004277
3251 -0.018609
3252 -0.018609
3253 -0.018609
3254 -0.018256
3255 -0.018256
3256 -0.018256
3257 -0.018256
3258 -0.018609
3259 -0.018256
3260 -0.018256
3261 0.003925
3262 -0.018256
3263 -0.018256
3264 -0.018256
3265 -0.018256
3266 -0.018609
3267 -0.018256
3268 0.004277
3269 -0.018256
3270 -0.018256
3271 0.004277
3272 -0.018256
3273 -0.018256
3274 0.004277
3275 -0.018256
3276 0.003925
3277 -0.018256
3278 0.004277
3279 -0.018256
3280 0.004277
3281 -0.018256
3282 -0.018256
3283 -0.018609
3284 -0.018256
3285 -0.018256
3286 0.004277
3287 -0.018256
3288 0.004277
3289 -0.018256
3290 -0.018256
3291 -0.018256
3292 0.004277
3293 -0.018256
3294 -0.018256
3295 0.004277
3296 -0.018256
3297 -0.018256
3298 -0.018256
3299 -0.018256
3300 -0.018256
3301 -0.018256
3302 0.004277
3303 0.004277
3304 0.004277
3305 -0.018256
3306 -0.018256
3307 -0.018256
3308 -0.018256
3309 -0.018256
3310 -0.018256
3311 -0.018256
3312 -0.018256
3313 -0.018256
3314 -0.018256
3315 -0.018256
3316 -0.018256
3317 -0.018256
3318 0.003925
3319 -0.018256
3320 0.004277
3321 -0.018256
3322 -0.018256
3323 -0.018256
3324 -0.018256
3325 -0.018256
3326 0.004277
3327 -0.018256
3328 -0.017904
3329 -0.018256
3330 -0.018256
3331 -0.018256
3332 -0.018609
3333 -0.018609
3334 -0.018256
3335 -0.018609
3336 0.004277
3337 0.004277
3338 0.003925
3339 -0.018256
3340 -0.018256
3341 -0.018256
3342 -0.018256
3343 -0.018256
3344 -0.018256
3345 -0.018256
3346 -0.018609
3347 0.004277
3348 -0.018256
3349 -0.018256
3350 -0.018256
3351 -0.018256
3352 -0.018256
3353 0.004277
3354 -0.018256
3355 -0.018256
3356 -0.018256
3357 -0.018256
3358 0.004277
3359 0.004629
3360 -0.018256
3361 -0.018256
3362 -0.018256
3363 -0.018609
3364 -0.018256
3365 0.004277
3366 -0.018609
3367 -0.018256
3368 0.004277
3369 0.004277
3370 -0.018609
3371 0.004277
3372 -0.018256
3373 -0.018609
3374 0.004277
3375 -0.018256
3376 -0.018256
3377 -0.018256
3378 -0.018609
3379 -0.018256
3380 -0.018256
3381 -0.018256
3382 -0.018609
3383 -0.018256
3384 0.004277
3385 -0.018256
3386 -0.018256
3387 -0.018256
3388 -0.018256
3389 -0.018256
3390 -0.018256
3391 -0.018256
3392 -0.018609
3393 -0.018609
3394 -0.018256
3395 -0.018256
3396 -0.018609
3397 -0.018609
3398 -0.018609
3399 -0.018609
3400 -0.018609
3401 -0.018609
3402 -0.018256
3403 0.004277
3404 0.004277
3405 -0.018256
3406 -0.018256
3407 -0.018256
3408 -0.018256
3409 -0.018256
3410 -0.018256
3411 -0.018256
3412 0.004277
3413 -0.018256
3414 -0.018256
3415 -0.018256
3416 -0.018256
3417 -0.018256
3418 -0.018256
3419 -0.018256
3420 -0.018256
3421 -0.018256
3422 0.004277
3423 0.004277
3424 -0.018256
3425 -0.018256
3426 -0.018256
3427 -0.018609
3428 -0.018256
3429 0.004277
3430 -0.018256
3431 -0.018256
3432 -0.018256
3433 -0.018256
3434 -0.018256
3435 0.004277
3436 0.004277
3437 0.004277
3438 0.004277
3439 -0.018256
3440 0.004277
3441 -0.018256
3442 -0.018256
3443 -0.018256
3444 0.003925
3445 -0.018609
3446 -0.018256
3447 -0.018256
3448 0.004277
3449 -0.018256
3450 -0.018256
3451 -0.018256
3452 0.004277
3453 -0.018256
3454 -0.018256
3455 -0.018256
3456 -0.018609
3457 -0.018609
3458 -0.018256
3459 -0.018609
3460 -0.018256
3461 -0.018256
3462 -0.018609
3463 -0.018256
3464 -0.018256
3465 -0.018609
3466 -0.018256
3467 -0.018609
3468 -0.018256
3469 -0.018256
3470 0.003925
3471 -0.018256
3472 -0.018256
3473 -0.018256
3474 0.003925
3475 -0.018256
3476 -0.018256
3477 -0.018609
3478 0.004277
3479 -0.018609
3480 -0.018256
3481 -0.018609
3482 -0.018256
3483 -0.018256
3484 -0.018609
3485 0.003925
3486 0.004277
3487 0.004277
3488 -0.018256
3489 -0.018609
3490 -0.018256
3491 -0.018256
3492 0.004277
3493 -0.018256
3494 -0.018256
3495 0.003925
3496 0.004277
3497 -0.018256
3498 -0.018256
3499 -0.018256
3500 0.004277
3501 -0.018256
3502 0.003925
3503 0.004277
3504 0.004277
3505 0.004277
3506 -0.018256
3507 -0.018256
3508 -0.018256
3509 -0.018256
3510 -0.018256
3511 -0.018609
3512 -0.018256
3513 -0.018256
3514 -0.018256
3515 0.004277
3516 0.003925
3517 0.003925
3518 0.004277
3519 -0.018256
3520 -0.018609
3521 -0.018256
3522 -0.018609
3523 0.004277
3524 0.004277
3525 -0.018256
3526 -0.018256
3527 0.004277
3528 -0.018256
3529 -0.018256
3530 -0.018609
3531 -0.018609
3532 0.004277
3533 0.003925
3534 -0.018256
3535 -0.018256
3536 0.004277
3537 -0.018256
3538 0.004277
3539 -0.018256
3540 0.003925
3541 0.004277
3542 -0.018256
3543 -0.018256
3544 0.004277
3545 -0.018609
3546 -0.018256
3547 -0.018256
3548 0.004277
3549 -0.018256
3550 0.004277
3551 -0.018609
3552 -0.018256
3553 -0.018256
3554 -0.018256
3555 -0.018256
3556 0.004277
3557 0.004277
3558 -0.018256
3559 -0.018609
3560 -0.018256
3561 -0.018256
3562 -0.018609
3563 -0.018256
3564 -0.018256
3565 0.004277
3566 0.004277
3567 -0.018256
3568 0.004277
3569 0.004277
3570 0.004277
3571 0.004277
3572 -0.018609
3573 -0.018256
3574 -0.018256
3575 -0.018256
3576 0.003925
3577 -0.018256
3578 -0.018256
3579 -0.018609
3580 -0.018256
3581 -0.018256
3582 -0.018256
3583 -0.018256
3584 -0.018256
3585 -0.018609
3586 -0.018256
3587 -0.017904
3588 -0.018256
3589 0.004277
3590 -0.018256
3591 0.003925
3592 -0.018256
3593 -0.018256
3594 -0.018256
3595 -0.018256
3596 0.004277
3597 0.004277
3598 0.004277
3599 -0.018256
3600 -0.018609
3601 -0.018256
3602 0.004277
3603 0.004277
3604 0.003925
3605 0.004277
3606 -0.018256
3607 -0.018256
3608 0.004277
3609 -0.018256
3610 -0.018256
3611 -0.018256
3612 0.004277
3613 0.004277
3614 -0.018256
3615 -0.018256
3616 -0.018256
3617 -0.018609
3618 -0.018256
3619 -0.018256
3620 -0.018256
3621 -0.018256
3622 0.004277
3623 -0.018256
3624 0.004277
3625 0.004277
3626 -0.018256
3627 -0.018256
3628 0.004277
3629 -0.018256
3630 -0.018256
3631 0.003925
3632 -0.018256
3633 0.003925
3634 -0.018256
3635 0.004277
3636 0.004277
3637 0.004277
3638 0.004277
3639 -0.018256
3640 -0.018256
3641 0.004277
3642 0.004277
3643 -0.018256
3644 0.004277
3645 -0.018256
3646 -0.018256
3647 -0.018609
3648 -0.018256
3649 -0.018256
3650 -0.018256
3651 -0.018256
3652 -0.018256
3653 0.004277
3654 -0.018256
3655 -0.018256
3656 0.004277
3657 -0.018256
3658 0.004277
3659 -0.018256
3660 -0.018256
3661 -0.018256
3662 -0.018256
3663 -0.018256
3664 -0.018609
3665 -0.018256
3666 0.004277
3667 -0.018256
3668 0.004277
3669 0.004277
3670 0.003925
3671 0.004277
3672 0.004277
3673 -0.018609
3674 0.003925
3675 -0.018256
3676 0.004277
3677 0.004277
3678 0.004277
3679 -0.018609
3680 -0.018609
3681 -0.018256
3682 -0.018256
3683 -0.018609
3684 0.004277
3685 -0.018609
3686 0.003925
3687 -0.018256
3688 -0.018256
3689 -0.018256
3690 -0.018256
3691 -0.018256
3692 0.004277
3693 -0.018256
3694 -0.018256
3695 0.004277
3696 -0.018256
3697 -0.018256
3698 -0.018256
3699 -0.018256
3700 -0.018256
3701 -0.018256
3702 0.004277
3703 0.004277
3704 0.004277
3705 0.004277
3706 -0.018256
3707 -0.018256
3708 0.004277
3709 0.004277
3710 -0.018256
3711 -0.018256
3712 -0.018256
3713 -0.018609
3714 -0.018256
3715 0.004277
3716 0.004277
3717 -0.018256
3718 -0.018256
3719 -0.018609
3720 0.004277
3721 0.004277
3722 -0.018256
3723 -0.018256
3724 -0.018256
3725 0.004277
3726 -0.018256
3727 -0.018256
3728 -0.018256
3729 -0.018256
3730 0.004277
3731 0.004277
3732 -0.018256
3733 0.004277
3734 -0.018256
3735 0.003925
3736 0.004277
3737 0.003925
3738 0.004277
3739 -0.018256
3740 -0.018256
3741 -0.018256
3742 -0.018256
3743 -0.018256
3744 -0.018256
3745 -0.018256
3746 -0.018256
3747 -0.018256
3748 0.004277
3749 -0.018256
3750 -0.018609
3751 -0.018609
3752 -0.018256
3753 -0.018256
3754 -0.018609
3755 0.004277
3756 -0.018256
3757 -0.018256
3758 0.004277
3759 -0.018609
3760 -0.018256
3761 -0.018256
3762 -0.018609
3763 -0.018256
3764 -0.018256
3765 -0.018256
3766 -0.018256
3767 -0.018256
3768 0.004277
3769 -0.018256
3770 0.004277
3771 -0.018609
3772 0.004277
3773 -0.018256
3774 -0.018256
3775 -0.018256
3776 -0.018609
3777 -0.018256
3778 -0.018256
3779 -0.018256
3780 0.004277
3781 -0.018609
3782 -0.018256
3783 -0.018609
3784 0.004629
3785 -0.018256
3786 -0.018256
3787 -0.018256
3788 -0.018256
3789 -0.018256
3790 -0.018256
3791 -0.018256
3792 -0.018609
3793 -0.018256
3794 -0.018256
3795 -0.018256
3796 -0.018609
3797 -0.018609
3798 -0.018256
3799 -0.018256
3800 -0.018256
3801 -0.018256
3802 0.004277
3803 0.004277
3804 0.004277
3805 0.004277
3806 -0.018256
3807 -0.018256
3808 -0.018609
3809 -0.018609
3810 -0.018609
3811 -0.018609
3812 0.004277
3813 -0.018256
3814 -0.018256
3815 -0.018256
3816 0.004277
3817 -0.018256
3818 -0.018256
3819 -0.018256
3820 -0.018256
3821 -0.018609
3822 -0.018256
3823 -0.018256
3824 -0.018256
3825 -0.018256
3826 -0.017904
3827 -0.018256
3828 0.004277
3829 -0.018256
3830 -0.018609
3831 -0.018609
3832 -0.018256
3833 -0.018256
3834 -0.018256
3835 0.003925
3836 0.004277
3837 0.004629
3838 0.004277
3839 -0.018609
3840 -0.018609
3841 -0.018256
3842 -0.018256
3843 -0.018256
3844 -0.018256
3845 0.004277
3846 -0.018256
3847 -0.018256
3848 -0.018256
3849 -0.018256
3850 -0.018256
3851 -0.018609
3852 -0.018609
3853 -0.018609
3854 -0.018609
3855 -0.018609
3856 -0.018256
3857 -0.018256
3858 -0.018609
3859 -0.018256
3860 -0.018256
3861 -0.018256
3862 -0.018609
3863 -0.018256
3864 -0.018609
3865 -0.018256
3866 -0.018256
3867 0.004277
3868 -0.018256
3869 -0.018256
3870 0.004277
3871 -0.018256
3872 -0.018609
3873 -0.018609
3874 -0.018256
3875 -0.018256
3876 -0.018256
3877 -0.018256
3878 -0.018256
3879 -0.018256
3880 -0.018256
3881 -0.018609
3882 -0.018256
3883 -0.018256
3884 -0.018256
3885 -0.018609
3886 -0.018256
3887 -0.018256
3888 -0.018609
3889 -0.018256
3890 -0.018256
3891 -0.018256
3892 -0.018256
3893 -0.018256
3894 -0.018256
3895 -0.018256
3896 -0.018256
3897 -0.018256
3898 -0.018256
3899 -0.018256
3900 0.004277
3901 -0.018256
3902 -0.018256
3903 -0.018609
3904 -0.018256
3905 -0.018609
3906 -0.018256
3907 -0.018256
3908 -0.018256
3909 0.004277
3910 -0.018256
3911 -0.018256
3912 -0.018256
3913 -0.018256
3914 -0.018256
3915 -0.018256
3916 -0.018256
3917 -0.018256
3918 -0.018609
3919 -0.018256
3920 -0.018609
3921 -0.018609
3922 0.003925
3923 -0.018256
3924 -0.018256
3925 -0.018609
3926 -0.018256
3927 -0.018256
3928 -0.018609
3929 -0.018609
3930 0.004277
3931 -0.018256
3932 -0.018256
3933 -0.018256
3934 -0.018256
3935 -0.018609
3936 -0.018256
3937 -0.018256
3938 0.004277
3939 -0.018256
3940 -0.018256
3941 -0.018256
3942 -0.018256
3943 -0.018256
3944 -0.018256
3945 -0.018256
3946 0.004629
3947 0.004277
3948 0.004277
3949 -0.018256
3950 -0.018256
3951 -0.018256
3952 -0.018256
3953 -0.018609
3954 -0.018609
3955 -0.018256
3956 -0.018256
3957 -0.018256
3958 -0.018256
3959 -0.018256
3960 -0.018256
3961 0.004277
3962 -0.018256
3963 -0.018256
3964 -0.018609
3965 -0.018609
3966 -0.018609
3967 -0.018609
3968 -0.018609
3969 -0.018256
3970 -0.018256
3971 -0.018609
3972 0.004277
3973 -0.018256
3974 -0.018256
3975 -0.018256
3976 -0.018256
3977 -0.018609
3978 -0.018256
3979 -0.018256
3980 -0.018609
3981 -0.018609
3982 -0.018256
3983 -0.018609
3984 0.004277
3985 -0.018256
3986 -0.018256
3987 0.004277
3988 -0.018256
3989 -0.018609
3990 0.004277
3991 0.004277
3992 0.004277
3993 -0.018256
3994 -0.018256
3995 -0.018256
3996 -0.018609
3997 -0.018256
3998 -0.018256
3999 -0.018609
4000 -0.018609
4001 -0.018609
4002 -0.018609
4003 -0.018256
4004 -0.018256
4005 -0.018609
4006 -0.018256
4007 -0.018256
4008 -0.018609
4009 -0.018609
4010 -0.018609
4011 -0.018609
4012 -0.018609
4013 -0.018256
4014 -0.018256
4015 -0.018256
4016 -0.018256
4017 -0.018256
4018 -0.018256
4019 -0.018256
4020 0.003925
4021 0.004277
4022 -0.018256
4023 -0.018256
4024 -0.018256
4025 -0.018256
4026 -0.018256
4027 0.004277
4028 -0.018256
4029 -0.018256
4030 -0.018256
4031 -0.018256
4032 -0.018256
4033 -0.018609
4034 -0.018609
4035 0.004277
4036 0.004629
4037 0.004277
4038 0.004277
4039 0.004277
4040 0.004277
4041 -0.018256
4042 0.004277
4043 -0.018256
4044 -0.018256
4045 0.003925
4046 0.004277
4047 -0.018256
4048 -0.018256
4049 -0.018609
4050 0.004277
4051 -0.018609
4052 -0.018256
4053 -0.018609
4054 -0.018256
4055 -0.018256
4056 -0.018256
4057 -0.018256
4058 -0.018256
4059 -0.018256
4060 -0.018256
4061 -0.018256
4062 0.004277
4063 -0.018256
4064 -0.018256
4065 -0.018256
4066 -0.018256
4067 -0.018256
4068 -0.018256
4069 -0.018609
4070 0.003925
4071 0.004277
4072 -0.018256
4073 0.004277
4074 0.004277
4075 0.004277
4076 -0.018256
4077 -0.018256
4078 0.004277
4079 0.004277
4080 0.004277
4081 -0.018256
4082 0.004277
4083 0.004277
4084 0.004277
4085 -0.018256
4086 -0.018256
4087 -0.018256
4088 -0.018256
4089 0.004277
4090 -0.018256
4091 0.004277
4092 -0.018256
4093 -0.018256
4094 -0.018256
4095 -0.018256
4096 -0.018256
4097 -0.018256
4098 -0.018256
4099 -0.018256
4100 -0.018256
4101 -0.018256
4102 0.004277
4103 0.003925
4104 0.004277
4105 0.003925
4106 -0.018256
4107 0.004277
4108 0.004277
4109 0.004277
4110 0.004277
4111 -0.018256
4112 -0.018256
4113 0.004277
4114 0.003925
4115 0.004277
4116 0.004277
4117 0.004277
4118 0.004629
4119 0.004277
4120 0.003925
4121 0.004277
4122 0.004277
4123 0.004277
4124 -0.018256
4125 -0.018609
4126 -0.018256
4127 -0.018256
4128 0.003925
4129 -0.018256
4130 -0.018256
4131 0.004277
4132 -0.018256
4133 -0.018256
4134 -0.018609
4135 0.004277
4136 0.004277
4137 0.004277
4138 0.003925
4139 -0.018256
4140 -0.018256
4141 0.004277
4142 -0.018256
4143 0.004277
4144 0.004277
4145 0.004277
4146 -0.018609
4147 0.004277
4148 0.003925
4149 -0.018256
4150 -0.018256
4151 -0.018609
4152 0.004277
4153 -0.018256
4154 -0.018256
4155 0.004277
4156 0.003925
4157 -0.018609
4158 0.004277
4159 0.004277
4160 0.004277
4161 0.004277
4162 0.004277
4163 0.004277
4164 -0.018256
4165 -0.018256
4166 -0.018256
4167 -0.018256
4168 -0.018256
4169 -0.018256
4170 -0.018609
4171 -0.018256
4172 -0.018256
4173 -0.018256
4174 0.004277
4175 -0.018256
4176 -0.018256
4177 -0.018256
4178 -0.018256
4179 -0.018256
4180 0.004277
4181 -0.018609
4182 -0.018256
4183 -0.018256
4184 -0.018256
4185 -0.018256
4186 0.004277
4187 0.004629
4188 0.003925
4189 -0.018256
4190 -0.018256
4191 -0.018256
4192 0.004277
4193 0.004277
4194 -0.018256
4195 0.004277
4196 0.004277
4197 -0.018256
4198 -0.018256
4199 0.004277
4200 0.004277
4201 -0.018256
4202 -0.018609
4203 0.004277
4204 0.003925
4205 0.004277
4206 0.004277
4207 -0.018609
4208 0.004277
4209 0.004277
4210 -0.018256
4211 0.004277
4212 0.003925
4213 0.004277
4214 -0.018256
4215 0.003925
4216 -0.018256
4217 -0.018256
4218 -0.018256
4219 -0.018256
4220 0.004277
4221 -0.018256
4222 -0.018256
4223 0.003925
4224 0.004277
4225 -0.018256
4226 0.004277
4227 -0.018256
4228 -0.018256
4229 -0.018256
4230 0.003925
4231 -0.018256
4232 -0.018256
4233 0.004277
4234 0.003925
4235 0.003925
4236 0.004277
4237 0.004277
4238 0.004277
4239 -0.018609
4240 -0.018256
4241 0.004277
4242 0.004277
4243 0.004277
4244 -0.018256
4245 0.004277
4246 0.004277
4247 -0.018256
4248 0.004277
4249 -0.018256
4250 -0.018256
4251 -0.018256
4252 -0.018609
4253 -0.018256
4254 -0.018256
4255 -0.018256
4256 -0.018256
4257 0.004277
4258 -0.018256
4259 -0.018609
4260 -0.018609
4261 -0.018256
4262 -0.018256
4263 -0.018256
4264 -0.018256
4265 -0.018256
4266 -0.018609
4267 -0.018256
4268 -0.018256
4269 -0.017904
4270 -0.018256
4271 -0.018256
4272 -0.018609
4273 -0.018256
4274 0.004277
4275 -0.018256
4276 -0.018609
4277 -0.018256
4278 0.004277
4279 -0.018256
4280 -0.018256
4281 -0.018609
4282 -0.018256
4283 -0.018256
4284 -0.018256
4285 -0.018256
4286 0.004277
4287 -0.018256
4288 -0.018256
4289 0.004277
4290 -0.018256
4291 -0.018609
4292 -0.018256
4293 -0.018256
4294 -0.018256
4295 -0.018256
4296 -0.018256
4297 -0.018256
4298 -0.018256
4299 -0.018256
4300 -0.018256
4301 -0.018256
4302 0.004277
4303 0.004277
4304 0.004277
4305 0.004277
4306 -0.018256
4307 -0.018256
4308 -0.018256
4309 -0.018256
4310 -0.018609
4311 -0.018256
4312 -0.018256
4313 -0.018256
4314 -0.018256
4315 -0.018256
4316 0.004277
4317 -0.018609
4318 0.003925
4319 -0.018609
4320 -0.018256
4321 0.003925
4322 -0.018609
4323 -0.018256
4324 -0.018256
4325 -0.018609
4326 0.004277
4327 -0.018256
4328 0.004277
4329 -0.018256
4330 -0.018609
4331 -0.018256
4332 0.004277
4333 -0.018256
4334 -0.018256
4335 -0.018256
4336 0.003925
4337 0.004277
4338 0.003925
4339 -0.018256
4340 0.004277
4341 -0.018256
4342 0.004277
4343 -0.018256
4344 0.004277
4345 -0.018256
4346 -0.018609
4347 -0.018256
4348 -0.018256
4349 -0.018256
4350 0.003925
4351 -0.018256
4352 -0.018256
4353 -0.018256
4354 -0.018256
4355 0.004277
4356 0.004277
4357 -0.018256
4358 -0.018256
4359 -0.018256
4360 -0.018256
4361 0.003925
4362 -0.018256
4363 -0.018256
4364 -0.018256
4365 -0.018609
4366 0.003925
4367 -0.017904
4368 0.004277
4369 0.003925
4370 0.004277
4371 -0.018256
4372 -0.018256
4373 -0.018256
4374 -0.018256
4375 -0.018256
4376 -0.018256
4377 -0.018609
4378 -0.018256
4379 -0.018256
4380 -0.018256
4381 -0.018609
4382 -0.018256
4383 -0.018609
4384 0.004277
4385 -0.018256
4386 -0.018256
4387 -0.018256
4388 -0.018256
4389 -0.018256
4390 -0.018256
4391 -0.018256
4392 -0.018256
4393 -0.018256
4394 0.004277
4395 -0.018609
4396 -0.018256
4397 -0.018256
4398 -0.018256
4399 -0.018256
4400 -0.018256
4401 -0.018256
4402 0.004277
4403 0.003925
4404 0.004277
4405 0.004277
4406 -0.018609
4407 -0.018256
4408 -0.018256
4409 -0.018609
4410 -0.018609
4411 -0.018256
4412 -0.018256
4413 -0.018609
4414 0.004277
4415 -0.018256
4416 -0.018256
4417 -0.018256
4418 0.004277
4419 -0.018256
4420 0.003925
4421 -0.018256
4422 -0.018609
4423 -0.018609
4424 0.004277
4425 0.004277
4426 -0.018609
4427 -0.018256
4428 -0.018256
4429 0.004277
4430 -0.018256
4431 0.004277
4432 -0.018256
4433 -0.018609
4434 -0.018256
4435 0.004277
4436 0.003925
4437 0.004277
4438 0.003925
4439 -0.018256
4440 -0.018256
4441 -0.018256
4442 0.004277
4443 -0.018256
4444 -0.018256
4445 -0.018256
4446 0.004277
4447 -0.018256
4448 -0.018256
4449 -0.018256
4450 -0.018256
4451 -0.018256
4452 -0.018256
4453 -0.018256
4454 -0.018256
4455 -0.018256
4456 -0.018256
4457 0.004277
4458 -0.018609
4459 -0.018256
4460 -0.018256
4461 -0.018609
4462 -0.018256
4463 -0.018256
4464 -0.018256
4465 -0.018256
4466 -0.018256
4467 -0.018256
4468 -0.018609
4469 -0.018609
4470 0.004277
4471 -0.018609
4472 -0.018256
4473 -0.018256
4474 -0.018609
4475 -0.018256
4476 -0.018256
4477 -0.018609
4478 0.004277
4479 -0.018256
4480 -0.018256
4481 -0.018256
4482 -0.018256
4483 0.004277
4484 -0.018256
4485 -0.018256
4486 -0.018256
4487 -0.018256
4488 0.004277
4489 -0.018256
4490 -0.018609
4491 -0.018256
4492 0.004277
4493 -0.018256
4494 0.004277
4495 -0.018256
4496 0.004277
4497 -0.018256
4498 -0.018256
4499 -0.018256
4500 -0.018256
4501 -0.018256
4502 0.004277
4503 0.003925
4504 0.004277
4505 0.004277
4506 -0.018256
4507 -0.018609
4508 0.003925
4509 0.004277
4510 -0.018609
4511 -0.018256
4512 0.004277
4513 0.004277
4514 -0.018256
4515 -0.018256
4516 0.004277
4517 0.004277
4518 0.004277
4519 0.004277
4520 0.003925
4521 0.004277
4522 0.004277
4523 0.004277
4524 0.004277
4525 0.004277
4526 0.003925
4527 -0.017904
4528 0.004277
4529 0.004277
4530 0.004277
4531 0.004277
4532 -0.018609
4533 -0.018256
4534 0.003925
4535 0.004277
4536 0.004277
4537 0.004277
4538 0.003925
4539 -0.018256
4540 -0.018256
4541 0.004277
4542 -0.018256
4543 0.004277
4544 -0.018609
4545 -0.018256
4546 -0.018256
4547 -0.018256
4548 -0.018609
4549 0.004277
4550 0.004277
4551 -0.018256
4552 -0.018256
4553 0.004277
4554 0.003925
4555 -0.018256
4556 -0.018256
4557 -0.018256
4558 0.004277
4559 0.004277
4560 0.004277
4561 0.004277
4562 -0.018256
4563 0.004277
4564 0.004277
4565 0.004277
4566 0.004277
4567 -0.018256
4568 0.004277
4569 0.003925
4570 0.004629
4571 0.004277
4572 -0.018256
4573 -0.018256
4574 -0.018256
4575 -0.018256
4576 -0.018256
4577 0.004277
4578 -0.018609
4579 -0.018256
4580 0.004277
4581 -0.018609
4582 -0.018609
4583 -0.018256
4584 -0.018256
4585 -0.018256
4586 0.004277
4587 -0.018256
4588 0.004277
4589 -0.018256
4590 -0.018256
4591 -0.018256
4592 0.004277
4593 0.004277
4594 -0.018256
4595 0.004277
4596 0.003925
4597 -0.018256
4598 0.003925
4599 -0.018609
4600 -0.018256
4601 -0.018256
4602 0.004277
4603 0.004277
4604 0.004277
4605 0.004277
4606 -0.018256
4607 -0.018609
4608 -0.018256
4609 -0.018609
4610 -0.018256
4611 -0.018256
4612 -0.018256
4613 -0.018256
4614 -0.018256
4615 -0.018256
4616 -0.018256
4617 -0.018609
4618 -0.018609
4619 -0.018609
4620 -0.018609
4621 -0.018609
4622 -0.018609
4623 0.004277
4624 0.004277
4625 -0.018256
4626 0.004277
4627 0.003925
4628 -0.018609
4629 -0.018256
4630 -0.018256
4631 -0.018609
4632 -0.018256
4633 -0.018256
4634 0.004277
4635 0.004277
4636 0.004277
4637 0.004629
4638 0.004277
4639 0.003925
4640 -0.018256
4641 0.003925
4642 0.004277
4643 -0.018256
4644 -0.018609
4645 0.004277
4646 -0.018256
4647 0.003925
4648 -0.018609
4649 0.004277
4650 -0.018256
4651 -0.018256
4652 -0.018256
4653 0.004277
4654 -0.018609
4655 -0.018256
4656 0.004277
4657 0.004629
4658 -0.018609
4659 -0.018609
4660 0.004277
4661 -0.018256
4662 0.004277
4663 0.003925
4664 0.004277
4665 0.004277
4666 -0.018256
4667 0.004277
4668 -0.018256
4669 0.004277
4670 0.004277
4671 0.004277
4672 0.004277
4673 -0.018609
4674 -0.018609
4675 -0.018256
4676 -0.018256
4677 -0.018256
4678 -0.018256
4679 0.003925
4680 0.004277
4681 -0.018256
4682 -0.018256
4683 -0.018609
4684 -0.018256
4685 0.004277
4686 0.004277
4687 0.003925
4688 0.004277
4689 0.004277
4690 -0.018256
4691 -0.018256
4692 -0.018256
4693 -0.018256
4694 0.004277
4695 0.004277
4696 0.003925
4697 0.004277
4698 -0.018256
4699 -0.018256
4700 -0.018256
4701 -0.018256
4702 0.004277
4703 0.004277
4704 0.004277
4705 0.004277
4706 -0.018256
4707 -0.018256
4708 -0.018256
4709 -0.018256
4710 0.004277
4711 -0.018256
4712 0.004277
4713 -0.018256
4714 0.004277
4715 0.003925
4716 -0.018256
4717 0.003925
4718 0.004277
4719 0.004277
4720 0.003925
4721 -0.018609
4722 0.004277
4723 0.003925
4724 -0.018256
4725 0.004629
4726 -0.018256
4727 -0.018609
4728 -0.018256
4729 -0.018256
4730 -0.018256
4731 -0.018609
4732 0.004277
4733 0.004277
4734 -0.018256
4735 0.004277
4736 0.004277
4737 0.004277
4738 0.004277
4739 0.004277
4740 0.004277
4741 -0.018256
4742 -0.018609
4743 0.004277
4744 -0.018256
4745 0.004277
4746 -0.018256
4747 -0.018256
4748 -0.018256
4749 -0.018256
4750 -0.018609
4751 -0.018609
4752 -0.018609
4753 -0.018256
4754 -0.018256
4755 -0.018256
4756 -0.018256
4757 -0.018256
4758 -0.018256
4759 0.004277
4760 -0.018256
4761 -0.018256
4762 0.004277
4763 -0.018256
4764 -0.018256
4765 0.004277
4766 -0.018256
4767 0.004277
4768 0.003925
4769 -0.018256
4770 -0.018256
4771 0.004277
4772 0.004277
4773 -0.018256
4774 -0.018256
4775 -0.018609
4776 -0.018256
4777 -0.018256
4778 -0.018609
4779 -0.018609
4780 0.004277
4781 -0.018256
4782 -0.018256
4783 -0.018256
4784 -0.018256
4785 0.004277
4786 -0.018256
4787 -0.018609
4788 -0.018256
4789 -0.018256
4790 -0.018256
4791 0.004277
4792 -0.018256
4793 0.003925
4794 -0.018609
4795 -0.018256
4796 -0.018256
4797 -0.018256
4798 -0.018609
4799 -0.018256
4800 0.004277
4801 -0.018256
4802 -0.018256
4803 0.004629
4804 0.003925
4805 0.004277
4806 -0.018256
4807 -0.018256
4808 -0.018256
4809 -0.018256
4810 -0.018256
4811 -0.018256
4812 0.004277
4813 0.003925
4814 -0.018256
4815 -0.018609
4816 -0.018609
4817 0.004277
4818 -0.018256
4819 -0.018256
4820 -0.018256
4821 -0.018609
4822 -0.018609
4823 -0.018256
4824 -0.018256
4825 0.004277
4826 -0.018256
4827 -0.018256
4828 -0.018256
4829 -0.018609
4830 -0.018609
4831 -0.018256
4832 -0.018256
4833 0.004277
4834 0.004277
4835 0.004277
4836 0.003925
4837 0.004277
4838 0.003925
4839 -0.018609
4840 -0.018609
4841 -0.018256
4842 -0.018256
4843 0.004277
4844 -0.018256
4845 -0.018256
4846 -0.018256
4847 -0.018256
4848 -0.018256
4849 -0.018256
4850 0.004277
4851 -0.018256
4852 -0.018256
4853 -0.018609
4854 -0.018256
4855 -0.018256
4856 -0.018609
4857 0.004277
4858 -0.018256
4859 -0.018609
4860 -0.018609
4861 -0.018256
4862 -0.018256
4863 0.004277
4864 -0.018256
4865 -0.018256
4866 -0.018256
4867 0.003925
4868 0.004277
4869 0.004277
4870 -0.018256
4871 0.004277
4872 -0.018256
4873 -0.018609
4874 -0.018256
4875 -0.018256
4876 -0.018256
4877 -0.018256
4878 -0.018609
4879 -0.018256
4880 -0.018256
4881 -0.018256
4882 -0.018609
4883 -0.018256
4884 0.004277
4885 -0.018256
4886 -0.018609
4887 -0.018256
4888 -0.018609
4889 -0.018256
4890 -0.018609
4891 -0.018609
4892 -0.018609
4893 -0.018609
4894 -0.018256
4895 -0.018256
4896 -0.018256
4897 0.003925
4898 -0.018609
4899 -0.018609
4900 -0.018256
4901 -0.018256
4902 0.004277
4903 0.004277
4904 0.004277
4905 -0.018256
4906 -0.018256
4907 -0.018256
4908 -0.018256
4909 -0.018256
4910 -0.018256
4911 -0.018256
4912 0.004277
4913 -0.018256
4914 0.004277
4915 -0.018256
4916 -0.018256
4917 -0.018609
4918 -0.018256
4919 -0.018256
4920 -0.018256
4921 -0.018609
4922 -0.018256
4923 -0.018256
4924 0.004277
4925 -0.018256
4926 -0.018256
4927 -0.018256
4928 -0.018256
4929 0.003925
4930 -0.018609
4931 -0.018256
4932 -0.018609
4933 -0.018256
4934 -0.018256
4935 0.003925
4936 0.004277
4937 0.004277
4938 0.004277
4939 0.003925
4940 -0.018256
4941 -0.018256
4942 -0.018256
4943 -0.018609
4944 -0.018256
4945 -0.018256
4946 0.004277
4947 -0.018256
4948 -0.018256
4949 -0.018256
4950 -0.018256
4951 -0.018256
4952 -0.018256
4953 -0.018609
4954 -0.018256
4955 0.004277
4956 -0.018609
4957 -0.018609
4958 -0.018256
4959 -0.018256
4960 -0.018256
4961 -0.018609
4962 -0.018609
4963 -0.018256
4964 -0.018256
4965 -0.018609
4966 -0.018256
4967 -0.018256
4968 0.004277
4969 0.004277
4970 0.004277
4971 -0.018609
4972 0.004277
4973 -0.018256
4974 -0.018256
4975 -0.018256
4976 -0.018256
4977 -0.018256
4978 -0.018256
4979 -0.018609
4980 -0.018609
4981 -0.018256
4982 -0.018256
4983 -0.018256
4984 0.004277
4985 -0.018256
4986 -0.018256
4987 -0.018256
4988 -0.018256
4989 0.004277
4990 -0.018256
4991 0.004277
4992 0.004277
4993 -0.018256
4994 0.003925
4995 0.004277
4996 -0.018256
4997 0.004277
4998 -0.018256
4999 -0.018256
5000 -0.018256
