0 0.028600
1 0.028776
2 0.029129
3 0.029834
4 0.031244
5 0.033183
6 0.035650
7 0.039175
8 0.042877
9 5.000428
10 4.644378
11 5.008183
12 5.007302
13 4.641910
14 5.007831
15 5.009241
16 5.006949
17 5.006421
18 5.006068
19 5.009593
20 5.007831
21 5.005363
22 5.006773
23 5.008712
24 5.006773
25 5.006773
26 5.006597
27 5.006421
28 5.006068
29 5.008712
30 5.007831
31 5.007126
32 5.007654
33 5.007478
34 5.006244
35 5.008183
36 5.006949
37 5.007478
38 0.025780
39 0.035826
40 0.040409
41 0.041996
42 0.041996
43 0.041291
44 0.040057
45 0.038999
46 0.037413
47 0.036003
48 0.034769
49 0.033535
50 0.032478
51 0.031596
52 0.030891
53 0.030010
54 0.029481
55 0.028952
56 0.028600
57 0.028776
58 0.028952
59 0.029305
60 0.030362
61 0.031420
62 0.033535
63 0.036355
64 0.039881
65 0.043758
66 4.999018
67 5.005892
68 5.011885
69 5.007302
70 5.005539
71 5.008183
72 5.007478
73 5.005892
74 5.007831
75 5.007831
76 5.006597
77 5.007654
78 5.007302
79 5.008007
80 5.006949
81 5.005716
82 5.006244
83 5.007478
84 5.008359
85 5.007654
86 5.007654
87 5.008359
88 5.008183
89 5.007126
90 5.006244
91 5.007478
92 5.006773
93 5.006773
94 5.006597
95 0.025603
96 0.035650
97 0.040057
98 0.041643
99 0.041467
100 0.040938
101 0.039881
102 0.038470
103 0.037237
104 0.035826
105 0.034593
106 0.033359
107 0.032301
108 0.031420
109 0.030539
110 0.030186
111 0.029481
112 0.028952
113 0.028776
114 0.028776
115 0.028952
116 0.029481
117 0.030362
118 0.031772
119 0.033888
120 0.036884
121 0.040762
122 0.044287
123 5.016115
124 5.014000
125 5.003953
126 5.002014
127 5.009064
128 5.011180
129 5.007126
130 5.005892
131 5.006597
132 5.008888
133 5.005892
134 5.008536
135 5.008536
136 5.008712
137 5.008007
138 5.009241
139 5.008712
140 5.006244
141 5.005892
142 5.009593
143 5.008888
144 5.006421
145 5.006421
146 5.006244
147 5.006068
148 5.008536
149 5.008712
150 5.008183
151 0.021726
152 0.030715
153 0.037942
154 0.041291
155 0.042172
156 0.041996
157 0.040938
158 0.039528
159 0.038118
160 0.036884
161 0.035650
162 0.034416
163 0.033359
164 0.032125
165 0.031244
166 0.030539
167 0.029834
168 0.029305
169 0.028952
170 0.028776
171 0.028776
172 0.028952
173 0.029481
174 0.030715
175 0.032125
176 0.034593
177 0.037765
178 0.041291
179 0.045168
180 4.995316
181 5.009593
182 5.012590
183 5.005716
184 5.006421
185 5.008712
186 5.006068
187 5.008007
188 5.008359
189 5.006773
190 5.008359
191 5.007126
192 5.008888
193 5.008183
194 5.007302
195 5.008536
196 5.007831
197 5.006597
198 5.008536
199 5.007654
200 5.007126
201 5.006597
202 5.007302
203 5.006597
204 5.006949
205 5.007302
206 5.008183
207 5.006949
208 0.021549
209 0.030539
210 0.037765
211 0.041114
212 0.041819
213 0.041643
214 0.040762
215 0.039352
216 0.037942
217 0.036708
218 0.035298
219 0.033888
220 0.033006
221 0.031949
222 0.031244
223 0.030186
224 0.029657
225 0.029305
226 0.028952
227 0.028600
228 0.028776
229 0.028952
230 0.029834
231 0.030715
232 0.032654
233 0.035121
234 0.038294
235 0.042172
236 0.045697
237 5.004129
238 5.015939
239 5.010122
240 5.004305
241 5.006949
242 5.009593
243 5.008359
244 5.007478
245 5.005892
246 5.008183
247 5.007654
248 5.007831
249 5.009946
250 5.006421
251 5.006068
252 5.007478
253 5.006949
254 5.007302
255 5.008183
256 5.005539
257 5.007126
258 5.008536
259 5.007126
260 5.007478
261 5.006597
262 5.006421
263 5.009064
264 5.007654
265 0.022431
266 0.034416
267 0.039528
268 0.041996
269 0.041996
270 0.041467
271 0.040586
272 0.039175
273 0.037765
274 0.036355
275 0.035121
276 0.033888
277 0.032654
278 0.031772
279 0.030715
280 0.030186
281 0.029657
282 0.028952
283 0.028952
284 0.028600
285 0.028600
286 0.029305
287 0.030010
288 0.031244
289 0.033006
290 0.035650
291 0.039175
292 0.042877
293 5.014881
294 5.003424
295 5.000251
296 5.009417
297 5.009064
298 5.006068
299 5.005187
300 5.006773
301 5.008183
302 5.006244
303 5.005892
304 5.008359
305 5.008183
306 5.007302
307 5.007831
308 5.008183
309 5.006597
310 5.007654
311 5.007302
312 5.008536
313 4.647551
314 4.635565
315 5.005363
316 5.008359
317 5.008536
318 5.006773
319 5.008359
320 5.007478
321 5.006244
322 0.022607
323 0.034064
324 0.039352
325 0.041467
326 0.041819
327 0.041114
328 0.040057
329 0.038647
330 0.037413
331 0.036003
332 0.034769
333 0.033711
334 0.032301
335 0.031596
336 0.030891
337 0.030010
338 0.029481
339 0.028952
340 0.028776
341 0.028776
342 0.028600
343 0.029129
344 0.030186
345 0.031596
346 0.033359
347 0.036355
348 0.039704
349 0.043582
350 4.993906
351 5.000075
352 5.011180
353 5.011356
354 5.004129
355 5.005010
356 5.008359
357 5.008359
358 5.005539
359 4.647198
360 4.647374
361 4.634684
362 4.633273
363 4.635212
364 4.635565
365 4.635212
366 4.634507
367 4.635389
368 4.635389
369 4.635741
370 4.635741
371 4.633626
372 4.645788
373 5.007831
374 5.008007
375 5.008183
376 5.005892
377 5.008007
378 0.028247
379 0.028423
380 0.036884
381 0.040938
382 0.042172
383 0.041996
384 0.041114
385 0.040057
386 0.038470
387 0.037237
388 0.036003
389 0.034593
390 0.033359
391 0.032301
392 0.031244
393 0.030715
394 0.030010
395 0.029481
396 0.029129
397 0.028600
398 0.028600
399 0.028776
400 0.029305
401 0.030362
402 0.031596
403 0.034064
404 0.037060
405 0.040586
406 0.044287
407 5.005187
408 5.008007
409 5.008007
410 5.005539
411 5.005010
412 5.009064
413 5.007654
414 5.007478
415 5.007831
416 5.008007
417 5.007478
418 5.008359
419 5.007126
420 5.007654
421 5.007302
422 5.009417
423 5.007478
424 5.007478
425 5.007126
426 5.008183
427 5.008007
428 5.007126
429 5.008888
430 5.006773
431 5.006244
432 5.007478
433 5.006421
434 5.007126
435 0.025427
436 0.028247
437 0.036884
438 0.040586
439 0.041819
440 0.041643
441 0.040586
442 0.039704
443 0.038294
444 0.037060
445 0.035650
446 0.034416
447 0.033359
448 0.032125
449 0.031244
450 0.030539
451 0.030010
452 0.029305
453 0.028952
454 0.028776
455 0.028600
456 0.028952
457 0.029481
458 0.030539
459 0.032125
460 0.034593
461 0.037589
462 0.041291
463 0.044992
464 4.997960
465 5.005892
466 5.009417
467 5.005539
468 5.007478
469 5.007126
470 5.007126
471 5.006068
472 5.006773
473 5.008183
474 5.008183
475 5.008536
476 5.006773
477 5.006421
478 5.008183
479 5.008536
480 5.007126
481 5.007831
482 5.006068
483 5.007126
484 5.009593
485 5.008712
486 5.007302
487 5.005892
488 5.006949
489 5.007302
490 5.008359
491 5.007478
492 0.021549
493 0.032478
494 0.038999
495 0.041643
496 0.042348
497 0.041643
498 0.040762
499 0.039352
500 0.038118
501 0.036532
502 0.035298
503 0.034064
504 0.033006
505 0.031949
506 0.031067
507 0.030362
508 0.029657
509 0.029305
510 0.028776
511 0.028600
512 0.028776
513 0.028952
514 0.029657
515 0.030891
516 0.032654
517 0.035121
518 0.038294
519 0.041996
520 4.156484
521 5.005010
522 5.009770
523 5.007654
524 5.005892
525 5.008007
526 5.007831
527 5.008183
528 5.008359
529 5.007302
530 5.006421
531 5.007831
532 5.008183
533 5.006421
534 5.006949
535 5.008183
536 5.007478
537 5.008183
538 5.006068
539 5.006597
540 5.008536
541 5.007831
542 5.004305
543 5.007478
544 5.007302
545 5.005363
546 5.008712
547 5.007654
548 5.006949
549 0.021549
550 0.032301
551 0.038647
552 0.041114
553 0.041996
554 0.041291
555 0.040233
556 0.038999
557 0.037765
558 0.036355
559 0.034945
560 0.033888
561 0.032654
562 0.031772
563 0.030891
564 0.030186
565 0.029657
566 0.029129
567 0.028776
568 0.028600
569 0.028776
570 0.028952
571 0.029657
572 0.031244
573 0.032830
574 0.035650
575 0.038823
576 0.042701
577 5.002543
578 5.002719
579 5.003072
580 5.009770
581 5.007126
582 5.007654
583 5.007126
584 5.006421
585 5.007831
586 5.006949
587 5.006949
588 5.008359
589 5.007478
590 5.007126
591 5.007478
592 5.007654
593 5.007126
594 5.007654
595 5.006597
596 5.006949
597 5.008359
598 5.005892
599 5.005010
600 5.008359
601 5.008712
602 5.009064
603 5.006421
604 5.007126
605 5.007478
606 0.025251
607 0.035650
608 0.040409
609 0.041996
610 0.042172
611 0.041291
612 0.040233
613 0.038823
614 0.037413
615 0.036003
616 0.034945
617 0.033535
618 0.032654
619 0.031596
620 0.030539
621 0.030010
622 0.029481
623 0.028952
624 0.028776
625 0.028776
626 0.028776
627 0.029305
628 0.030010
629 0.031596
630 0.033359
631 0.036179
632 0.039528
633 0.043406
634 4.987561
635 5.007831
636 5.013471
637 5.007302
638 5.004834
639 5.007478
640 5.009593
641 5.009064
642 5.005539
643 5.006949
644 5.009417
645 5.007478
646 5.007302
647 5.007831
648 5.008007
649 5.006597
650 5.009417
651 5.005539
652 5.006773
653 5.009064
654 5.009064
655 5.005539
656 5.006773
657 5.007831
658 5.006949
659 5.005892
660 5.008007
661 5.009417
662 5.006421
663 0.025251
664 0.035298
665 0.039881
666 0.041819
667 0.041819
668 0.041114
669 0.039704
670 0.038470
671 0.037060
672 0.035826
673 0.034769
674 0.033359
675 0.032478
676 0.031420
677 0.030539
678 0.030186
679 0.029481
680 0.028952
681 0.029129
682 0.028776
683 0.028952
684 0.029305
685 0.030362
686 0.031772
687 0.033888
688 0.036884
689 0.040586
690 0.044111
691 5.014881
692 5.016115
693 5.006421
694 5.004305
695 5.007654
696 5.008888
697 5.007302
698 5.005716
699 5.006773
700 5.009064
701 5.009241
702 5.006068
703 5.007654
704 5.008888
705 5.006244
706 5.006773
707 5.009417
708 5.008183
709 5.006597
710 5.008007
711 5.006421
712 5.007654
713 5.007478
714 5.006949
715 5.008536
716 5.008536
717 5.007831
718 5.008007
719 0.021726
720 0.030362
721 0.038118
722 0.041291
723 0.041996
724 0.041819
725 0.040938
726 0.039704
727 0.038294
728 0.037060
729 0.035650
730 0.034416
731 0.033006
732 0.032125
733 0.031244
734 0.030539
735 0.029834
736 0.029481
737 0.028952
738 0.028600
739 0.028600
740 0.028952
741 0.029481
742 0.030539
743 0.032125
744 0.034593
745 0.037589
746 0.041467
747 0.045168
748 5.007654
749 5.006068
750 5.008183
751 5.006949
752 5.006421
753 5.007126
754 5.008888
755 5.006068
756 5.008183
757 5.007126
758 5.006068
759 5.008183
760 5.008888
761 5.008007
762 5.006244
763 5.008183
764 5.007478
765 5.005716
766 5.008183
767 5.008183
768 5.005363
769 5.005892
770 5.009946
771 5.006597
772 5.006597
773 5.008888
774 5.007831
775 5.005892
776 0.021726
777 0.030186
778 0.037765
779 0.040938
780 0.041819
781 0.041467
782 0.040409
783 0.039175
784 0.038118
785 0.036708
786 0.035474
787 0.034240
788 0.033006
789 0.031949
790 0.031067
791 0.030362
792 0.029657
793 0.029305
794 0.028952
795 0.028776
796 0.028600
797 0.028952
798 0.029481
799 0.030891
800 0.032654
801 0.034945
802 0.038118
803 0.041819
804 0.045697
805 5.008359
806 5.013295
807 5.005010
808 5.002719
809 5.008888
810 5.009064
811 5.004834
812 5.006773
813 5.011708
814 5.008712
815 5.004834
816 5.007126
817 5.008183
818 5.009241
819 5.007302
820 5.006597
821 5.005892
822 5.007478
823 5.007831
824 5.008183
825 5.006949
826 5.005716
827 5.009064
828 5.008536
829 5.005539
830 5.007126
831 5.009770
832 5.006949
833 0.021726
834 0.034240
835 0.039704
836 0.041996
837 0.042172
838 0.041643
839 0.040409
840 0.039175
841 0.037765
842 0.036355
843 0.035121
844 0.033888
845 0.032654
846 0.031772
847 0.030891
848 0.030362
849 0.029834
850 0.029129
851 0.028776
852 0.028600
853 0.028776
854 0.029129
855 0.029834
856 0.031067
857 0.033006
858 0.035474
859 0.038999
860 0.042701
861 5.009946
862 5.000075
863 5.000251
864 5.011356
865 5.009241
866 5.005539
867 5.007126
868 5.007654
869 5.007302
870 5.006597
871 5.006597
872 5.006949
873 5.007478
874 5.009417
875 5.008359
876 5.007126
877 5.005892
878 5.007478
879 5.010298
880 5.008359
881 5.007126
882 5.007831
883 5.006773
884 5.005363
885 5.006597
886 5.008183
887 5.008888
888 5.006773
889 5.006773
890 0.021726
891 0.033711
892 0.039352
893 0.041467
894 0.041819
895 0.041114
896 0.040057
897 0.038823
898 0.037413
899 0.036179
900 0.034769
901 0.033711
902 0.032654
903 0.031596
904 0.030891
905 0.030362
906 0.029481
907 0.029129
908 0.028776
909 0.028776
910 0.028776
911 0.029481
912 0.030186
913 0.031244
914 0.033359
915 0.036179
916 0.039528
917 0.043582
918 5.001309
919 5.006068
920 5.008007
921 5.008712
922 5.007654
923 5.008183
924 5.006773
925 5.008712
926 5.008183
927 5.006949
928 5.005363
929 5.007302
930 5.008712
931 5.006421
932 5.005539
933 5.008007
934 5.006773
935 5.008888
936 5.007126
937 5.007831
938 5.006949
939 5.006421
940 5.007302
941 5.007654
942 5.005539
943 5.007302
944 5.006773
945 5.005892
946 0.055744
947 0.027895
948 0.036884
949 0.040762
950 0.042348
951 0.041996
952 0.041291
953 0.039881
954 0.038647
955 0.037237
956 0.035826
957 0.034593
958 0.033535
959 0.032301
960 0.031420
961 0.030715
962 0.030010
963 0.029481
964 0.029129
965 0.028600
966 0.028423
967 0.028776
968 0.029305
969 0.030362
970 0.031596
971 0.033888
972 0.036884
973 0.040586
974 0.044287
975 5.004834
976 5.008359
977 5.007831
978 5.006949
979 5.005892
980 5.007831
981 5.006421
982 5.007302
983 5.007302
984 5.007126
985 5.007654
986 5.006597
987 5.007831
988 5.007478
989 5.007654
990 5.007126
991 5.007831
992 5.007302
993 5.007126
994 5.007831
995 5.008888
996 5.008888
997 5.007126
998 5.008183
999 5.008536
1000 5.007126
1001 5.005363
1002 5.008888
1003 0.032301
1004 0.027895
1005 0.036532
1006 0.040409
1007 0.041643
1008 0.041643
1009 0.040938
1010 0.039528
1011 0.038294
1012 0.036884
1013 0.035650
1014 0.034416
1015 0.033359
1016 0.032301
1017 0.031244
1018 0.030539
1019 0.030010
1020 0.029305
1021 0.028952
1022 0.028600
1023 0.028600
1024 0.028952
1025 0.029481
1026 0.030539
1027 0.032125
1028 0.034416
1029 0.037413
1030 0.041114
1031 0.044992
1032 5.009946
1033 5.005716
1034 5.006949
1035 5.007302
1036 5.006068
1037 5.006421
1038 5.007831
1039 5.008712
1040 5.006421
1041 5.005187
1042 5.007831
1043 5.009241
1044 5.005010
1045 5.004658
1046 5.008359
1047 5.008007
1048 5.006773
1049 5.007302
1050 5.007831
1051 5.008712
1052 5.006949
1053 5.005892
1054 5.008007
1055 5.007302
1056 5.008359
1057 5.008888
1058 5.007478
1059 5.008007
1060 0.021549
1061 0.032301
1062 0.038999
1063 0.041643
1064 0.042348
1065 0.041643
1066 0.040762
1067 0.039352
1068 0.037942
1069 0.036532
1070 0.035474
1071 0.034064
1072 0.033183
1073 0.031949
1074 0.031244
1075 0.030362
1076 0.029834
1077 0.029129
1078 0.028776
1079 0.028600
1080 0.028600
1081 0.028952
1082 0.029657
1083 0.030715
1084 0.032478
1085 0.035121
1086 0.038470
1087 0.041996
1088 2.336048
1089 5.005187
1090 5.007302
1091 5.009064
1092 5.005716
1093 5.006244
1094 5.006244
1095 5.007654
1096 5.009064
1097 5.007126
1098 5.008536
1099 5.007478
1100 5.005892
1101 5.005187
1102 5.008536
1103 5.008888
1104 5.004658
1105 5.006068
1106 5.009946
1107 5.006597
1108 5.007478
1109 5.007654
1110 5.007478
1111 5.006949
1112 5.007478
1113 5.007478
1114 5.007478
1115 5.005187
1116 5.007831
1117 0.021549
1118 0.032301
1119 0.038470
1120 0.041291
1121 0.041819
1122 0.041291
1123 0.040233
1124 0.038999
1125 0.037765
1126 0.036355
1127 0.035121
1128 0.034064
1129 0.032654
1130 0.031772
1131 0.031067
1132 0.030362
1133 0.029657
1134 0.029129
1135 0.028952
1136 0.028600
1137 0.028600
1138 0.029129
1139 0.029834
1140 0.031067
1141 0.032830
1142 0.035650
1143 0.038999
1144 0.042701
1145 4.994435
1146 5.003600
1147 5.006597
1148 5.008007
1149 5.006244
1150 5.009417
1151 5.007126
1152 5.006773
1153 5.009770
1154 5.005363
1155 5.004305
1156 5.008536
1157 5.007126
1158 5.006244
1159 5.008183
1160 5.009593
1161 5.006949
1162 5.008536
1163 5.007478
1164 5.007654
1165 5.005892
1166 5.008536
1167 5.006773
1168 5.004658
1169 5.008007
1170 5.008359
1171 5.006421
1172 5.007478
1173 5.008183
1174 0.025251
1175 0.035650
1176 0.040409
1177 0.041996
1178 0.042172
1179 0.041467
1180 0.040233
1181 0.038823
1182 0.037413
1183 0.036179
1184 0.034769
1185 0.033711
1186 0.032654
1187 0.031420
1188 0.030715
1189 0.030010
1190 0.029657
1191 0.028952
1192 0.028776
1193 0.028423
1194 0.028600
1195 0.029129
1196 0.030010
1197 0.031420
1198 0.033535
1199 0.036355
1200 0.039881
1201 0.043582
1202 5.003953
1203 5.004834
1204 5.007478
1205 5.006949
1206 5.004834
1207 5.008359
1208 5.009946
1209 5.005716
1210 5.006244
1211 5.008007
1212 5.009417
1213 5.006068
1214 5.006949
1215 5.005187
1216 5.009241
1217 5.011180
1218 5.006421
1219 5.006597
1220 5.008359
1221 5.010122
1222 5.007654
1223 5.004305
1224 5.007654
1225 5.008712
1226 5.006949
1227 5.007302
1228 5.008183
1229 5.006244
1230 5.009241
1231 0.025251
1232 0.035474
1233 0.039881
1234 0.041467
1235 0.041819
1236 0.040938
1237 0.039704
1238 0.038647
1239 0.037060
1240 0.035650
1241 0.034769
1242 0.033535
1243 0.032301
1244 0.031420
1245 0.030539
1246 0.030010
1247 0.029481
1248 0.028952
1249 0.028952
1250 0.028600
1251 0.028776
1252 0.029305
1253 0.030362
1254 0.031949
1255 0.033888
1256 0.036884
1257 0.040586
1258 0.044287
1259 5.002895
1260 5.016996
1261 5.011708
1262 5.002014
1263 5.005892
1264 5.010298
1265 5.007831
1266 5.005716
1267 5.007654
1268 5.007126
1269 5.008007
1270 5.007654
1271 5.007302
1272 5.006421
1273 5.008007
1274 5.007831
1275 5.007126
1276 5.005539
1277 5.008888
1278 5.006421
1279 5.005539
1280 5.009064
1281 5.008007
1282 5.006068
1283 5.007654
1284 5.008712
1285 5.007654
1286 5.009064
1287 0.021549
1288 0.030362
1289 0.038118
1290 0.041467
1291 0.042172
1292 0.041996
1293 0.041114
1294 0.039704
1295 0.038470
1296 0.036884
1297 0.035474
1298 0.034416
1299 0.033359
1300 0.032125
1301 0.031420
1302 0.030539
1303 0.029834
1304 0.029481
1305 0.028776
1306 0.028600
1307 0.028600
1308 0.028952
1309 0.029481
1310 0.030539
1311 0.032301
1312 0.034593
1313 0.037589
1314 0.041467
1315 0.044992
1316 5.001309
1317 5.013471
1318 5.008712
1319 5.003248
1320 5.006773
1321 5.008536
1322 5.007126
1323 5.007654
1324 5.007478
1325 5.008536
1326 5.007478
1327 5.007302
1328 5.007654
1329 5.008183
1330 5.007126
1331 5.007302
1332 5.007831
1333 5.008712
1334 5.006244
1335 5.006068
1336 5.009946
1337 5.007478
1338 5.006244
1339 5.007478
1340 5.006949
1341 5.007654
1342 5.008888
1343 5.008007
1344 0.021726
1345 0.030362
1346 0.037765
1347 0.040938
1348 0.041819
1349 0.041467
1350 0.040586
1351 0.039175
1352 0.038118
1353 0.036532
1354 0.035298
1355 0.034240
1356 0.033006
1357 0.031949
1358 0.031067
1359 0.030186
1360 0.029834
1361 0.029305
1362 0.028952
1363 0.028600
1364 0.028776
1365 0.028952
1366 0.029657
1367 0.030715
1368 0.032478
1369 0.034945
1370 0.038470
1371 0.041996
1372 0.045697
1373 4.991262
1374 5.009593
1375 5.014176
1376 5.007126
1377 5.002190
1378 5.007478
1379 5.009946
1380 5.006421
1381 5.007478
1382 5.009946
1383 5.007831
1384 5.006597
1385 5.006421
1386 5.005539
1387 5.009064
1388 5.009064
1389 5.006773
1390 5.005716
1391 5.010298
1392 5.007831
1393 5.005716
1394 5.007478
1395 5.008712
1396 5.007478
1397 5.007831
1398 5.007654
1399 5.006773
1400 5.007478
1401 0.022254
1402 0.034240
1403 0.039704
1404 0.041996
1405 0.042172
1406 0.041643
1407 0.040586
1408 0.039175
1409 0.037765
1410 0.036355
1411 0.035121
1412 0.033888
1413 0.032830
1414 0.031772
1415 0.030891
1416 0.030362
1417 0.029657
1418 0.029129
1419 0.028776
1420 0.028600
1421 0.028600
1422 0.029129
1423 0.029834
1424 0.031067
1425 0.033006
1426 0.035650
1427 0.038999
1428 0.042877
1429 5.003953
1430 4.996726
1431 5.001838
1432 5.011885
1433 5.009946
1434 5.004658
1435 5.006244
1436 5.009417
1437 5.008183
1438 5.006068
1439 5.009770
1440 5.008007
1441 5.004482
1442 5.005892
1443 5.007654
1444 5.008007
1445 5.008007
1446 5.006597
1447 5.006244
1448 5.007302
1449 5.006949
1450 5.008007
1451 5.005187
1452 5.007654
1453 5.007478
1454 5.005892
1455 5.009241
1456 5.009241
1457 5.006597
1458 0.022607
1459 0.034064
1460 0.039352
1461 0.041643
1462 0.041819
1463 0.041114
1464 0.039881
1465 0.038823
1466 0.037413
1467 0.036179
1468 0.034945
1469 0.033711
1470 0.032654
1471 0.031596
1472 0.030891
1473 0.030186
1474 0.029481
1475 0.028952
1476 0.028776
1477 0.028776
1478 0.028776
1479 0.029129
1480 0.030186
1481 0.031244
1482 0.033535
1483 0.036355
1484 0.039881
1485 0.043758
1486 4.998489
1487 5.011356
1488 5.010298
1489 5.003953
1490 5.005363
1491 5.010651
1492 5.008183
1493 5.005539
1494 5.008007
1495 5.009241
1496 5.004658
1497 5.006421
1498 5.007831
1499 5.007831
1500 5.005716
1501 5.008712
1502 5.008536
1503 5.006949
1504 5.006244
1505 5.008536
1506 5.009946
1507 5.006068
1508 5.005716
1509 5.007478
1510 5.006421
1511 5.007478
1512 5.006597
1513 5.007654
1514 0.025427
1515 0.028600
1516 0.037237
1517 0.040938
1518 0.041996
1519 0.041996
1520 0.040938
1521 0.040057
1522 0.038470
1523 0.037237
1524 0.035826
1525 0.034593
1526 0.033359
1527 0.032301
1528 0.031420
1529 0.030715
1530 0.030010
1531 0.029305
1532 0.029129
1533 0.028776
1534 0.028600
1535 0.028776
1536 0.029305
1537 0.030362
1538 0.031772
1539 0.033888
1540 0.037060
1541 0.040762
1542 0.044287
1543 5.006949
1544 5.009241
1545 5.005363
1546 5.005716
1547 5.007478
1548 5.007126
1549 5.005716
1550 5.008007
1551 5.009593
1552 5.006244
1553 5.006773
1554 5.009064
1555 5.008536
1556 5.006597
1557 5.005010
1558 5.008888
1559 5.007302
1560 5.007654
1561 5.008007
1562 5.007126
1563 5.006597
1564 5.008888
1565 5.007478
1566 5.006421
1567 5.006421
1568 5.008712
1569 5.009241
1570 5.006597
1571 0.023664
1572 0.028600
1573 0.036884
1574 0.040586
1575 0.041819
1576 0.041643
1577 0.040762
1578 0.039528
1579 0.038118
1580 0.036884
1581 0.035650
1582 0.034240
1583 0.033183
1584 0.032125
1585 0.031244
1586 0.030539
1587 0.029834
1588 0.029305
1589 0.028952
1590 0.028776
1591 0.028776
1592 0.028776
1593 0.029481
1594 0.030539
1595 0.032301
1596 0.034593
1597 0.037765
1598 0.041291
1599 0.045168
1600 5.009946
1601 4.998489
1602 5.002719
1603 5.012061
1604 5.008359
1605 5.004658
1606 5.007126
1607 5.008712
1608 5.005716
1609 5.008359
1610 5.008712
1611 5.005892
1612 5.008359
1613 5.008536
1614 5.008536
1615 5.006773
1616 5.005716
1617 5.008359
1618 5.007831
1619 5.006421
1620 5.007654
1621 5.009593
1622 5.008007
1623 5.006421
1624 5.005010
1625 5.007478
1626 5.009417
1627 5.007478
1628 0.021549
1629 0.032654
1630 0.039175
1631 0.041643
1632 0.042172
1633 0.041819
1634 0.040762
1635 0.039352
1636 0.038118
1637 0.036708
1638 0.035298
1639 0.034064
1640 0.033006
1641 0.031949
1642 0.030891
1643 0.030362
1644 0.029834
1645 0.029129
1646 0.028952
1647 0.028600
1648 0.028600
1649 0.028776
1650 0.029834
1651 0.030891
1652 0.032654
1653 0.035298
1654 0.038470
1655 0.042172
1656 4.957772
1657 5.014529
1658 5.003600
1659 5.003953
1660 5.009417
1661 5.006773
1662 5.005187
1663 5.007126
1664 5.006421
1665 5.008359
1666 5.005539
1667 5.007478
1668 5.008359
1669 5.005363
1670 5.008183
1671 5.007831
1672 5.007126
1673 5.007478
1674 5.006421
1675 5.008007
1676 5.010122
1677 5.007654
1678 5.005539
1679 5.006597
1680 5.008888
1681 5.006949
1682 5.005716
1683 5.009770
1684 5.009593
1685 0.021726
1686 0.032654
1687 0.038823
1688 0.041291
1689 0.041819
1690 0.041291
1691 0.040233
1692 0.038999
1693 0.037589
1694 0.036179
1695 0.035121
1696 0.034064
1697 0.032830
1698 0.031772
1699 0.030715
1700 0.030186
1701 0.029834
1702 0.029129
1703 0.028776
1704 0.028600
1705 0.028776
1706 0.029305
1707 0.029657
1708 0.031244
1709 0.033183
1710 0.035826
1711 0.039175
1712 0.043053
1713 5.006949
1714 5.002014
1715 5.006949
1716 5.008888
1717 5.008359
1718 5.005010
1719 5.005716
1720 5.008007
1721 5.008007
1722 5.006421
1723 5.007478
1724 5.008007
1725 5.006068
1726 5.005716
1727 5.007478
1728 5.006773
1729 5.007831
1730 5.007302
1731 5.006244
1732 5.009064
1733 5.008359
1734 5.005716
1735 5.005892
1736 5.009241
1737 5.008888
1738 5.006597
1739 5.006421
1740 5.006773
1741 5.008359
1742 0.026132
1743 0.036179
1744 0.040586
1745 0.041996
1746 0.042172
1747 0.041114
1748 0.040057
1749 0.038647
1750 0.037413
1751 0.036003
1752 0.034769
1753 0.033711
1754 0.032654
1755 0.031596
1756 0.030715
1757 0.030010
1758 0.029481
1759 0.028952
1760 0.028776
1761 0.028600
1762 0.028600
1763 0.029305
1764 0.030186
1765 0.031596
1766 0.033535
1767 0.036179
1768 0.039881
1769 0.043758
1770 4.996374
1771 5.006949
1772 5.012766
1773 5.008536
1774 5.003777
1775 5.005010
1776 5.009241
1777 5.007831
1778 5.005010
1779 5.006949
1780 5.008007
1781 5.006949
1782 5.007831
1783 5.006949
1784 5.007302
1785 5.008359
1786 5.005892
1787 5.006421
1788 5.009064
1789 5.007831
1790 5.005716
1791 5.006421
1792 5.006949
1793 5.008183
1794 5.006244
1795 5.007478
1796 5.009417
1797 5.004834
1798 5.004658
1799 0.026132
1800 0.035826
1801 0.040057
1802 0.041643
1803 0.041643
1804 0.040938
1805 0.039704
1806 0.038470
1807 0.037237
1808 0.035826
1809 0.034593
1810 0.033359
1811 0.032301
1812 0.031420
1813 0.030539
1814 0.029834
1815 0.029305
1816 0.028952
1817 0.028600
1818 0.028600
1819 0.028776
1820 0.029481
1821 0.030362
1822 0.031949
1823 0.034064
1824 0.037060
1825 0.040762
1826 0.044640
1827 5.005892
1828 5.005010
1829 5.009946
1830 5.009946
1831 5.006068
1832 5.004482
1833 5.007302
1834 5.008183
1835 5.007831
1836 5.007478
1837 5.007126
1838 5.007654
1839 5.006949
1840 5.008536
1841 5.009064
1842 5.008007
1843 5.006068
1844 5.007831
1845 5.007654
1846 5.007126
1847 5.006949
1848 5.007654
1849 5.007831
1850 5.007478
1851 5.006597
1852 5.005539
1853 5.007831
1854 5.007478
1855 0.021549
1856 0.031067
1857 0.038470
1858 0.041467
1859 0.042348
1860 0.041819
1861 0.040938
1862 0.039528
1863 0.038294
1864 0.036884
1865 0.035650
1866 0.034240
1867 0.033183
1868 0.031949
1869 0.031067
1870 0.030539
1871 0.029834
1872 0.029481
1873 0.028952
1874 0.028776
1875 0.028600
1876 0.028952
1877 0.029657
1878 0.030715
1879 0.032301
1880 0.034769
1881 0.037942
1882 0.041467
1883 0.045521
1884 5.000956
1885 5.007302
1886 5.010122
1887 5.007302
1888 5.005010
1889 5.006597
1890 5.008183
1891 5.006773
1892 5.006068
1893 5.006773
1894 5.007654
1895 5.008183
1896 5.007126
1897 5.007654
1898 5.007478
1899 5.008712
1900 5.007831
1901 5.006068
1902 5.005539
1903 5.008888
1904 5.008359
1905 5.005716
1906 5.009064
1907 5.009946
1908 5.005892
1909 5.007126
1910 5.008007
1911 5.007126
1912 0.021726
1913 0.031244
1914 0.038118
1915 0.041114
1916 0.041819
1917 0.041291
1918 0.040586
1919 0.039175
1920 0.037942
1921 0.036532
1922 0.035298
1923 0.033888
1924 0.032830
1925 0.032125
1926 0.031067
1927 0.030186
1928 0.029834
1929 0.028952
1930 0.028776
1931 0.028776
1932 0.028776
1933 0.029129
1934 0.029834
1935 0.030891
1936 0.032830
1937 0.035121
1938 0.038647
1939 0.042348
1940 0.046050
1941 5.015939
1942 5.007126
1943 5.004305
1944 5.008712
1945 5.008536
1946 5.006068
1947 5.007126
1948 5.009241
1949 5.008359
1950 5.007302
1951 5.005187
1952 5.007654
1953 5.006949
1954 5.006421
1955 5.007654
1956 5.005010
1957 5.008007
1958 5.008359
1959 5.008712
1960 5.008359
1961 5.005539
1962 5.008536
1963 5.008536
1964 5.006421
1965 5.006597
1966 5.006949
1967 5.008007
1968 5.008007
1969 0.023488
1970 0.034593
1971 0.040057
1972 0.041819
1973 0.042172
1974 0.041467
1975 0.040409
1976 0.038999
1977 0.037589
1978 0.036355
1979 0.035121
1980 0.033888
1981 0.032830
1982 0.031772
1983 0.030891
1984 0.030186
1985 0.029657
1986 0.029129
1987 0.028776
1988 0.028600
1989 0.028600
1990 0.029129
1991 0.030010
1992 0.031244
1993 0.033183
1994 0.036003
1995 0.039352
1996 0.043229
1997 5.002719
1998 5.011532
1999 5.007126
2000 5.005892
2001 5.008183
2002 5.007302
2003 5.005187
2004 5.009064
2005 5.007831
2006 5.006244
2007 5.005892
2008 5.006773
2009 5.008183
2010 5.009241
2011 5.009241
2012 5.005539
2013 5.006773
2014 5.008536
2015 5.008359
2016 5.007831
2017 5.006773
2018 5.007126
2019 5.007478
2020 5.007831
2021 5.006068
2022 5.007831
2023 5.005892
2024 5.007654
2025 5.008359
2026 0.023488
2027 0.034769
2028 0.039704
2029 0.041467
2030 0.041643
2031 0.040938
2032 0.039881
2033 0.038647
2034 0.037237
2035 0.036003
2036 0.034945
2037 0.033535
2038 0.032478
2039 0.031596
2040 0.030539
2041 0.030010
2042 0.029657
2043 0.028952
2044 0.028776
2045 0.028776
2046 0.028600
2047 0.029305
2048 0.030010
2049 0.031596
2050 0.033711
2051 0.036532
2052 0.040057
2053 0.044111
2054 4.988089
2055 4.998489
2056 5.012413
2057 5.012413
2058 5.004305
2059 5.002543
2060 5.009241
2061 5.008536
2062 5.005187
2063 5.007126
2064 5.006773
2065 5.008712
2066 5.007478
2067 5.005892
2068 5.005892
2069 5.007831
2070 5.008712
2071 5.006597
2072 5.006421
2073 5.006597
2074 5.007126
2075 5.008183
2076 5.007302
2077 5.007302
2078 5.007302
2079 5.006597
2080 5.006068
2081 5.008183
2082 0.022607
2083 0.029305
2084 0.037589
2085 0.041291
2086 0.042172
2087 0.041996
2088 0.041114
2089 0.039704
2090 0.038470
2091 0.037060
2092 0.035826
2093 0.034593
2094 0.033183
2095 0.032301
2096 0.031244
2097 0.030539
2098 0.030010
2099 0.029481
2100 0.028952
2101 0.028776
2102 0.028600
2103 0.028952
2104 0.029481
2105 0.030539
2106 0.032125
2107 0.034064
2108 0.037237
2109 0.041114
2110 0.044816
2111 5.005010
2112 5.008712
2113 5.007478
2114 5.006597
2115 5.005716
2116 5.008183
2117 5.007831
2118 5.004305
2119 5.006949
2120 5.009241
2121 5.006949
2122 5.006068
2123 5.006949
2124 5.009064
2125 5.006068
2126 5.007478
2127 5.007302
2128 5.007478
2129 5.007478
2130 5.008888
2131 5.008183
2132 5.006421
2133 5.006949
2134 5.006421
2135 5.008536
2136 5.009064
2137 5.007126
2138 5.007831
2139 0.022078
2140 0.029129
2141 0.037413
2142 0.040762
2143 0.041643
2144 0.041467
2145 0.040586
2146 0.039528
2147 0.038118
2148 0.036884
2149 0.035474
2150 0.034240
2151 0.033006
2152 0.032125
2153 0.031067
2154 0.030362
2155 0.029834
2156 0.029305
2157 0.028952
2158 0.028776
2159 0.028600
2160 0.028952
2161 0.029481
2162 0.030715
2163 0.032478
2164 0.034769
2165 0.037942
2166 0.041643
2167 0.045345
2168 4.996726
2169 4.999370
2170 5.011180
2171 5.009241
2172 5.001838
2173 5.008359
2174 5.011180
2175 5.006949
2176 5.004834
2177 5.007126
2178 5.008888
2179 5.007126
2180 5.004658
2181 5.008359
2182 5.008712
2183 5.007478
2184 5.006597
2185 5.006244
2186 5.006773
2187 5.006421
2188 5.006773
2189 5.007302
2190 5.007478
2191 5.007126
2192 5.004658
2193 5.007478
2194 5.010122
2195 5.008536
2196 0.021549
2197 0.033535
2198 0.039528
2199 0.041819
2200 0.042172
2201 0.041643
2202 0.040586
2203 0.039352
2204 0.037942
2205 0.036532
2206 0.035298
2207 0.033888
2208 0.032654
2209 0.031772
2210 0.030891
2211 0.030186
2212 0.029657
2213 0.029305
2214 0.028776
2215 0.028600
2216 0.028776
2217 0.029129
2218 0.029657
2219 0.031067
2220 0.032830
2221 0.035121
2222 0.038647
2223 0.042348
2224 5.027396
2225 5.018759
2226 5.005892
2227 5.000604
2228 5.006421
2229 5.012237
2230 5.008359
2231 5.005187
2232 5.006949
2233 5.008536
2234 5.006244
2235 5.005892
2236 5.008183
2237 5.007302
2238 5.007302
2239 5.007302
2240 5.006421
2241 5.007831
2242 5.007654
2243 5.006597
2244 5.005363
2245 5.006421
2246 5.008536
2247 5.006597
2248 5.006949
2249 5.008888
2250 5.006949
2251 5.007831
2252 5.006773
2253 0.021902
2254 0.033183
2255 0.038999
2256 0.041291
2257 0.041819
2258 0.041291
2259 0.040233
2260 0.038823
2261 0.037765
2262 0.036179
2263 0.034945
2264 0.033711
2265 0.032654
2266 0.031772
2267 0.030891
2268 0.030186
2269 0.029481
2270 0.029129
2271 0.028776
2272 0.028600
2273 0.028600
2274 0.029129
2275 0.029834
2276 0.031244
2277 0.033183
2278 0.036003
2279 0.039352
2280 0.043229
2281 4.999018
2282 5.001309
2283 5.011708
2284 5.010122
2285 5.004482
2286 5.005187
2287 5.010298
2288 5.009064
2289 5.005539
2290 5.006773
2291 5.006949
2292 5.005363
2293 5.007302
2294 5.008359
2295 5.008888
2296 5.007302
2297 5.006949
2298 5.009241
2299 5.008183
2300 5.007478
2301 5.008712
2302 5.008183
2303 5.005716
2304 5.008536
2305 5.008007
2306 5.007654
2307 5.006949
2308 5.006597
2309 0.725893
2310 0.027190
2311 0.036532
2312 0.040586
2313 0.042172
2314 0.041996
2315 0.041291
2316 0.039881
2317 0.038647
2318 0.037413
2319 0.036003
2320 0.034769
2321 0.033535
2322 0.032478
2323 0.031420
2324 0.030715
2325 0.030010
2326 0.029657
2327 0.029129
2328 0.028776
2329 0.028600
2330 0.028776
2331 0.029305
2332 0.030186
2333 0.031772
2334 0.033888
2335 0.036708
2336 0.040409
2337 0.044111
2338 5.011708
2339 5.003600
2340 5.006068
2341 5.008888
2342 5.007654
2343 5.007654
2344 5.006773
2345 5.007478
2346 5.007478
2347 5.008359
2348 5.006949
2349 5.005363
2350 5.008007
2351 5.007831
2352 5.006949
2353 5.008359
2354 5.008712
2355 5.007478
2356 5.005187
2357 5.008183
2358 5.008712
2359 5.008712
2360 5.007126
2361 5.006773
2362 5.007126
2363 5.007478
2364 5.007478
2365 5.008007
2366 0.133652
2367 0.027366
2368 0.036355
2369 0.040233
2370 0.041819
2371 0.041467
2372 0.040586
2373 0.039528
2374 0.038118
2375 0.036884
2376 0.035650
2377 0.034416
2378 0.033183
2379 0.032125
2380 0.031244
2381 0.030539
2382 0.030010
2383 0.029305
2384 0.029129
2385 0.028600
2386 0.028776
2387 0.028776
2388 0.029305
2389 0.030539
2390 0.031949
2391 0.034416
2392 0.037237
2393 0.041114
2394 0.044816
2395 5.019816
2396 5.008712
2397 5.001133
2398 5.006421
2399 5.009770
2400 5.006421
2401 5.006949
2402 5.008007
2403 5.008888
2404 5.007126
2405 5.005539
2406 5.007126
2407 5.008536
2408 5.007478
2409 5.006421
2410 5.006068
2411 5.007302
2412 5.006597
2413 5.005892
2414 5.006773
2415 5.008536
2416 5.006949
2417 5.006421
2418 5.005539
2419 5.009064
2420 5.008183
2421 5.005187
2422 5.006421
2423 0.021373
2424 0.031949
2425 0.038647
2426 0.041643
2427 0.042172
2428 0.041819
2429 0.040762
2430 0.039352
2431 0.038118
2432 0.036708
2433 0.035298
2434 0.034240
2435 0.033183
2436 0.032125
2437 0.031067
2438 0.030362
2439 0.029834
2440 0.029305
2441 0.028952
2442 0.028600
2443 0.028600
2444 0.028776
2445 0.029481
2446 0.030891
2447 0.032301
2448 0.034945
2449 0.038118
2450 0.041819
2451 0.045697
2452 5.008888
2453 5.005716
2454 5.006597
2455 5.008359
2456 5.006244
2457 5.006421
2458 5.008536
2459 5.006949
2460 5.006244
2461 5.008183
2462 5.007654
2463 5.007831
2464 5.008007
2465 5.008007
2466 5.007654
2467 5.005010
2468 5.006244
2469 5.009417
2470 5.009064
2471 5.007302
2472 5.006068
2473 5.009946
2474 5.008712
2475 5.006068
2476 5.007302
2477 5.008712
2478 5.006597
2479 5.005892
2480 0.021549
2481 0.031949
2482 0.038647
2483 0.041114
2484 0.041996
2485 0.041291
2486 0.040409
2487 0.039175
2488 0.037765
2489 0.036355
2490 0.035298
2491 0.033711
2492 0.032830
2493 0.031596
2494 0.030891
2495 0.030186
2496 0.029657
2497 0.029305
2498 0.028776
2499 0.028600
2500 0.028600
2501 0.029129
2502 0.029834
2503 0.031067
2504 0.032830
2505 0.035474
2506 0.038999
2507 0.042524
2508 4.958301
2509 5.003072
2510 5.004658
2511 5.009417
2512 5.008536
2513 5.007302
2514 5.008183
2515 5.006773
2516 5.007831
2517 5.008183
2518 5.005187
2519 5.007478
2520 5.010651
2521 5.005010
2522 5.006244
2523 5.009417
2524 5.008183
2525 5.007302
2526 5.008183
2527 5.006949
2528 5.007302
2529 5.007478
2530 5.006949
2531 5.008712
2532 5.006773
2533 5.005892
2534 5.006597
2535 5.006421
2536 5.008007
2537 0.025074
2538 0.035474
2539 0.040409
2540 0.041996
2541 0.042172
2542 0.041467
2543 0.040233
2544 0.038999
2545 0.037413
2546 0.036179
2547 0.034945
2548 0.033711
2549 0.032654
2550 0.031596
2551 0.030715
2552 0.030186
2553 0.029481
2554 0.028952
2555 0.028776
2556 0.028776
2557 0.028776
2558 0.029129
2559 0.030010
2560 0.031420
2561 0.033359
2562 0.036179
2563 0.039881
2564 0.043582
2565 5.003953
2566 5.003424
2567 5.008888
2568 5.008536
2569 5.007302
2570 5.008712
2571 5.007478
2572 5.009064
2573 5.008888
2574 5.005716
2575 5.006773
2576 5.008359
2577 5.007302
2578 5.007126
2579 5.006949
2580 5.005716
2581 5.008183
2582 5.008359
2583 5.007831
2584 5.008359
2585 5.007831
2586 5.008888
2587 5.007126
2588 5.008359
2589 5.007478
2590 5.006773
2591 5.008359
2592 5.007654
2593 5.007654
2594 0.025251
2595 0.035474
2596 0.040057
2597 0.041643
2598 0.041819
2599 0.040938
2600 0.039704
2601 0.038470
2602 0.037237
2603 0.035826
2604 0.034769
2605 0.033535
2606 0.032301
2607 0.031420
2608 0.030539
2609 0.030010
2610 0.029481
2611 0.028952
2612 0.028600
2613 0.028776
2614 0.028776
2615 0.029481
2616 0.030362
2617 0.031772
2618 0.034064
2619 0.036884
2620 0.040586
2621 0.044287
2622 5.017173
2623 5.014881
2624 5.004658
2625 5.001661
2626 5.009770
2627 5.010298
2628 5.003777
2629 5.006421
2630 5.009770
2631 5.006421
2632 5.006597
2633 5.006068
2634 5.008888
2635 5.009417
2636 5.007654
2637 5.007831
2638 5.006244
2639 5.009241
2640 5.008183
2641 5.005892
2642 5.008712
2643 5.007478
2644 5.007831
2645 5.006949
2646 5.005892
2647 5.007831
2648 5.008536
2649 5.006421
2650 0.021726
2651 0.030539
2652 0.038118
2653 0.041114
2654 0.042348
2655 0.041996
2656 0.040938
2657 0.039704
2658 0.038294
2659 0.037060
2660 0.035474
2661 0.034416
2662 0.033006
2663 0.032125
2664 0.031420
2665 0.030362
2666 0.029834
2667 0.029481
2668 0.028776
2669 0.028776
2670 0.028600
2671 0.028776
2672 0.029481
2673 0.030539
2674 0.032125
2675 0.034593
2676 0.037589
2677 0.041291
2678 0.044992
2679 5.009593
2680 5.011180
2681 5.006068
2682 5.006068
2683 5.007302
2684 5.007302
2685 5.006597
2686 5.007831
2687 5.010122
2688 5.006949
2689 5.005716
2690 5.006421
2691 5.009241
2692 5.007302
2693 5.004482
2694 5.008888
2695 5.009770
2696 5.007478
2697 5.005892
2698 5.008183
2699 5.006597
2700 5.007302
2701 5.008888
2702 5.007302
2703 5.007478
2704 5.007126
2705 5.008712
2706 5.006597
2707 0.021549
2708 0.030539
2709 0.037942
2710 0.040762
2711 0.041819
2712 0.041291
2713 0.040586
2714 0.039175
2715 0.037942
2716 0.036708
2717 0.035298
2718 0.034240
2719 0.033006
2720 0.031949
2721 0.031067
2722 0.030362
2723 0.029834
2724 0.029305
2725 0.028776
2726 0.028600
2727 0.028600
2728 0.028952
2729 0.029657
2730 0.030891
2731 0.032654
2732 0.035121
2733 0.038294
2734 0.041996
2735 0.045873
2736 5.013295
2737 5.009417
2738 5.003248
2739 5.005892
2740 5.008359
2741 5.008183
2742 5.006421
2743 5.004305
2744 5.010122
2745 5.007831
2746 5.005010
2747 5.006068
2748 5.009064
2749 5.007654
2750 5.008007
2751 5.006244
2752 5.007654
2753 5.008183
2754 5.006421
2755 5.007831
2756 5.005716
2757 5.008536
2758 5.008359
2759 5.007478
2760 5.008536
2761 5.006773
2762 5.006773
2763 5.008007
2764 0.022607
2765 0.034416
2766 0.039881
2767 0.041996
2768 0.041996
2769 0.041467
2770 0.040409
2771 0.038999
2772 0.037765
2773 0.036355
2774 0.035121
2775 0.033888
2776 0.032654
2777 0.031596
2778 0.030891
2779 0.030186
2780 0.029657
2781 0.029129
2782 0.028776
2783 0.028423
2784 0.028776
2785 0.029129
2786 0.029834
2787 0.031244
2788 0.033183
2789 0.035826
2790 0.038999
2791 0.043053
2792 4.996902
2793 5.006068
2794 5.012061
2795 5.006949
2796 5.003248
2797 5.008183
2798 5.008536
2799 5.007302
2800 5.006949
2801 5.008007
2802 5.008183
2803 5.007302
2804 5.007478
2805 5.009770
2806 5.007302
2807 5.005187
2808 5.006421
2809 5.006421
2810 5.007831
2811 5.006421
2812 5.005187
2813 5.007302
2814 5.009417
2815 5.007478
2816 5.007478
2817 5.008888
2818 5.006773
2819 5.006421
2820 5.007831
2821 0.022783
2822 0.034416
2823 0.039528
2824 0.041467
2825 0.041819
2826 0.041114
2827 0.040057
2828 0.038647
2829 0.037413
2830 0.036179
2831 0.034769
2832 0.033535
2833 0.032478
2834 0.031596
2835 0.030891
2836 0.030010
2837 0.029481
2838 0.029129
2839 0.028776
2840 0.028776
2841 0.028776
2842 0.029305
2843 0.030186
2844 0.031420
2845 0.033535
2846 0.036355
2847 0.039881
2848 0.043758
2849 4.988442
2850 5.003248
2851 5.013295
2852 5.009064
2853 5.003424
2854 5.007478
2855 5.008536
2856 5.006949
2857 5.007831
2858 5.006244
2859 5.007126
2860 5.006068
2861 5.007654
2862 5.010651
2863 5.005539
2864 5.005010
2865 5.006949
2866 5.009241
2867 5.005892
2868 5.007654
2869 5.009064
2870 5.005187
2871 5.006597
2872 5.008007
2873 5.008359
2874 5.006949
2875 5.007478
2876 5.008359
2877 0.023841
2878 0.028776
2879 0.037237
2880 0.040938
2881 0.042172
2882 0.041996
2883 0.041114
2884 0.039881
2885 0.038470
2886 0.037237
2887 0.035826
2888 0.034593
2889 0.033359
2890 0.032301
2891 0.031420
2892 0.030539
2893 0.029834
2894 0.029481
2895 0.028952
2896 0.028776
2897 0.028776
2898 0.028776
2899 0.029305
2900 0.030362
2901 0.031949
2902 0.034240
2903 0.037060
2904 0.040762
2905 0.044640
2906 5.021932
2907 5.009593
2908 4.999723
2909 5.004658
2910 5.010651
2911 5.007831
2912 5.007654
2913 5.006949
2914 5.006421
2915 5.008183
2916 5.007654
2917 5.008007
2918 5.007302
2919 5.006244
2920 5.006068
2921 5.007831
2922 5.006949
2923 5.006068
2924 5.007654
2925 5.009770
2926 5.005363
2927 5.007126
2928 5.009064
2929 5.007654
2930 5.004129
2931 5.007654
2932 5.010651
2933 5.006773
2934 0.022783
2935 0.028952
2936 0.037237
2937 0.040586
2938 0.041819
2939 0.041643
2940 0.040586
2941 0.039352
2942 0.038118
2943 0.036884
2944 0.035474
2945 0.034240
2946 0.033183
2947 0.032125
2948 0.031067
2949 0.030539
2950 0.029834
2951 0.029481
2952 0.028776
2953 0.028776
2954 0.028600
2955 0.029129
2956 0.029657
2957 0.030539
2958 0.032301
2959 0.034593
2960 0.037765
2961 0.041467
2962 0.045345
2963 5.000956
2964 5.011708
2965 5.008359
2966 5.005187
2967 5.007654
2968 5.008183
2969 5.007478
2970 5.007302
2971 5.008359
2972 5.008359
2973 5.008183
2974 5.008359
2975 5.007654
2976 5.007478
2977 5.005363
2978 5.007302
2979 5.008183
2980 5.007654
2981 5.006421
2982 5.007831
2983 5.009946
2984 5.009064
2985 5.005539
2986 5.006068
2987 5.008536
2988 5.009593
2989 5.006597
2990 5.005892
2991 0.021549
2992 0.033359
2993 0.039352
2994 0.041643
2995 0.042172
2996 0.041643
2997 0.040586
2998 0.039175
2999 0.037765
3000 0.036532
3001 0.035298
3002 0.034064
3003 0.033006
3004 0.031949
3005 0.031067
3006 0.030186
3007 0.029657
3008 0.029129
3009 0.028952
3010 0.028600
3011 0.028776
3012 0.028952
3013 0.029834
3014 0.030891
3015 0.032830
3016 0.035298
3017 0.038647
3018 0.042524
3019 5.021932
3020 5.013824
3021 5.002190
3022 5.000956
3023 5.010651
3024 5.010475
3025 5.007478
3026 5.004834
3027 5.006421
3028 5.008359
3029 5.008183
3030 5.007126
3031 5.007302
3032 5.006421
3033 5.007831
3034 5.007654
3035 5.007126
3036 5.007831
3037 5.009593
3038 5.005892
3039 5.006068
3040 5.009241
3041 5.006068
3042 5.007302
3043 5.008536
3044 5.007831
3045 5.005187
3046 5.009241
3047 5.008183
3048 0.021726
3049 0.033359
3050 0.038999
3051 0.041467
3052 0.041819
3053 0.041114
3054 0.040233
3055 0.038823
3056 0.037413
3057 0.036179
3058 0.034945
3059 0.033888
3060 0.032654
3061 0.031772
3062 0.031067
3063 0.030010
3064 0.029481
3065 0.029129
3066 0.028776
3067 0.028600
3068 0.028600
3069 0.029129
3070 0.030010
3071 0.031244
3072 0.033183
3073 0.036003
3074 0.039352
3075 0.043229
3076 4.999194
3077 5.002719
3078 5.011003
3079 5.010122
3080 5.005716
3081 5.007126
3082 5.009593
3083 5.006597
3084 5.006068
3085 5.009241
3086 5.009417
3087 5.007302
3088 5.005010
3089 5.007478
3090 5.007302
3091 5.007654
3092 5.005892
3093 5.007302
3094 5.009593
3095 5.007831
3096 5.005363
3097 5.007478
3098 5.008183
3099 5.008183
3100 5.006949
3101 5.006949
3102 5.007654
3103 5.008183
3104 0.793401
3105 0.027190
3106 0.036532
3107 0.040762
3108 0.042172
3109 0.041996
3110 0.041114
3111 0.040057
3112 0.038647
3113 0.037413
3114 0.036003
3115 0.034769
3116 0.033535
3117 0.032301
3118 0.031420
3119 0.030539
3120 0.030186
3121 0.029481
3122 0.028952
3123 0.028600
3124 0.028600
3125 0.028952
3126 0.029481
3127 0.030010
3128 0.031596
3129 0.033888
3130 0.036532
3131 0.040409
3132 0.044111
3133 5.014881
3134 5.004834
3135 5.000428
3136 5.007302
3137 5.010651
3138 5.007654
3139 5.005010
3140 5.009593
3141 5.008888
3142 5.006949
3143 5.008007
3144 5.006421
3145 5.007302
3146 5.008007
3147 5.006244
3148 5.007126
3149 5.007126
3150 5.008712
3151 5.005892
3152 5.004305
3153 5.010827
3154 5.008007
3155 5.005187
3156 5.006773
3157 5.006068
3158 5.008007
3159 5.008183
3160 5.006773
3161 0.094346
3162 0.027542
3163 0.036355
3164 0.040409
3165 0.041819
3166 0.041643
3167 0.040938
3168 0.039528
3169 0.038294
3170 0.037060
3171 0.035826
3172 0.034416
3173 0.033359
3174 0.032125
3175 0.031244
3176 0.030539
3177 0.029834
3178 0.029481
3179 0.028952
3180 0.028600
3181 0.028423
3182 0.028776
3183 0.029481
3184 0.030362
3185 0.031949
3186 0.034416
3187 0.037413
3188 0.041114
3189 0.044992
3190 5.022989
3191 5.010651
3192 5.001309
3193 5.004834
3194 5.009241
3195 5.007478
3196 5.005892
3197 5.007654
3198 5.008007
3199 5.007302
3200 5.007831
3201 5.007302
3202 5.006773
3203 5.007126
3204 5.006421
3205 5.008183
3206 5.007654
3207 5.007654
3208 5.008183
3209 5.008888
3210 5.006244
3211 5.006597
3212 5.008888
3213 5.007831
3214 5.006244
3215 5.005892
3216 5.008888
3217 5.007302
3218 0.021549
3219 0.032125
3220 0.038823
3221 0.041643
3222 0.042172
3223 0.041819
3224 0.040762
3225 0.039352
3226 0.038118
3227 0.036708
3228 0.035474
3229 0.034240
3230 0.033006
3231 0.031949
3232 0.030891
3233 0.030539
3234 0.029834
3235 0.029305
3236 0.028952
3237 0.028600
3238 0.028776
3239 0.028952
3240 0.029657
3241 0.030891
3242 0.032654
3243 0.034945
3244 0.038118
3245 0.041996
3246 0.046931
3247 5.005539
3248 5.015234
3249 5.007831
3250 5.002543
3251 5.006597
3252 5.010122
3253 5.008712
3254 5.006068
3255 5.007478
3256 5.008183
3257 5.007654
3258 5.007302
3259 5.007126
3260 5.006244
3261 5.008359
3262 5.006773
3263 5.006244
3264 5.006949
3265 5.009593
3266 5.007654
3267 5.005539
3268 5.008007
3269 5.008183
3270 5.006949
3271 5.007831
3272 5.008888
3273 5.006421
3274 5.006597
3275 0.021549
3276 0.031949
3277 0.038470
3278 0.041114
3279 0.041819
3280 0.041291
3281 0.040233
3282 0.038999
3283 0.037765
3284 0.036355
3285 0.035121
3286 0.033711
3287 0.032830
3288 0.031949
3289 0.030891
3290 0.030186
3291 0.029657
3292 0.029305
3293 0.028952
3294 0.028600
3295 0.028952
3296 0.029129
3297 0.029834
3298 0.031067
3299 0.032830
3300 0.035474
3301 0.038823
3302 0.042701
3303 5.008536
3304 5.019288
3305 5.009770
3306 5.000780
3307 5.007654
3308 5.010651
3309 5.008183
3310 5.005716
3311 5.007831
3312 5.009593
3313 5.005716
3314 5.005892
3315 5.008359
3316 5.008007
3317 5.008536
3318 5.006597
3319 5.006773
3320 5.007654
3321 5.010298
3322 5.005363
3323 5.006597
3324 5.008888
3325 5.007126
3326 5.006949
3327 5.007478
3328 5.006949
3329 5.007478
3330 5.008536
3331 5.006597
3332 0.025251
3333 0.035650
3334 0.040409
3335 0.041996
3336 0.041996
3337 0.041291
3338 0.040057
3339 0.038823
3340 0.037589
3341 0.036003
3342 0.034945
3343 0.033711
3344 0.032654
3345 0.031772
3346 0.030715
3347 0.030186
3348 0.029481
3349 0.028952
3350 0.028776
3351 0.028600
3352 0.028776
3353 0.029129
3354 0.030010
3355 0.031420
3356 0.033359
3357 0.036355
3358 0.039704
3359 0.043582
3360 5.007126
3361 5.014176
3362 5.007126
3363 5.001309
3364 5.005892
3365 5.009241
3366 5.006949
3367 5.006773
3368 5.007478
3369 5.006421
3370 5.006773
3371 5.007654
3372 5.007302
3373 5.007302
3374 5.007126
3375 5.006597
3376 5.006949
3377 5.008712
3378 5.007831
3379 5.005187
3380 5.004834
3381 5.007654
3382 5.008712
3383 5.006244
3384 5.005187
3385 5.006949
3386 5.008712
3387 5.007302
3388 5.006949
3389 0.025427
3390 0.035474
3391 0.040233
3392 0.041467
3393 0.041819
3394 0.040938
3395 0.039704
3396 0.038470
3397 0.037237
3398 0.035826
3399 0.034769
3400 0.033535
3401 0.032301
3402 0.031420
3403 0.030715
3404 0.030010
3405 0.029481
3406 0.028952
3407 0.028600
3408 0.028600
3409 0.028776
3410 0.029129
3411 0.030362
3412 0.031772
3413 0.034064
3414 0.036884
3415 0.040586
3416 0.044463
3417 5.016468
3418 5.006421
3419 5.002543
3420 5.008536
3421 5.009417
3422 5.006244
3423 5.004834
3424 5.008888
3425 5.005892
3426 5.007654
3427 5.009417
3428 5.006949
3429 5.007478
3430 5.008183
3431 5.006244
3432 5.007302
3433 5.008536
3434 5.007654
3435 5.006244
3436 5.008007
3437 5.007654
3438 5.005716
3439 5.007654
3440 5.007654
3441 5.007302
3442 5.008536
3443 5.007654
3444 5.005363
3445 0.021726
3446 0.030715
3447 0.038118
3448 0.041467
3449 0.042172
3450 0.041996
3451 0.040762
3452 0.039528
3453 0.038294
3454 0.036884
3455 0.035474
3456 0.034416
3457 0.033006
3458 0.032125
3459 0.031244
3460 0.030539
3461 0.029834
3462 0.029481
3463 0.028776
3464 0.028776
3465 0.028776
3466 0.028776
3467 0.029481
3468 0.030715
3469 0.032301
3470 0.034593
3471 0.037765
3472 0.041467
3473 0.045168
3474 4.992143
3475 5.002543
3476 5.012766
3477 5.008888
3478 5.005187
3479 5.006068
3480 5.009593
3481 5.007478
3482 5.005539
3483 5.008712
3484 5.008536
3485 5.005010
3486 5.007126
3487 5.007654
3488 5.007831
3489 5.007126
3490 5.008183
3491 5.007654
3492 5.005187
3493 5.006068
3494 5.009593
3495 5.007126
3496 5.006421
3497 5.006597
3498 5.008007
3499 5.007831
3500 5.005539
3501 5.007654
3502 0.021726
3503 0.030715
3504 0.037942
3505 0.040938
3506 0.041819
3507 0.041467
3508 0.040586
3509 0.039175
3510 0.037942
3511 0.036884
3512 0.035298
3513 0.034064
3514 0.033006
3515 0.031949
3516 0.031067
3517 0.030362
3518 0.029657
3519 0.029305
3520 0.028952
3521 0.028776
3522 0.028600
3523 0.029129
3524 0.029834
3525 0.030715
3526 0.032654
3527 0.035121
3528 0.038470
3529 0.042172
3530 0.045873
3531 4.995492
3532 5.012590
3533 5.011180
3534 5.005363
3535 5.006244
3536 5.007654
3537 5.008007
3538 5.009241
3539 5.005892
3540 5.007126
3541 5.009241
3542 5.008359
3543 5.004658
3544 5.007302
3545 5.007478
3546 5.007126
3547 5.007831
3548 5.006244
3549 5.006597
3550 5.007302
3551 5.007654
3552 5.007126
3553 5.008536
3554 5.008183
3555 5.005892
3556 5.006068
3557 5.008536
3558 5.009417
3559 0.023136
3560 0.034769
3561 0.039881
3562 0.041819
3563 0.042172
3564 0.041467
3565 0.040409
3566 0.039175
3567 0.037589
3568 0.036355
3569 0.035121
3570 0.033888
3571 0.032830
3572 0.031596
3573 0.030891
3574 0.030186
3575 0.029657
3576 0.029129
3577 0.028776
3578 0.028600
3579 0.028776
3580 0.029129
3581 0.030010
3582 0.031244
3583 0.033006
3584 0.035826
3585 0.039175
3586 0.043229
3587 5.009593
3588 5.004834
3589 5.003953
3590 5.009241
3591 5.008183
3592 5.008007
3593 5.007302
3594 5.006597
3595 5.008888
3596 5.008712
3597 5.006421
3598 5.007654
3599 5.008712
3600 5.006949
3601 5.007126
3602 5.008007
3603 5.009064
3604 5.005539
3605 5.005363
3606 5.007831
3607 5.007831
3608 5.003953
3609 5.006949
3610 5.008712
3611 5.007831
3612 5.006244
3613 5.006421
3614 5.009417
3615 5.006068
3616 0.023488
3617 0.034416
3618 0.039704
3619 0.041467
3620 0.041819
3621 0.040938
3622 0.039881
3623 0.038823
3624 0.037413
3625 0.036003
3626 0.034769
3627 0.033535
3628 0.032478
3629 0.031596
3630 0.030715
3631 0.030186
3632 0.029305
3633 0.028952
3634 0.028776
3635 0.028600
3636 0.028952
3637 0.029129
3638 0.030186
3639 0.031596
3640 0.033711
3641 0.036532
3642 0.040057
3643 0.043935
3644 5.008359
3645 5.011885
3646 5.007126
3647 5.003953
3648 5.008007
3649 5.009241
3650 5.007478
3651 5.006244
3652 5.007126
3653 5.007831
3654 5.007302
3655 5.003777
3656 5.008007
3657 5.009417
3658 5.006068
3659 5.005363
3660 5.008007
3661 5.007126
3662 5.005187
3663 5.008007
3664 5.009241
3665 5.005539
3666 5.006773
3667 5.008007
3668 5.006597
3669 5.007831
3670 5.007302
3671 5.007478
3672 0.022783
3673 0.029305
3674 0.037589
3675 0.040938
3676 0.042172
3677 0.041996
3678 0.041114
3679 0.039881
3680 0.038470
3681 0.037060
3682 0.035826
3683 0.034593
3684 0.033359
3685 0.032301
3686 0.031420
3687 0.030539
3688 0.029834
3689 0.029481
3690 0.028952
3691 0.028776
3692 0.028600
3693 0.028776
3694 0.029305
3695 0.030362
3696 0.031949
3697 0.034240
3698 0.037237
3699 0.040938
3700 0.044816
3701 4.998841
3702 5.006421
3703 5.009593
3704 5.006421
3705 5.005363
3706 5.006773
3707 5.008007
3708 5.008183
3709 5.005539
3710 5.006949
3711 5.009946
3712 5.006068
3713 5.003953
3714 5.010122
3715 5.009946
3716 5.005716
3717 5.005892
3718 5.009593
3719 5.007831
3720 5.006068
3721 5.006244
3722 5.006244
3723 5.008536
3724 5.006597
3725 5.006244
3726 5.008888
3727 5.007478
3728 5.006244
3729 0.022254
3730 0.029481
3731 0.037237
3732 0.040762
3733 0.041819
3734 0.041643
3735 0.040586
3736 0.039352
3737 0.038294
3738 0.036708
3739 0.035474
3740 0.034064
3741 0.033006
3742 0.032125
3743 0.031244
3744 0.030362
3745 0.029834
3746 0.029305
3747 0.028776
3748 0.028600
3749 0.028600
3750 0.028952
3751 0.029657
3752 0.030539
3753 0.032478
3754 0.034769
3755 0.037942
3756 0.041819
3757 0.045345
3758 5.008888
3759 5.011356
3760 5.005010
3761 5.003600
3762 5.007831
3763 5.009064
3764 5.006244
3765 5.005363
3766 5.007654
3767 5.008007
3768 5.007302
3769 5.006597
3770 5.006421
3771 5.006244
3772 5.008888
3773 5.007831
3774 5.006244
3775 5.008359
3776 5.007126
3777 5.006244
3778 5.007478
3779 5.010298
3780 5.009593
3781 5.005363
3782 5.005716
3783 5.006597
3784 5.006244
3785 5.006421
3786 0.021726
3787 0.033535
3788 0.039352
3789 0.041819
3790 0.042172
3791 0.041819
3792 0.040586
3793 0.039352
3794 0.037942
3795 0.036532
3796 0.035298
3797 0.034064
3798 0.033006
3799 0.031949
3800 0.031067
3801 0.030186
3802 0.029657
3803 0.029305
3804 0.028776
3805 0.028776
3806 0.028600
3807 0.028952
3808 0.030010
3809 0.030891
3810 0.032830
3811 0.035474
3812 0.038647
3813 0.042701
3814 5.000075
3815 5.011356
3816 5.007478
3817 5.004834
3818 5.005716
3819 5.007831
3820 5.006597
3821 5.005363
3822 5.008888
3823 5.008007
3824 5.005539
3825 5.007654
3826 5.007302
3827 5.006597
3828 5.009593
3829 5.007478
3830 5.008183
3831 5.008007
3832 5.007126
3833 5.006597
3834 5.005539
3835 5.007654
3836 5.007654
3837 5.007831
3838 5.006244
3839 5.006068
3840 5.007831
3841 5.008007
3842 5.007302
3843 0.021726
3844 0.033535
3845 0.039175
3846 0.041467
3847 0.041819
3848 0.041291
3849 0.040233
3850 0.038823
3851 0.037589
3852 0.036179
3853 0.034945
3854 0.033711
3855 0.032654
3856 0.031772
3857 0.030715
3858 0.030186
3859 0.029657
3860 0.029129
3861 0.028776
3862 0.028776
3863 0.028952
3864 0.028952
3865 0.030010
3866 0.031420
3867 0.033359
3868 0.036003
3869 0.039352
3870 0.043406
3871 5.004658
3872 5.008359
3873 5.006244
3874 5.005539
3875 5.008888
3876 5.006773
3877 5.006597
3878 5.008183
3879 5.008183
3880 5.007831
3881 5.006421
3882 5.006597
3883 5.008183
3884 5.006068
3885 5.006597
3886 5.010298
3887 5.008183
3888 5.006597
3889 5.007478
3890 5.007302
3891 5.005187
3892 5.008359
3893 5.007478
3894 5.004834
3895 5.006597
3896 5.008183
3897 5.006773
3898 5.005716
3899 0.192876
3900 0.027718
3901 0.036884
3902 0.040938
3903 0.042348
3904 0.041996
3905 0.041114
3906 0.039881
3907 0.038647
3908 0.037413
3909 0.035826
3910 0.034593
3911 0.033535
3912 0.032478
3913 0.031244
3914 0.030715
3915 0.030010
3916 0.029481
3917 0.029129
3918 0.028776
3919 0.028600
3920 0.028776
3921 0.029305
3922 0.030362
3923 0.031772
3924 0.033888
3925 0.036884
3926 0.040233
3927 0.044287
3928 5.006421
3929 5.007831
3930 5.008888
3931 5.007302
3932 5.008359
3933 5.005363
3934 5.007126
3935 5.010122
3936 5.007302
3937 5.007302
3938 5.009064
3939 5.006421
3940 5.007654
3941 5.005539
3942 5.007126
3943 5.010122
3944 5.007126
3945 5.005539
3946 5.008712
3947 5.007478
3948 5.005539
3949 5.005716
3950 5.007126
3951 5.007831
3952 5.005716
3953 5.004658
3954 5.007654
3955 5.008712
3956 0.041643
3957 0.027895
3958 0.036532
3959 0.040409
3960 0.041643
3961 0.041467
3962 0.040938
3963 0.039704
3964 0.038294
3965 0.036884
3966 0.035650
3967 0.034240
3968 0.033183
3969 0.032301
3970 0.031244
3971 0.030539
3972 0.029834
3973 0.029305
3974 0.028952
3975 0.028776
3976 0.028600
3977 0.028952
3978 0.029481
3979 0.030715
3980 0.032125
3981 0.034416
3982 0.037413
3983 0.041291
3984 0.044992
3985 5.003072
3986 5.006949
3987 5.007478
3988 5.007126
3989 5.007654
3990 5.008536
3991 5.008007
3992 5.006597
3993 5.007831
3994 5.007478
3995 5.006068
3996 5.008007
3997 5.005892
3998 5.009064
3999 5.005716
4000 5.007654
4001 5.009064
4002 5.007126
4003 5.006949
4004 5.007302
4005 5.006949
4006 5.006773
4007 5.005892
4008 5.007478
4009 5.007478
4010 5.008712
4011 5.008536
4012 5.006244
4013 0.021373
4014 0.032301
4015 0.038999
4016 0.041643
4017 0.042172
4018 0.041819
4019 0.040762
4020 0.039528
4021 0.038118
4022 0.036708
4023 0.035298
4024 0.034064
4025 0.033006
4026 0.031949
4027 0.031067
4028 0.030362
4029 0.029834
4030 0.029305
4031 0.028952
4032 0.028600
4033 0.028600
4034 0.029129
4035 0.029657
4036 0.030891
4037 0.032478
4038 0.034945
4039 0.038118
4040 0.041996
4041 3.582046
4042 5.015057
4043 5.005716
4044 5.002014
4045 5.006949
4046 5.010122
4047 5.007478
4048 5.005716
4049 5.006949
4050 5.007478
4051 5.007302
4052 5.006949
4053 5.007831
4054 5.009064
4055 5.005539
4056 5.007126
4057 5.010475
4058 5.007302
4059 5.004834
4060 5.006597
4061 5.007654
4062 5.007654
4063 5.008359
4064 5.006949
4065 5.006244
4066 5.009770
4067 5.008183
4068 5.004129
4069 5.005716
4070 0.021549
4071 0.032301
4072 0.038647
4073 0.041291
4074 0.041819
4075 0.041291
4076 0.040233
4077 0.038999
4078 0.037765
4079 0.036355
4080 0.035121
4081 0.033888
4082 0.032654
4083 0.031949
4084 0.030891
4085 0.030186
4086 0.029657
4087 0.029129
4088 0.028776
4089 0.028600
4090 0.028600
4091 0.029129
4092 0.030010
4093 0.031244
4094 0.033006
4095 0.035826
4096 0.038999
4097 0.042701
4098 5.013471
4099 5.004834
4100 4.999370
4101 5.008712
4102 5.010122
4103 5.007831
4104 5.005892
4105 5.007126
4106 5.006773
4107 5.007302
4108 5.009064
4109 5.007831
4110 5.006773
4111 5.007478
4112 5.007831
4113 5.006068
4114 5.006949
4115 5.008888
4116 5.009417
4117 5.008183
4118 5.007478
4119 5.007478
4120 5.006244
4121 5.006949
4122 5.009064
4123 5.007478
4124 5.006244
4125 5.007831
4126 5.008712
4127 0.025603
4128 0.035826
4129 0.040409
4130 0.041996
4131 0.042172
4132 0.041467
4133 0.040233
4134 0.038823
4135 0.037413
4136 0.036003
4137 0.034945
4138 0.033711
4139 0.032478
4140 0.031596
4141 0.030715
4142 0.030010
4143 0.029481
4144 0.029129
4145 0.028952
4146 0.028600
4147 0.028776
4148 0.029305
4149 0.030010
4150 0.031596
4151 0.033359
4152 0.036355
4153 0.039881
4154 0.043582
4155 5.000604
4156 5.015057
4157 5.011885
4158 5.005187
4159 5.005187
4160 5.010122
4161 5.008536
4162 5.005539
4163 5.009417
4164 5.008007
4165 5.004834
4166 5.005716
4167 5.008712
4168 5.006773
4169 5.005363
4170 5.006421
4171 5.008712
4172 5.006068
4173 5.006244
4174 5.008536
4175 5.006773
4176 5.005539
4177 5.007654
4178 5.008183
4179 5.006949
4180 5.007478
4181 5.008183
4182 5.006244
4183 5.006421
4184 0.026132
4185 0.035826
4186 0.040057
4187 0.041643
4188 0.041643
4189 0.040938
4190 0.039704
4191 0.038470
4192 0.037060
4193 0.035826
4194 0.034593
4195 0.033359
4196 0.032301
4197 0.031420
4198 0.030539
4199 0.029657
4200 0.029657
4201 0.028952
4202 0.028776
4203 0.028600
4204 0.028776
4205 0.029481
4206 0.030362
4207 0.031772
4208 0.033888
4209 0.037060
4210 0.040762
4211 0.044640
4212 5.019288
4213 5.012766
4214 5.001485
4215 5.004834
4216 5.011180
4217 5.008183
4218 5.006068
4219 5.005892
4220 5.008183
4221 5.009417
4222 5.008359
4223 5.006068
4224 5.006244
4225 5.007831
4226 5.007302
4227 5.005716
4228 5.006949
4229 5.008359
4230 5.007478
4231 5.007302
4232 5.006949
4233 5.006949
4234 5.007302
4235 5.006421
4236 5.006068
4237 5.009593
4238 5.009064
4239 5.005892
4240 0.021549
4241 0.031244
4242 0.038294
4243 0.041467
4244 0.042172
4245 0.041996
4246 0.040762
4247 0.039704
4248 0.038118
4249 0.036884
4250 0.035474
4251 0.034416
4252 0.033006
4253 0.031949
4254 0.031244
4255 0.030362
4256 0.029834
4257 0.029481
4258 0.028952
4259 0.028776
4260 0.028600
4261 0.028776
4262 0.029657
4263 0.030715
4264 0.032125
4265 0.034769
4266 0.037942
4267 0.041467
4268 0.045345
4269 5.010298
4270 5.006421
4271 5.005892
4272 5.008007
4273 5.008712
4274 5.005539
4275 5.006244
4276 5.008359
4277 5.006949
4278 5.008888
4279 5.008359
4280 5.006244
4281 5.007126
4282 5.007831
4283 5.005892
4284 5.007302
4285 5.008359
4286 5.006421
4287 5.006597
4288 5.007478
4289 5.007654
4290 5.006773
4291 5.008359
4292 5.008359
4293 5.006421
4294 5.008183
4295 5.007478
4296 5.007478
4297 0.021549
4298 0.031244
4299 0.037942
4300 0.041114
4301 0.041643
4302 0.041467
4303 0.040409
4304 0.039175
4305 0.037942
4306 0.036708
4307 0.035298
4308 0.034064
4309 0.033006
4310 0.031949
4311 0.030891
4312 0.030362
4313 0.029657
4314 0.029129
4315 0.028776
4316 0.028600
4317 0.028600
4318 0.029129
4319 0.029834
4320 0.030891
4321 0.032830
4322 0.035121
4323 0.038470
4324 0.042348
4325 0.045697
4326 4.998665
4327 5.014529
4328 5.011885
4329 5.004129
4330 5.005539
4331 5.009946
4332 5.007126
4333 5.007654
4334 5.009064
4335 5.006597
4336 5.005539
4337 5.008183
4338 5.008359
4339 5.006068
4340 5.007654
4341 5.009593
4342 5.008007
4343 5.005716
4344 5.007831
4345 5.008536
4346 5.005010
4347 5.007831
4348 5.007478
4349 5.006068
4350 5.007478
4351 5.006773
4352 5.007126
4353 5.006949
4354 0.023664
4355 0.035121
4356 0.040057
4357 0.041996
4358 0.042172
4359 0.041291
4360 0.040409
4361 0.038999
4362 0.037765
4363 0.036355
4364 0.035121
4365 0.033711
4366 0.032654
4367 0.031596
4368 0.030891
4369 0.030186
4370 0.029657
4371 0.029129
4372 0.029129
4373 0.028600
4374 0.028600
4375 0.029129
4376 0.030010
4377 0.031244
4378 0.033359
4379 0.036003
4380 0.039528
4381 0.043229
4382 5.008359
4383 5.001309
4384 5.006421
4385 5.009064
4386 5.006773
4387 5.007302
4388 5.008888
4389 5.005010
4390 5.005892
4391 5.009593
4392 5.008183
4393 5.007302
4394 5.006244
4395 5.008536
4396 5.008888
4397 5.005892
4398 5.008007
4399 5.007654
4400 5.006421
4401 5.007302
4402 5.007302
4403 5.005539
4404 5.007478
4405 5.009946
4406 5.008183
4407 5.005716
4408 5.006421
4409 5.008359
4410 5.007831
4411 0.024017
4412 0.034945
4413 0.039881
4414 0.041643
4415 0.041819
4416 0.041114
4417 0.039881
4418 0.038647
4419 0.037237
4420 0.036003
4421 0.034593
4422 0.033535
4423 0.032301
4424 0.031420
4425 0.030715
4426 0.030010
4427 0.029481
4428 0.029129
4429 0.028776
4430 0.028776
4431 0.028776
4432 0.029305
4433 0.030186
4434 0.031772
4435 0.033711
4436 0.036708
4437 0.040233
4438 0.044287
4439 5.009241
4440 5.005363
4441 5.006068
4442 5.007478
4443 5.006597
4444 5.007478
4445 5.008007
4446 5.006949
4447 5.009064
4448 5.007478
4449 5.005363
4450 5.006068
4451 5.009064
4452 5.006421
4453 5.006773
4454 5.006949
4455 5.007478
4456 5.008359
4457 5.008007
4458 5.006068
4459 5.007126
4460 5.006773
4461 5.007302
4462 5.009241
4463 5.007654
4464 5.005892
4465 5.009064
4466 5.007126
4467 0.021902
4468 0.030010
4469 0.037765
4470 0.041291
4471 0.042172
4472 0.041996
4473 0.040938
4474 0.039704
4475 0.038470
4476 0.037060
4477 0.035650
4478 0.034593
4479 0.033359
4480 0.032125
4481 0.031244
4482 0.030539
4483 0.030010
4484 0.029481
4485 0.029129
4486 0.028600
4487 0.028600
4488 0.028776
4489 0.029481
4490 0.030539
4491 0.032125
4492 0.034416
4493 0.037413
4494 0.041291
4495 0.044992
4496 5.005363
4497 4.998489
4498 5.007302
4499 5.011885
4500 5.009417
4501 5.004305
4502 5.005539
4503 5.008536
4504 5.006773
4505 5.006773
4506 5.007302
4507 5.005539
4508 5.007126
4509 5.006597
4510 5.007654
4511 5.007478
4512 5.007126
4513 5.007302
4514 5.008007
4515 5.004834
4516 5.006068
4517 5.008183
4518 5.005716
4519 5.006068
4520 5.008007
4521 5.009064
4522 5.006949
4523 5.006597
4524 0.021726
4525 0.030010
4526 0.037589
4527 0.040938
4528 0.041819
4529 0.041467
4530 0.040586
4531 0.039352
4532 0.038118
4533 0.036708
4534 0.035298
4535 0.034064
4536 0.033183
4537 0.031949
4538 0.031067
4539 0.030186
4540 0.029834
4541 0.029305
4542 0.029129
4543 0.028600
4544 0.028600
4545 0.029129
4546 0.029657
4547 0.030891
4548 0.032654
4549 0.034769
4550 0.038118
4551 0.041819
4552 0.045697
4553 4.993377
4554 5.003248
4555 5.012413
4556 5.008007
4557 5.005187
4558 5.009064
4559 5.008888
4560 5.006421
4561 5.006244
4562 5.008888
4563 5.006949
4564 5.006421
4565 5.006421
4566 5.007654
4567 5.007478
4568 5.010122
4569 5.007126
4570 5.007126
4571 5.007478
4572 5.007478
4573 5.008007
4574 5.006773
4575 5.007478
4576 5.005539
4577 5.008183
4578 5.007478
4579 5.007126
4580 5.008536
4581 0.022078
4582 0.034240
4583 0.039528
4584 0.041819
4585 0.042172
4586 0.041467
4587 0.040409
4588 0.039175
4589 0.037589
4590 0.036532
4591 0.034945
4592 0.033888
4593 0.033006
4594 0.031596
4595 0.030891
4596 0.030362
4597 0.029481
4598 0.029129
4599 0.028952
4600 0.028600
4601 0.028776
4602 0.029129
4603 0.029834
4604 0.031067
4605 0.033006
4606 0.035650
4607 0.038999
4608 0.042877
4609 5.004834
4610 5.008888
4611 5.006773
4612 5.006244
4613 5.007126
4614 5.007302
4615 5.007654
4616 5.007831
4617 5.008183
4618 5.006597
4619 5.005892
4620 5.008712
4621 5.007831
4622 5.007654
4623 5.007478
4624 5.006068
4625 5.005539
4626 5.007654
4627 5.007831
4628 5.006773
4629 5.008007
4630 5.007126
4631 5.007654
4632 5.008007
4633 5.008183
4634 5.007302
4635 5.006773
4636 5.006244
4637 5.008888
4638 0.022431
4639 0.034240
4640 0.039352
4641 0.041467
4642 0.041643
4643 0.041114
4644 0.040057
4645 0.038999
4646 0.037413
4647 0.036179
4648 0.034769
4649 0.033888
4650 0.032478
4651 0.031420
4652 0.030891
4653 0.030010
4654 0.029481
4655 0.029129
4656 0.028600
4657 0.028423
4658 0.028776
4659 0.028952
4660 0.030186
4661 0.031420
4662 0.033535
4663 0.036355
4664 0.039704
4665 0.043582
4666 4.999899
4667 5.010651
4668 5.009417
4669 5.004834
4670 5.006068
4671 5.008536
4672 5.008712
4673 5.005716
4674 5.004658
4675 5.009770
4676 5.008183
4677 5.005892
4678 5.006068
4679 5.008712
4680 5.006949
4681 5.007126
4682 5.006949
4683 5.009064
4684 5.005892
4685 5.006244
4686 5.007478
4687 5.006597
4688 5.008712
4689 5.006597
4690 5.007478
4691 5.007478
4692 5.008007
4693 5.004482
4694 0.024546
4695 0.028776
4696 0.037237
4697 0.040938
4698 0.042172
4699 0.041996
4700 0.041114
4701 0.039704
4702 0.038647
4703 0.037060
4704 0.035826
4705 0.034769
4706 0.033359
4707 0.032301
4708 0.031420
4709 0.030539
4710 0.030010
4711 0.029305
4712 0.028952
4713 0.028776
4714 0.028600
4715 0.028776
4716 0.029305
4717 0.030362
4718 0.031772
4719 0.034064
4720 0.037060
4721 0.040762
4722 0.044640
4723 5.018759
4724 5.007654
4725 5.002190
4726 5.008712
4727 5.009241
4728 5.005539
4729 5.006244
4730 5.009770
4731 5.007478
4732 5.005363
4733 5.008007
4734 5.008536
4735 5.006597
4736 5.006244
4737 5.007831
4738 5.007302
4739 5.008007
4740 5.005892
4741 5.007831
4742 5.007126
4743 5.007302
4744 5.005716
4745 5.006597
4746 5.007302
4747 5.006773
4748 5.007478
4749 5.007478
4750 5.007478
4751 0.022783
4752 0.028776
4753 0.037060
4754 0.040762
4755 0.041819
4756 0.041643
4757 0.040762
4758 0.039352
4759 0.038118
4760 0.036708
4761 0.035474
4762 0.034240
4763 0.033359
4764 0.032125
4765 0.031067
4766 0.030539
4767 0.030010
4768 0.029305
4769 0.029129
4770 0.028423
4771 0.028600
4772 0.028776
4773 0.029481
4774 0.030715
4775 0.032301
4776 0.034769
4777 0.037765
4778 0.041467
4779 0.045345
4780 4.995316
4781 5.000604
4782 5.011003
4783 5.010475
4784 5.005716
4785 5.006244
4786 5.007831
4787 5.007654
4788 5.006773
4789 5.008183
4790 5.008007
4791 5.008007
4792 5.005892
4793 5.009417
4794 5.008183
4795 5.007478
4796 5.008536
4797 5.006949
4798 5.006597
4799 5.006421
4800 5.006244
4801 5.008712
4802 5.003424
4803 5.008007
4804 5.008536
4805 5.005716
4806 5.008007
4807 5.006421
4808 0.021726
4809 0.033359
4810 0.039352
4811 0.041819
4812 0.042172
4813 0.041819
4814 0.040762
4815 0.039175
4816 0.037942
4817 0.036355
4818 0.035474
4819 0.034064
4820 0.032830
4821 0.031949
4822 0.031067
4823 0.030186
4824 0.029834
4825 0.029129
4826 0.028952
4827 0.028600
4828 0.028776
4829 0.029129
4830 0.029657
4831 0.031067
4832 0.032830
4833 0.035474
4834 0.038823
4835 0.042524
4836 5.001661
4837 5.004129
4838 5.005892
4839 5.007126
4840 5.007126
4841 5.007126
4842 5.007478
4843 5.008359
4844 5.007478
4845 5.006421
4846 5.007654
4847 5.008712
4848 5.008359
4849 5.006773
4850 5.005363
4851 5.008888
4852 5.008888
4853 5.007654
4854 5.006068
4855 5.007126
4856 5.008712
4857 5.007302
4858 5.007126
4859 5.008888
4860 5.007831
4861 5.006949
4862 5.006244
4863 5.008007
4864 5.007654
4865 0.021726
4866 0.033359
4867 0.039352
4868 0.041467
4869 0.041819
4870 0.041291
4871 0.040233
4872 0.038823
4873 0.037589
4874 0.036179
4875 0.034945
4876 0.033711
4877 0.032478
4878 0.031772
4879 0.030891
4880 0.030186
4881 0.029481
4882 0.029129
4883 0.028952
4884 0.028776
4885 0.028600
4886 0.029129
4887 0.030010
4888 0.031244
4889 0.033183
4890 0.036003
4891 0.039175
4892 0.043406
4893 5.000075
4894 5.000251
4895 5.009946
4896 5.009593
4897 5.006421
4898 5.005539
4899 5.006421
4900 5.008359
4901 5.006597
4902 5.005363
4903 5.008183
4904 5.007478
4905 5.007654
4906 5.006949
4907 5.007478
4908 5.008536
4909 5.007831
4910 5.008183
4911 5.007302
4912 5.007831
4913 5.006773
4914 5.006597
4915 5.008888
4916 5.007478
4917 5.007478
4918 5.007302
4919 5.006421
4920 5.006244
4921 0.259151
4922 0.027542
4923 0.036708
4924 0.040586
4925 0.042172
4926 0.041996
4927 0.041291
4928 0.040057
4929 0.038470
4930 0.037237
4931 0.035826
4932 0.034593
4933 0.033535
4934 0.032301
4935 0.031420
4936 0.030539
4937 0.030010
4938 0.029481
4939 0.028776
4940 0.028776
4941 0.028600
4942 0.028776
4943 0.029305
4944 0.030186
4945 0.031772
4946 0.033711
4947 0.036708
4948 0.040409
4949 0.044287
4950 5.019640
4951 5.015586
4952 5.004834
4953 5.004129
4954 5.009417
4955 5.008536
4956 5.007478
4957 5.007126
4958 5.008888
4959 5.007478
4960 5.006949
4961 5.009241
4962 5.007478
4963 5.004834
4964 5.009770
4965 5.007302
4966 5.006068
4967 5.007126
4968 5.006949
4969 5.008007
4970 5.008183
4971 5.008536
4972 5.006597
4973 5.005010
4974 5.007302
4975 5.008712
4976 5.007478
4977 5.006068
4978 0.034945
4979 0.027718
4980 0.036708
4981 0.040409
4982 0.041819
4983 0.041643
4984 0.040762
4985 0.039704
4986 0.038294
4987 0.036884
4988 0.035650
4989 0.034240
4990 0.033359
4991 0.032301
4992 0.031420
4993 0.030539
4994 0.029834
4995 0.029305
4996 0.028952
4997 0.028600
4998 0.028600
4999 0.028776
