0 5.008536
1 5.009241
2 5.007126
3 5.008712
4 5.006244
5 5.006244
6 5.008183
7 5.006949
8 5.006597
9 5.007126
10 5.008007
11 5.009064
12 5.006949
13 5.007126
14 5.006244
15 5.007126
16 5.009417
17 5.006949
18 0.022078
19 0.026485
20 0.033535
21 0.036884
22 0.037589
23 0.037765
24 0.037237
25 0.036355
26 0.035121
27 0.034064
28 0.033183
29 0.031949
30 0.031067
31 0.030362
32 0.029481
33 0.028952
34 0.028423
35 0.027895
36 0.027718
37 0.027542
38 0.027366
39 0.027718
40 0.028071
41 0.028952
42 0.030186
43 0.032125
44 0.034593
45 0.037237
46 0.040233
47 5.000251
48 5.007478
49 5.010298
50 5.005363
51 5.005010
52 5.007831
53 5.010122
54 5.005892
55 5.006949
56 5.008183
57 5.008888
58 5.005716
59 5.005363
60 5.007654
61 5.009417
62 5.005716
63 5.005363
64 5.007831
65 5.007126
66 5.007478
67 5.008359
68 5.007478
69 5.005187
70 5.009593
71 5.007126
72 5.004834
73 5.006068
74 5.008359
75 5.007654
76 0.022431
77 0.031596
78 0.036003
79 0.037589
80 0.037942
81 0.037589
82 0.036884
83 0.035826
84 0.034769
85 0.033535
86 0.032478
87 0.031596
88 0.030715
89 0.029834
90 0.029129
91 0.028600
92 0.028247
93 0.027718
94 0.027718
95 0.027542
96 0.027718
97 0.028071
98 0.028423
99 0.029657
100 0.031420
101 0.033359
102 0.036003
103 0.038823
104 5.010827
105 5.002014
106 5.002719
107 5.009241
108 5.009593
109 5.004658
110 5.007654
111 5.009241
112 5.008359
113 5.008183
114 5.006421
115 5.005539
116 5.009064
117 5.008359
118 5.006949
119 5.008007
120 5.006421
121 5.007654
122 5.007126
123 5.007478
124 5.008007
125 5.005892
126 5.008359
127 5.006597
128 5.008183
129 5.007478
130 5.007478
131 5.007126
132 5.007302
133 0.021197
134 0.027013
135 0.033888
136 0.036708
137 0.037765
138 0.037765
139 0.037060
140 0.036003
141 0.035121
142 0.034064
143 0.033006
144 0.031949
145 0.030891
146 0.030186
147 0.029305
148 0.028776
149 0.028423
150 0.027895
151 0.027542
152 0.027366
153 0.027366
154 0.027718
155 0.028247
156 0.028952
157 0.030362
158 0.032301
159 0.034593
160 0.037413
161 0.040586
162 5.000251
163 4.999370
164 5.008536
165 5.010651
166 5.006421
167 5.003248
168 5.008712
169 5.009593
170 5.006597
171 5.005716
172 5.008536
173 5.009417
174 5.005539
175 5.006949
176 5.008536
177 5.006068
178 5.009064
179 5.008183
180 5.005539
181 5.006421
182 5.009593
183 5.008183
184 5.005892
185 5.008712
186 5.007126
187 5.006949
188 5.007654
189 5.007126
190 5.006773
191 0.023312
192 0.032125
193 0.036179
194 0.037765
195 0.037942
196 0.037589
197 0.036532
198 0.035650
199 0.034416
200 0.033711
201 0.032654
202 0.031420
203 0.030715
204 0.029834
205 0.028952
206 0.028423
207 0.028071
208 0.027718
209 0.027366
210 0.027366
211 0.027542
212 0.028071
213 0.028600
214 0.029834
215 0.031420
216 0.033359
217 0.036179
218 0.039175
219 5.000075
220 5.000780
221 5.010298
222 5.009770
223 5.005187
224 5.005716
225 5.006597
226 5.007654
227 5.010298
228 5.005716
229 5.006949
230 5.007302
231 5.006949
232 5.007126
233 5.007654
234 5.007478
235 5.006773
236 5.008359
237 5.007126
238 5.006421
239 5.008007
240 5.007126
241 5.010122
242 5.007302
243 5.004482
244 5.007126
245 5.006949
246 5.007831
247 5.008183
248 0.021020
249 0.027718
250 0.034240
251 0.036884
252 0.037765
253 0.037589
254 0.037060
255 0.036003
256 0.034945
257 0.034064
258 0.032830
259 0.031949
260 0.030891
261 0.030186
262 0.029481
263 0.028776
264 0.028423
265 0.027895
266 0.027542
267 0.027366
268 0.027366
269 0.027718
270 0.028247
271 0.029129
272 0.030539
273 0.032301
274 0.034769
275 0.037765
276 0.040762
277 5.006068
278 5.012413
279 5.007831
280 5.004129
281 5.007831
282 5.009064
283 5.006773
284 5.006421
285 5.007302
286 5.008359
287 5.006773
288 5.008888
289 5.007478
290 5.006773
291 5.005010
292 5.007302
293 5.007831
294 5.008536
295 5.005892
296 5.006949
297 4.647022
298 4.634684
299 4.645788
300 4.647198
301 4.634684
302 4.634684
303 4.647374
304 4.634684
305 4.633450
306 -0.022340
307 -0.018110
308 -0.022869
309 -0.021635
310 -0.021635
311 -0.022516
312 -0.022869
313 -0.022340
314 -0.022516
315 -0.023045
316 -0.018815
317 -0.020049
318 -0.021811
319 0.023664
320 0.028952
321 0.028600
322 0.028071
323 0.027542
324 0.027542
325 0.027366
326 0.027542
327 0.027895
328 0.028776
329 0.029834
330 0.031596
331 -0.023045
332 -0.022869
333 0.039352
334 4.995140
335 5.006597
336 5.011708
337 5.006244
338 5.005716
339 5.008359
340 5.007478
341 5.006068
342 5.007654
343 5.007831
344 5.007654
345 5.007126
346 5.007126
347 5.008536
348 5.008183
349 5.007654
350 5.005716
351 5.007831
352 5.009946
353 5.007478
354 4.644378
355 4.635565
356 4.647198
357 4.631158
358 4.647374
359 4.647551
360 4.635212
361 4.635212
362 4.647198
363 -0.001894
364 -0.023045
365 -0.022693
366 -0.022693
367 -0.021635
368 -0.021635
369 -0.023045
370 -0.021988
371 -0.023045
372 -0.023045
373 -0.018110
374 -0.019696
375 -0.020225
376 -0.022340
377 -0.023045
378 -0.022693
379 -0.023045
380 -0.023045
381 -0.020401
382 -0.020577
383 -0.020401
384 -0.023045
385 -0.022869
386 -0.022869
387 -0.020049
388 0.027013
389 0.033535
390 -0.010354
391 -0.017228
392 5.009417
393 5.007126
394 5.006773
395 5.007478
396 5.007831
397 5.006421
398 5.006773
399 5.007831
400 5.006773
401 5.006949
402 5.008536
403 5.008888
404 5.007302
405 5.007831
406 5.007831
407 5.007478
408 4.647198
409 4.634684
410 4.633097
411 4.645964
412 5.008536
413 5.004834
414 4.647374
415 4.635212
416 4.635212
417 4.645964
418 4.634684
419 4.631335
420 0.259151
421 0.024898
422 0.027366
423 0.033535
424 -0.010178
425 0.037765
426 0.036532
427 -0.023045
428 -0.022340
429 -0.022693
430 -0.023045
431 -0.018815
432 -0.020049
433 0.024722
434 0.029834
435 0.028952
436 0.028423
437 0.027895
438 0.027718
439 0.027366
440 0.027542
441 0.027718
442 0.028071
443 0.028776
444 0.029834
445 0.031596
446 0.033888
447 0.036532
448 0.039704
449 5.005539
450 5.004305
451 5.008888
452 5.009064
453 5.005892
454 5.006244
455 5.007654
456 5.008712
457 5.006773
458 5.005892
459 5.007478
460 5.006949
461 5.008536
462 5.007302
463 5.007831
464 5.007126
465 5.007302
466 5.007654
467 5.005892
468 5.006597
469 5.006244
470 5.006773
471 5.007478
472 5.006421
473 5.007126
474 5.008888
475 5.008183
476 5.006773
477 5.008359
478 0.020844
479 0.029129
480 0.034769
481 0.037237
482 0.037765
483 0.037589
484 0.036884
485 0.035826
486 0.034769
487 0.033711
488 0.032654
489 0.031949
490 0.030891
491 0.030010
492 0.029305
493 0.028600
494 0.028247
495 0.027895
496 0.027542
497 0.027366
498 0.027190
499 0.027718
500 0.028247
501 0.029305
502 0.030715
503 0.032654
504 0.035121
505 0.038294
506 0.041114
507 5.016996
508 5.012237
509 5.002895
510 5.004834
511 5.009593
512 5.008888
513 5.005892
514 5.004658
515 5.008007
516 5.008536
517 5.005716
518 5.007478
519 5.006421
520 5.006068
521 5.008359
522 5.008536
523 5.008183
524 5.008536
525 5.006421
526 5.006244
527 5.008359
528 5.008536
529 5.007302
530 5.007478
531 5.007654
532 5.006773
533 5.008183
534 5.007126
535 0.028247
536 0.025956
537 0.033359
538 0.036708
539 0.037942
540 0.037942
541 0.037413
542 0.036355
543 0.035298
544 0.034240
545 0.033359
546 0.032301
547 0.031420
548 0.030362
549 0.029657
550 0.029129
551 0.028423
552 0.027895
553 0.027718
554 0.027366
555 0.027366
556 0.027542
557 0.028071
558 0.028776
559 0.030186
560 0.031596
561 0.034064
562 0.036884
563 0.039704
564 5.014176
565 5.011180
566 5.004129
567 5.005716
568 5.008183
569 5.008183
570 5.006421
571 5.006244
572 5.007831
573 5.006773
574 5.007654
575 5.006244
576 5.005187
577 5.009064
578 5.006773
579 5.005363
580 5.008359
581 5.008359
582 5.007654
583 5.005716
584 5.006068
585 5.008359
586 5.008888
587 5.006068
588 5.006421
589 5.006421
590 5.008536
591 5.007831
592 5.007478
593 0.020668
594 0.029834
595 0.034945
596 0.037237
597 0.037765
598 0.037589
599 0.036884
600 0.035826
601 0.034769
602 0.033711
603 0.032654
604 0.031772
605 0.030715
606 0.029834
607 0.029305
608 0.028600
609 0.028071
610 0.027718
611 0.027542
612 0.027366
613 0.027366
614 0.027895
615 0.028247
616 0.029481
617 0.030715
618 0.032830
619 0.035298
620 0.038470
621 4.885505
622 5.018230
623 5.009593
624 5.002895
625 5.002895
626 5.010298
627 5.010122
628 5.005010
629 5.005539
630 5.009064
631 5.007302
632 5.006949
633 5.005892
634 5.006068
635 5.008888
636 5.008007
637 5.007478
638 5.008359
639 5.007478
640 5.008359
641 5.007478
642 5.006068
643 5.007654
644 5.009064
645 5.005363
646 5.006421
647 5.008359
648 5.007302
649 5.006597
650 0.021726
651 0.026661
652 0.033888
653 0.036884
654 0.037942
655 0.037942
656 0.037237
657 0.036355
658 0.035121
659 0.034416
660 0.033183
661 0.032125
662 0.031067
663 0.030186
664 0.029481
665 0.028776
666 0.028423
667 0.027895
668 0.027718
669 0.027542
670 0.027366
671 0.027718
672 0.028071
673 0.028952
674 0.030186
675 0.031949
676 0.034240
677 0.037060
678 0.040233
679 5.008536
680 5.000428
681 5.003072
682 5.009946
683 5.009064
684 5.005363
685 5.006421
686 5.009064
687 5.006949
688 5.007302
689 5.008712
690 5.008359
691 5.005892
692 5.007126
693 5.008536
694 5.006597
695 5.008888
696 5.008536
697 5.006421
698 5.006068
699 5.008183
700 5.007302
701 5.005716
702 5.006773
703 5.005892
704 5.007302
705 5.006597
706 5.007302
707 5.007478
708 0.021020
709 0.030539
710 0.035474
711 0.037589
712 0.037589
713 0.037413
714 0.036708
715 0.035650
716 0.034769
717 0.033535
718 0.032654
719 0.031772
720 0.030539
721 0.029657
722 0.029129
723 0.022254
724 0.022078
725 -0.020401
726 -0.020577
727 -0.020577
728 0.027366
729 0.027895
730 0.028423
731 0.029657
732 0.031067
733 0.033183
734 0.035826
735 0.038823
736 5.016291
737 5.005187
738 4.999194
739 5.007478
740 5.010298
741 5.006244
742 5.004305
743 5.007302
744 5.007831
745 5.007302
746 5.008007
747 5.009064
748 5.006949
749 5.006949
750 5.007831
751 5.008183
752 5.006068
753 5.006773
754 5.008712
755 4.647727
756 4.634507
757 4.645964
758 5.007478
759 5.009064
760 5.005539
761 5.007126
762 5.009417
763 5.007126
764 5.005363
765 0.021020
766 0.027718
767 0.034240
768 0.037060
769 0.037942
770 0.037765
771 0.037060
772 0.036179
773 0.035298
774 0.034064
775 0.033006
776 0.031949
777 0.031067
778 0.030186
779 0.029481
780 0.028776
781 0.028247
782 0.027718
783 0.027718
784 0.027366
785 0.027366
786 0.027542
787 0.028423
788 0.028952
789 0.030362
790 0.032125
791 0.034416
792 0.037413
793 0.040409
794 5.002895
795 4.999018
796 5.010298
797 5.010827
798 5.006949
799 5.006068
800 5.007478
801 5.008007
802 5.009241
803 5.007478
804 5.005187
805 5.007478
806 5.007654
807 5.006068
808 4.644907
809 4.635565
810 4.647198
811 4.635389
812 4.647374
813 4.634507
814 4.634684
815 4.634507
816 4.635212
817 4.635565
818 4.647198
819 4.634507
820 4.634507
821 4.647374
822 4.634684
823 -0.001189
824 -0.020225
825 -0.022164
826 -0.021635
827 -0.021635
828 0.022607
829 0.036708
830 0.035474
831 0.034593
832 0.033535
833 0.032478
834 0.031596
835 0.030362
836 0.029657
837 0.029129
838 0.028423
839 0.028071
840 0.027718
841 0.027366
842 0.027366
843 0.027366
844 0.027895
845 0.028423
846 0.029834
847 0.031244
848 0.033535
849 0.036003
850 0.038999
851 5.016468
852 5.005892
853 5.000604
854 5.009241
855 5.008712
856 5.006773
857 5.006597
858 5.007654
859 5.007654
860 5.006773
861 5.007126
862 5.007478
863 5.008183
864 5.008007
865 5.007654
866 5.005187
867 5.007654
868 5.009946
869 5.006597
870 5.006244
871 5.007478
872 5.008007
873 5.006421
874 5.008007
875 5.007654
876 5.006244
877 5.006773
878 5.007831
879 5.006597
880 0.020844
881 0.028600
882 0.034769
883 0.037237
884 0.037942
885 0.037765
886 0.037060
887 0.036003
888 0.034945
889 0.034064
890 0.033006
891 0.031772
892 0.030891
893 0.030010
894 0.029481
895 0.028952
896 0.028071
897 0.028071
898 0.027542
899 0.027366
900 0.027542
901 0.027718
902 0.028247
903 0.029129
904 0.030539
905 0.032301
906 0.034769
907 0.037765
908 0.040762
909 4.993730
910 5.005363
911 5.013647
912 5.008007
913 5.004305
914 5.005539
915 5.009417
916 5.008183
917 5.004658
918 5.006597
919 5.009770
920 5.006949
921 5.005892
922 5.009064
923 5.008888
924 5.006597
925 5.006773
926 5.008888
927 5.004658
928 5.005892
929 5.008888
930 5.007478
931 5.003953
932 5.007831
933 5.008888
934 5.006421
935 5.006068
936 5.007831
937 5.007831
938 0.022783
939 0.031949
940 0.036003
941 0.037589
942 0.037765
943 0.037413
944 0.036355
945 0.035650
946 0.034416
947 0.033359
948 0.032301
949 0.031420
950 0.030362
951 0.029657
952 0.028952
953 0.028423
954 0.028071
955 0.027718
956 0.027542
957 0.027366
958 0.027542
959 0.027895
960 0.028776
961 0.029657
962 0.031420
963 0.033535
964 0.036355
965 0.039352
966 4.994435
967 4.997255
968 5.009770
969 5.011532
970 5.003600
971 5.004482
972 5.010298
973 5.007478
974 5.007126
975 5.007478
976 5.007478
977 5.007654
978 5.008007
979 5.006597
980 5.006597
981 5.008007
982 5.008359
983 5.007654
984 5.008359
985 5.007831
986 5.007126
987 5.008183
988 5.008007
989 5.005716
990 5.007478
991 5.006773
992 5.008712
993 5.008888
994 5.006597
995 0.020668
996 0.029481
997 0.034945
998 0.037413
999 0.038118
1000 0.037765
1001 0.036884
1002 0.035826
1003 0.034769
1004 0.033888
1005 0.032830
1006 0.031949
1007 0.030715
1008 0.030186
1009 0.029305
1010 0.028776
1011 0.028247
1012 0.027895
1013 0.027718
1014 0.027366
1015 0.027366
1016 0.027718
1017 0.028423
1018 0.029305
1019 0.030715
1020 0.032830
1021 0.034945
1022 0.037942
1023 3.235162
1024 5.016291
1025 5.006068
1026 5.003072
1027 5.008007
1028 5.009770
1029 5.005716
1030 5.006421
1031 5.007654
1032 5.006773
1033 5.006773
1034 5.008712
1035 5.008888
1036 5.005363
1037 5.006421
1038 5.009593
1039 5.007126
1040 5.005892
1041 5.007302
1042 5.007654
1043 5.008183
1044 5.008183
1045 5.006949
1046 5.006773
1047 5.006421
1048 5.007302
1049 5.008183
1050 5.005187
1051 5.007478
1052 5.008888
1053 0.024193
1054 0.032654
1055 0.036179
1056 0.037765
1057 0.037765
1058 0.037237
1059 0.036355
1060 0.035474
1061 0.034240
1062 0.033183
1063 0.032125
1064 0.031244
1065 0.030362
1066 0.029657
1067 0.028952
1068 0.028423
1069 0.028071
1070 0.027542
1071 0.027542
1072 0.027366
1073 0.027542
1074 0.027895
1075 0.028776
1076 0.030010
1077 0.031596
1078 0.033888
1079 0.036708
1080 0.039704
1081 5.014352
1082 5.012766
1083 5.003600
1084 5.003777
1085 5.010298
1086 5.009241
1087 5.003600
1088 5.007654
1089 5.009770
1090 5.005716
1091 5.006068
1092 5.006244
1093 5.006949
1094 5.007478
1095 5.008888
1096 5.008007
1097 5.007126
1098 5.009593
1099 5.007478
1100 5.005187
1101 5.008183
1102 5.007478
1103 5.007478
1104 5.007654
1105 5.006597
1106 5.006244
1107 5.007126
1108 5.009241
1109 5.005010
1110 0.020844
1111 0.030539
1112 0.035474
1113 0.037589
1114 0.038118
1115 0.037589
1116 0.036708
1117 0.036003
1118 0.034945
1119 0.033711
1120 0.032654
1121 0.031772
1122 0.030715
1123 0.030010
1124 0.029129
1125 0.028600
1126 0.028247
1127 0.027718
1128 0.027718
1129 0.027366
1130 0.027366
1131 0.027895
1132 0.028423
1133 0.029481
1134 0.030891
1135 0.032830
1136 0.035474
1137 0.038294
1138 5.001838
1139 5.003953
1140 5.009241
1141 5.009241
1142 5.007478
1143 5.007126
1144 5.007831
1145 5.006597
1146 5.007654
1147 5.009064
1148 5.007126
1149 5.005539
1150 5.007831
1151 5.007831
1152 5.006773
1153 5.008007
1154 5.008888
1155 5.007831
1156 5.007126
1157 5.007126
1158 5.008183
1159 5.007831
1160 5.005539
1161 5.007302
1162 5.007126
1163 5.010651
1164 5.009946
1165 5.006068
1166 5.006421
1167 0.033359
1168 0.025780
1169 0.033183
1170 0.036532
1171 0.037765
1172 0.037765
1173 0.037237
1174 0.036355
1175 0.035474
1176 0.034064
1177 0.033359
1178 0.031949
1179 0.031244
1180 0.030362
1181 0.029481
1182 0.028776
1183 0.028247
1184 0.027895
1185 0.027718
1186 0.027366
1187 0.027366
1188 0.027542
1189 0.028247
1190 0.028952
1191 0.030010
1192 0.032125
1193 0.034240
1194 0.037237
1195 0.040057
1196 5.006421
1197 5.000428
1198 5.006421
1199 5.009241
1200 5.007831
1201 5.007478
1202 5.007126
1203 5.007654
1204 5.008007
1205 5.006597
1206 5.007126
1207 5.008888
1208 5.005892
1209 5.007126
1210 5.006949
1211 5.008536
1212 5.007126
1213 5.006421
1214 5.006949
1215 5.008007
1216 5.009593
1217 5.006068
1218 5.006068
1219 5.008888
1220 5.007302
1221 5.005539
1222 5.007302
1223 5.008007
1224 5.006068
1225 0.021726
1226 0.031420
1227 0.035826
1228 0.037589
1229 0.037942
1230 0.037589
1231 0.036532
1232 0.035650
1233 0.034593
1234 0.033535
1235 0.032654
1236 0.031420
1237 0.030715
1238 0.029834
1239 0.029129
1240 0.028600
1241 0.028071
1242 0.027895
1243 0.027366
1244 0.027542
1245 0.027366
1246 0.027895
1247 0.028600
1248 0.029657
1249 0.031067
1250 0.033183
1251 0.035826
1252 0.038823
1253 4.995492
1254 5.001485
1255 5.011180
1256 5.008712
1257 5.004658
1258 5.007126
1259 5.012061
1260 5.006421
1261 5.005892
1262 5.008183
1263 5.008712
1264 5.007654
1265 5.006244
1266 5.009770
1267 5.008536
1268 5.005716
1269 5.006244
1270 5.009417
1271 5.008359
1272 5.006949
1273 5.005363
1274 5.006949
1275 5.007654
1276 5.007126
1277 5.006597
1278 5.008183
1279 5.006421
1280 5.007831
1281 5.008888
1282 0.021373
1283 0.027013
1284 0.033888
1285 0.036708
1286 0.037589
1287 0.037765
1288 0.037060
1289 0.036179
1290 0.035121
1291 0.034064
1292 0.033006
1293 0.031949
1294 0.031067
1295 0.030186
1296 0.029481
1297 0.028776
1298 0.028247
1299 0.027895
1300 0.027718
1301 0.027366
1302 0.027366
1303 0.027542
1304 0.028247
1305 0.028952
1306 0.030362
1307 0.032301
1308 0.034593
1309 0.037413
1310 0.040409
1311 5.013647
1312 5.002367
1313 5.004834
1314 5.010651
1315 5.009593
1316 5.005010
1317 5.008007
1318 5.007831
1319 5.007654
1320 5.007654
1321 5.006949
1322 4.645788
1323 4.645436
1324 5.008359
1325 5.006597
1326 5.007831
1327 5.005716
1328 5.007126
1329 5.007302
1330 5.010298
1331 5.008183
1332 5.005363
1333 5.007302
1334 5.009241
1335 5.008183
1336 5.005716
1337 5.006773
1338 5.007831
1339 5.007126
1340 0.023488
1341 0.032478
1342 0.036179
1343 0.037942
1344 0.037942
1345 0.037413
1346 0.036532
1347 0.035650
1348 0.034416
1349 0.033535
1350 0.032478
1351 0.031420
1352 0.030539
1353 0.029834
1354 0.028952
1355 0.028423
1356 0.028071
1357 0.027718
1358 0.027542
1359 0.027542
1360 0.027542
1361 0.028071
1362 0.028600
1363 0.029834
1364 0.031420
1365 0.033359
1366 0.036179
1367 0.039175
1368 5.010298
1369 5.012942
1370 5.004658
1371 5.002014
1372 5.008888
1373 5.008183
1374 5.005892
1375 5.006068
1376 5.009241
1377 5.007126
1378 5.007126
1379 5.008007
1380 5.008359
1381 5.007654
1382 5.007126
1383 5.008888
1384 5.008359
1385 5.005363
1386 5.007654
1387 5.008183
1388 5.007126
1389 5.007126
1390 5.009241
1391 5.006421
1392 5.008183
1393 5.008536
1394 5.006068
1395 5.007654
1396 5.009064
1397 0.020668
1398 0.028247
1399 0.034416
1400 0.037060
1401 0.037942
1402 0.037589
1403 0.036884
1404 0.035826
1405 0.034945
1406 0.034064
1407 0.032830
1408 0.031949
1409 0.030891
1410 0.030010
1411 0.029305
1412 0.028776
1413 0.028071
1414 0.027718
1415 0.027542
1416 0.027366
1417 0.027366
1418 0.027718
1419 0.028247
1420 0.029129
1421 0.030539
1422 0.032654
1423 0.035121
1424 0.037942
1425 0.040938
1426 4.991615
1427 5.005716
1428 5.012061
1429 5.007302
1430 5.003600
1431 5.006773
1432 5.009064
1433 5.007654
1434 5.006597
1435 5.006244
1436 5.007831
1437 5.007126
1438 5.006421
1439 5.006773
1440 5.008183
1441 5.007654
1442 5.006421
1443 5.007302
1444 5.007126
1445 5.007478
1446 5.008536
1447 5.006421
1448 5.008007
1449 5.008888
1450 5.006244
1451 5.010475
1452 5.006597
1453 5.006421
1454 0.392934
1455 0.025251
1456 0.033183
1457 0.036532
1458 0.037942
1459 0.037942
1460 0.037589
1461 0.036355
1462 0.035298
1463 0.034416
1464 0.033535
1465 0.032301
1466 0.031067
1467 0.030362
1468 0.029657
1469 0.029129
1470 0.028247
1471 0.027895
1472 0.027718
1473 0.027366
1474 0.027366
1475 0.027542
1476 0.028071
1477 0.028776
1478 0.029834
1479 0.031420
1480 0.033888
1481 0.036884
1482 0.039528
1483 5.020169
1484 5.012942
1485 5.001838
1486 5.004658
1487 5.009770
1488 5.008183
1489 5.006949
1490 5.007654
1491 5.007302
1492 5.008359
1493 5.007126
1494 5.007831
1495 5.009241
1496 5.006773
1497 5.008183
1498 5.009064
1499 5.006949
1500 5.005363
1501 5.009241
1502 5.007654
1503 5.008712
1504 5.006244
1505 5.006773
1506 5.008359
1507 5.007126
1508 5.007831
1509 5.007654
1510 5.006597
1511 5.006244
1512 0.020668
1513 0.029481
1514 0.034945
1515 0.037237
1516 0.037942
1517 0.037589
1518 0.036708
1519 0.035826
1520 0.034769
1521 0.033711
1522 0.032830
1523 0.031772
1524 0.030715
1525 0.030010
1526 0.029481
1527 0.028776
1528 0.028247
1529 0.027718
1530 0.027542
1531 0.027366
1532 0.027542
1533 0.027718
1534 0.028247
1535 0.029305
1536 0.030891
1537 0.032830
1538 0.035298
1539 0.038294
1540 3.891386
1541 5.009241
1542 5.002719
1543 5.005539
1544 5.008536
1545 5.007831
1546 5.006421
1547 5.005892
1548 5.008536
1549 5.008536
1550 5.005539
1551 5.007654
1552 5.008536
1553 5.008712
1554 5.007478
1555 5.006068
1556 5.008536
1557 5.008007
1558 5.007126
1559 5.007302
1560 5.005539
1561 5.004834
1562 5.008712
1563 5.007831
1564 5.006597
1565 5.007478
1566 5.007302
1567 5.006421
1568 5.008359
1569 0.022078
1570 0.026485
1571 0.033711
1572 0.036884
1573 0.037942
1574 0.037942
1575 0.037237
1576 0.036179
1577 0.035298
1578 0.034064
1579 0.033183
1580 0.032301
1581 0.031244
1582 0.030186
1583 0.029657
1584 0.028952
1585 0.028423
1586 0.027895
1587 0.027718
1588 0.027542
1589 0.027366
1590 0.027542
1591 0.028071
1592 0.028952
1593 0.030186
1594 0.031949
1595 0.034240
1596 0.037060
1597 0.040233
1598 5.003953
1599 5.010827
1600 5.006949
1601 5.005363
1602 5.007478
1603 5.008536
1604 5.006949
1605 5.005363
1606 5.006421
1607 5.009946
1608 5.006068
1609 5.005539
1610 5.007831
1611 5.008007
1612 5.008359
1613 5.008536
1614 5.007831
1615 5.006421
1616 5.008536
1617 5.006949
1618 5.007126
1619 5.007302
1620 5.008183
1621 5.007126
1622 5.006068
1623 5.006421
1624 5.007126
1625 5.007478
1626 5.007302
1627 0.020844
1628 0.030362
1629 0.035474
1630 0.037589
1631 0.037765
1632 0.037589
1633 0.036708
1634 0.035650
1635 0.034769
1636 0.033535
1637 0.032478
1638 0.031596
1639 0.030715
1640 0.029834
1641 0.029129
1642 0.028600
1643 0.028247
1644 0.027718
1645 0.027542
1646 0.027366
1647 0.027542
1648 0.027718
1649 0.028423
1650 0.029481
1651 0.031067
1652 0.033183
1653 0.035826
1654 0.038647
1655 5.007654
1656 4.999194
1657 5.002014
1658 5.009946
1659 5.008712
1660 5.004834
1661 5.007478
1662 5.008359
1663 5.007831
1664 5.007831
1665 5.007478
1666 5.006597
1667 5.006068
1668 5.008712
1669 5.007831
1670 5.005716
1671 5.009064
1672 5.006597
1673 5.007478
1674 5.006597
1675 5.007654
1676 5.006068
1677 5.008536
1678 5.008007
1679 5.006773
1680 5.007654
1681 5.007478
1682 5.007126
1683 5.008536
1684 0.021020
1685 0.027895
1686 0.034240
1687 0.037237
1688 0.037765
1689 0.037765
1690 0.037060
1691 0.036179
1692 0.035121
1693 0.034064
1694 0.033006
1695 0.031949
1696 0.031067
1697 0.030010
1698 0.029305
1699 0.028776
1700 0.028247
1701 0.027895
1702 0.027542
1703 0.027542
1704 0.027542
1705 0.027718
1706 0.028247
1707 0.029129
1708 0.030362
1709 0.032125
1710 0.034769
1711 0.037589
1712 0.040409
1713 4.999723
1714 4.998313
1715 5.009770
1716 5.013119
1717 5.005892
1718 5.004834
1719 5.008183
1720 5.008536
1721 5.007126
1722 5.006068
1723 5.009241
1724 5.006597
1725 5.005010
1726 5.009241
1727 5.007831
1728 5.008007
1729 5.006421
1730 5.007831
1731 5.010298
1732 5.008536
1733 5.006068
1734 5.005010
1735 5.008536
1736 5.009064
1737 5.006244
1738 5.007302
1739 5.008183
1740 5.008536
1741 5.006597
1742 0.022078
1743 0.031420
1744 0.035826
1745 0.037589
1746 0.037765
1747 0.037237
1748 0.036532
1749 0.035474
1750 0.034593
1751 0.033535
1752 0.032478
1753 0.031244
1754 0.030539
1755 0.029834
1756 0.028952
1757 0.028600
1758 0.028071
1759 0.027718
1760 0.027366
1761 0.027366
1762 0.027366
1763 0.027895
1764 0.028600
1765 0.029657
1766 0.031244
1767 0.033535
1768 0.036179
1769 0.039175
1770 5.008359
1771 5.007478
1772 5.006244
1773 5.006068
1774 5.009241
1775 5.008888
1776 5.006949
1777 5.006773
1778 5.006421
1779 5.008359
1780 5.006949
1781 5.005716
1782 5.008359
1783 5.008007
1784 5.008007
1785 5.007126
1786 5.007831
1787 5.007478
1788 5.006068
1789 5.009064
1790 5.007478
1791 5.005363
1792 5.008712
1793 5.009064
1794 5.005010
1795 5.007654
1796 5.009593
1797 5.006949
1798 5.006949
1799 0.020844
1800 0.029129
1801 0.034945
1802 0.037413
1803 0.038118
1804 0.037765
1805 0.036884
1806 0.035826
1807 0.035121
1808 0.033888
1809 0.033006
1810 0.031772
1811 0.030891
1812 0.030010
1813 0.029305
1814 0.028776
1815 0.028071
1816 0.027895
1817 0.027542
1818 0.027366
1819 0.027366
1820 0.027718
1821 0.028247
1822 0.029305
1823 0.030362
1824 0.032478
1825 0.034945
1826 0.037942
1827 0.040762
1828 5.013471
1829 5.004658
1830 5.002719
1831 5.009770
1832 5.007831
1833 5.005716
1834 5.007831
1835 5.007478
1836 5.006244
1837 5.006773
1838 5.010122
1839 5.008007
1840 5.007302
1841 5.008007
1842 5.007654
1843 5.007302
1844 5.007478
1845 5.007302
1846 5.006421
1847 5.007478
1848 5.008536
1849 5.006421
1850 5.006421
1851 5.006773
1852 5.008007
1853 5.006068
1854 5.006773
1855 5.007654
1856 5.006597
1857 0.023841
1858 0.032301
1859 0.036179
1860 0.037765
1861 0.037765
1862 0.037237
1863 0.036355
1864 0.035298
1865 0.034240
1866 0.033183
1867 0.032301
1868 0.031420
1869 0.030362
1870 0.029481
1871 0.028952
1872 0.028423
1873 0.028071
1874 0.027718
1875 0.027542
1876 0.027366
1877 0.027542
1878 0.027895
1879 0.028600
1880 0.029834
1881 0.031596
1882 0.033888
1883 0.036708
1884 0.039704
1885 4.995669
1886 5.014000
1887 5.013471
1888 5.002895
1889 5.003072
1890 5.008888
1891 5.007831
1892 5.005716
1893 5.008359
1894 5.007654
1895 5.007654
1896 5.006949
1897 5.006949
1898 5.005892
1899 5.008536
1900 5.007831
1901 5.007654
1902 5.005716
1903 5.006068
1904 5.006773
1905 5.008007
1906 5.005716
1907 5.008007
1908 5.007302
1909 5.007302
1910 5.006949
1911 5.005010
1912 5.007654
1913 5.007126
1914 0.020844
1915 0.030362
1916 0.035474
1917 0.037413
1918 0.038118
1919 0.037765
1920 0.036884
1921 0.035826
1922 0.034769
1923 0.033711
1924 0.032830
1925 0.031596
1926 0.030715
1927 0.029834
1928 0.029305
1929 0.028600
1930 0.028247
1931 0.027895
1932 0.027718
1933 0.027542
1934 0.027542
1935 0.027895
1936 0.028423
1937 0.029481
1938 0.030715
1939 0.032830
1940 0.035474
1941 0.038470
1942 5.021755
1943 5.014352
1944 5.003248
1945 5.000780
1946 5.009770
1947 5.010827
1948 5.006597
1949 5.004834
1950 5.008007
1951 5.007831
1952 5.007478
1953 5.007302
1954 5.008183
1955 5.008183
1956 5.007478
1957 5.007302
1958 5.007126
1959 5.008183
1960 5.008183
1961 5.008536
1962 5.005539
1963 5.006421
1964 5.010122
1965 5.006949
1966 5.005010
1967 5.005892
1968 5.009064
1969 5.009064
1970 5.008359
1971 0.049751
1972 0.025603
1973 0.033183
1974 0.036532
1975 0.037765
1976 0.037765
1977 0.037060
1978 0.036179
1979 0.035298
1980 0.034240
1981 0.033183
1982 0.032125
1983 0.031067
1984 0.030186
1985 0.029481
1986 0.028952
1987 0.028247
1988 0.027895
1989 0.027718
1990 0.027366
1991 0.027542
1992 0.027718
1993 0.028071
1994 0.028776
1995 0.030010
1996 0.031949
1997 0.034240
1998 0.037060
1999 0.040233
2000 5.011356
2001 5.001661
2002 5.003953
2003 5.009770
2004 5.007831
2005 5.005716
2006 5.007126
2007 5.007654
2008 5.006421
2009 5.007126
2010 5.009241
2011 5.008359
2012 5.005892
2013 5.007302
2014 5.006773
2015 5.008888
2016 5.007831
2017 5.006068
2018 5.005716
2019 5.009241
2020 5.008536
2021 5.004834
2022 5.005187
2023 5.008888
2024 5.007831
2025 5.005363
2026 5.006068
2027 5.009064
2028 5.008183
2029 0.021549
2030 0.031244
2031 0.035826
2032 0.037765
2033 0.037942
2034 0.037589
2035 0.036708
2036 0.035650
2037 0.034593
2038 0.033535
2039 0.032654
2040 0.031420
2041 0.030715
2042 0.029834
2043 0.029305
2044 0.028423
2045 0.028071
2046 0.027718
2047 0.027366
2048 0.027366
2049 0.027542
2050 0.027895
2051 0.028423
2052 0.029481
2053 0.031067
2054 0.033359
2055 0.036003
2056 0.038647
2057 5.003953
2058 5.006949
2059 5.009064
2060 5.006421
2061 5.004482
2062 5.007654
2063 5.007302
2064 5.006068
2065 5.006773
2066 5.008888
2067 5.007302
2068 5.008359
2069 5.005539
2070 5.007126
2071 5.009946
2072 5.006421
2073 5.002895
2074 5.008888
2075 5.008183
2076 5.005010
2077 5.007126
2078 5.007478
2079 5.008007
2080 5.006949
2081 5.005892
2082 5.008359
2083 5.008359
2084 5.006068
2085 5.006773
2086 0.021373
2087 0.026837
2088 0.033711
2089 0.036884
2090 0.037765
2091 0.037589
2092 0.036884
2093 0.036179
2094 0.035121
2095 0.033888
2096 0.033006
2097 0.031949
2098 0.031067
2099 0.030186
2100 0.029481
2101 0.028952
2102 0.028423
2103 0.027895
2104 0.027542
2105 0.027542
2106 0.027366
2107 0.027718
2108 0.028247
2109 0.029129
2110 0.030539
2111 0.032125
2112 0.034769
2113 0.037413
2114 0.040586
2115 4.996902
2116 5.005187
2117 5.012590
2118 5.008007
2119 5.004834
2120 5.006949
2121 5.008536
2122 5.006597
2123 5.007126
2124 5.007126
2125 5.006597
2126 5.009064
2127 5.009241
2128 5.006244
2129 5.005716
2130 5.007654
2131 5.006244
2132 5.006068
2133 5.006949
2134 5.006597
2135 5.008007
2136 5.008183
2137 5.007478
2138 5.006949
2139 5.006068
2140 5.006244
2141 5.009241
2142 5.007302
2143 5.005539
2144 0.023488
2145 0.032301
2146 0.036355
2147 0.037942
2148 0.037942
2149 0.037413
2150 0.036532
2151 0.035474
2152 0.034593
2153 0.033535
2154 0.032478
2155 0.031420
2156 0.030539
2157 0.029657
2158 0.029129
2159 0.028423
2160 0.028071
2161 0.027718
2162 0.027366
2163 0.027542
2164 0.027718
2165 0.028071
2166 0.028600
2167 0.029657
2168 0.031420
2169 0.033535
2170 0.036179
2171 0.039175
2172 5.000428
2173 5.014000
2174 5.009417
2175 5.003600
2176 5.005187
2177 5.008536
2178 5.008712
2179 5.005187
2180 5.006949
2181 5.008359
2182 5.007478
2183 5.009064
2184 5.008359
2185 5.006068
2186 5.005363
2187 5.006421
2188 5.009064
2189 5.009417
2190 5.006773
2191 5.006068
2192 5.008183
2193 5.007478
2194 5.007302
2195 5.006421
2196 5.007654
2197 5.009417
2198 5.006949
2199 5.006068
2200 5.007302
2201 0.020844
2202 0.028423
2203 0.034416
2204 0.036884
2205 0.037942
2206 0.037589
2207 0.036884
2208 0.036003
2209 0.034945
2210 0.033888
2211 0.033006
2212 0.031772
2213 0.030891
2214 0.030010
2215 0.029305
2216 0.028776
2217 0.028247
2218 0.027718
2219 0.027542
2220 0.027190
2221 0.027366
2222 0.027718
2223 0.028247
2224 0.029129
2225 0.030715
2226 0.032478
2227 0.034945
2228 0.037942
2229 0.040938
2230 5.010122
2231 5.004129
2232 5.006597
2233 5.008888
2234 5.008888
2235 5.005010
2236 5.004305
2237 5.007478
2238 5.009064
2239 5.007654
2240 5.008007
2241 5.007302
2242 5.008007
2243 5.005716
2244 5.006773
2245 5.008888
2246 5.008536
2247 5.006597
2248 5.007831
2249 5.006068
2250 5.007478
2251 5.006597
2252 5.009593
2253 5.008183
2254 5.006068
2255 5.006949
2256 5.008359
2257 5.005716
2258 0.386059
2259 0.025251
2260 0.033006
2261 0.036532
2262 0.037942
2263 0.037765
2264 0.037237
2265 0.036532
2266 0.035474
2267 0.034416
2268 0.033359
2269 0.032125
2270 0.031420
2271 0.030362
2272 0.029657
2273 0.028952
2274 0.028423
2275 0.028071
2276 0.027718
2277 0.027366
2278 0.027542
2279 0.027718
2280 0.027895
2281 0.028776
2282 0.030010
2283 0.031596
2284 0.033888
2285 0.036532
2286 0.039704
2287 5.008536
2288 5.006068
2289 5.008359
2290 5.008183
2291 5.008007
2292 5.006421
2293 5.006421
2294 5.008007
2295 5.006597
2296 5.006244
2297 5.006773
2298 5.008359
2299 5.006421
2300 5.006068
2301 5.008536
2302 5.006597
2303 5.006244
2304 5.008007
2305 5.008888
2306 5.006597
2307 5.006421
2308 5.008536
2309 5.007478
2310 5.005892
2311 5.007831
2312 5.008183
2313 5.006244
2314 5.007478
2315 5.008359
2316 0.020844
2317 0.029305
2318 0.034945
2319 0.037237
2320 0.037942
2321 0.037589
2322 0.036708
2323 0.035826
2324 0.034945
2325 0.033711
2326 0.032830
2327 0.031596
2328 0.030715
2329 0.029834
2330 0.029305
2331 0.028776
2332 0.028247
2333 0.027718
2334 0.027542
2335 0.027366
2336 0.027366
2337 0.027718
2338 0.028600
2339 0.029305
2340 0.030715
2341 0.032830
2342 0.035474
2343 0.038470
2344 3.983747
2345 5.004482
2346 5.007654
2347 5.007478
2348 5.008183
2349 5.006773
2350 5.008536
2351 5.009417
2352 5.007654
2353 5.006949
2354 5.007126
2355 5.007478
2356 5.005010
2357 5.007654
2358 5.008359
2359 5.008183
2360 5.007478
2361 5.007478
2362 5.007302
2363 5.008536
2364 5.007302
2365 5.008183
2366 5.008183
2367 5.007302
2368 5.008888
2369 5.006773
2370 5.005363
2371 5.007831
2372 5.007831
2373 0.022078
2374 0.026661
2375 0.033888
2376 0.036884
2377 0.037942
2378 0.037942
2379 0.037237
2380 0.036355
2381 0.035298
2382 0.034416
2383 0.033183
2384 0.032125
2385 0.031067
2386 0.030362
2387 0.029481
2388 0.028952
2389 0.028247
2390 0.028071
2391 0.027718
2392 0.027366
2393 0.027542
2394 0.027718
2395 0.028071
2396 0.028952
2397 0.030186
2398 0.031949
2399 0.034240
2400 0.036884
2401 0.040057
2402 4.999723
2403 5.000604
2404 5.011003
2405 5.008536
2406 5.005716
2407 5.006773
2408 5.008888
2409 5.008712
2410 5.006597
2411 5.006244
2412 5.006949
2413 5.008888
2414 5.007302
2415 5.007478
2416 5.006421
2417 5.007654
2418 5.005892
2419 5.007478
2420 5.008888
2421 5.007478
2422 5.005363
2423 5.008183
2424 5.007302
2425 5.005716
2426 5.009241
2427 5.008536
2428 5.006244
2429 5.006068
2430 5.007654
2431 0.021020
2432 0.030539
2433 0.035474
2434 0.037413
2435 0.037765
2436 0.037589
2437 0.036708
2438 0.035474
2439 0.034769
2440 0.033535
2441 0.032654
2442 0.031420
2443 0.030539
2444 0.029834
2445 0.029129
2446 0.028776
2447 0.028071
2448 0.027718
2449 0.027366
2450 0.027366
2451 0.027542
2452 0.027895
2453 0.028423
2454 0.029481
2455 0.031067
2456 0.033183
2457 0.035826
2458 0.038823
2459 5.017701
2460 5.006597
2461 5.000780
2462 5.009064
2463 5.009946
2464 5.005539
2465 5.005363
2466 5.008888
2467 5.007831
2468 5.006773
2469 5.007302
2470 5.008536
2471 5.008007
2472 5.007831
2473 5.007478
2474 5.005716
2475 5.009241
2476 5.008007
2477 5.005363
2478 5.007478
2479 5.010475
2480 5.007478
2481 5.005539
2482 5.008183
2483 5.009064
2484 5.006421
2485 5.008183
2486 5.009770
2487 5.004658
2488 0.020844
2489 0.027895
2490 0.034416
2491 0.037060
2492 0.037942
2493 0.037942
2494 0.037060
2495 0.036179
2496 0.035121
2497 0.034064
2498 0.033006
2499 0.031949
2500 0.031067
2501 0.030186
2502 0.029481
2503 0.028776
2504 0.028247
2505 0.027895
2506 0.027542
2507 0.027366
2508 0.027366
2509 0.027718
2510 0.028247
2511 0.028952
2512 0.030362
2513 0.032301
2514 0.034769
2515 0.037413
2516 0.040409
2517 5.004305
2518 5.012942
2519 5.007654
2520 5.005539
2521 5.008536
2522 5.010827
2523 5.006244
2524 5.006597
2525 5.009064
2526 5.009593
2527 5.006597
2528 5.005187
2529 5.008007
2530 5.007654
2531 5.008888
2532 5.005892
2533 5.005539
2534 5.006949
2535 5.007654
2536 5.007654
2537 5.008183
2538 5.008536
2539 5.006949
2540 5.006244
2541 5.008536
2542 5.007831
2543 5.005539
2544 5.007126
2545 5.008359
2546 0.022078
2547 0.031420
2548 0.035826
2549 0.037589
2550 0.037942
2551 0.037237
2552 0.036532
2553 0.035474
2554 0.034593
2555 0.033535
2556 0.032478
2557 0.031244
2558 0.030539
2559 0.029657
2560 0.028776
2561 0.028600
2562 0.028071
2563 0.027718
2564 0.027366
2565 0.027366
2566 0.027366
2567 0.027895
2568 0.028600
2569 0.029657
2570 0.031420
2571 0.033535
2572 0.036355
2573 0.039352
2574 5.000780
2575 4.996021
2576 5.001838
2577 5.012590
2578 5.009593
2579 5.004834
2580 5.006421
2581 5.008888
2582 5.007478
2583 5.007126
2584 5.007654
2585 5.007831
2586 5.007478
2587 5.006244
2588 5.007126
2589 5.008007
2590 5.008183
2591 5.008536
2592 5.007126
2593 5.005010
2594 5.009064
2595 5.007654
2596 5.005716
2597 5.007302
2598 5.008183
2599 5.007478
2600 5.005363
2601 5.006949
2602 5.009946
2603 0.020844
2604 0.029305
2605 0.034945
2606 0.037237
2607 0.037942
2608 0.037589
2609 0.037060
2610 0.036003
2611 0.034945
2612 0.033888
2613 0.032830
2614 0.031772
2615 0.030891
2616 0.030010
2617 0.029481
2618 0.028776
2619 0.028071
2620 0.027895
2621 0.027366
2622 0.027366
2623 0.027366
2624 0.027718
2625 0.028423
2626 0.029305
2627 0.030539
2628 0.032654
2629 0.035121
2630 0.037942
2631 0.040762
2632 5.018230
2633 5.010651
2634 5.000780
2635 5.004482
2636 5.010475
2637 5.007654
2638 5.004658
2639 5.008888
2640 5.009593
2641 5.007478
2642 5.006949
2643 5.007831
2644 5.007831
2645 5.006244
2646 5.005187
2647 5.007302
2648 5.008359
2649 5.007302
2650 5.006773
2651 5.006597
2652 5.009241
2653 5.008536
2654 5.005363
2655 5.005892
2656 5.007478
2657 5.009241
2658 5.005716
2659 5.005892
2660 5.009064
2661 0.024017
2662 0.032301
2663 0.036355
2664 0.037765
2665 0.037942
2666 0.037237
2667 0.036355
2668 0.035298
2669 0.034416
2670 0.033359
2671 0.032301
2672 0.031244
2673 0.030362
2674 0.029657
2675 0.028952
2676 0.028423
2677 0.027895
2678 0.027542
2679 0.027366
2680 0.027190
2681 0.027718
2682 0.028071
2683 0.028600
2684 0.030010
2685 0.031596
2686 0.034064
2687 0.036884
2688 0.039704
2689 5.004482
2690 5.007302
2691 5.008183
2692 5.007654
2693 5.006244
2694 5.006421
2695 5.008183
2696 5.007831
2697 5.006949
2698 5.008536
2699 5.006421
2700 5.005716
2701 5.008536
2702 5.008536
2703 5.006244
2704 5.008888
2705 5.008359
2706 5.006244
2707 5.007831
2708 5.006773
2709 5.009064
2710 5.007126
2711 5.006773
2712 5.007126
2713 5.008183
2714 5.008359
2715 5.007302
2716 5.008888
2717 5.006244
2718 0.020844
2719 0.030539
2720 0.035474
2721 0.037589
2722 0.037942
2723 0.037765
2724 0.036884
2725 0.035826
2726 0.034769
2727 0.033711
2728 0.032830
2729 0.031772
2730 0.030715
2731 0.030010
2732 0.029305
2733 0.028600
2734 0.028247
2735 0.027895
2736 0.027542
2737 0.027366
2738 0.027366
2739 0.027895
2740 0.028247
2741 0.029481
2742 0.031067
2743 0.032830
2744 0.035474
2745 0.038470
2746 5.009064
2747 5.001661
2748 5.002014
2749 5.010475
2750 5.009946
2751 5.005187
2752 5.007126
2753 5.008183
2754 5.006773
2755 5.007831
2756 5.006949
2757 5.008536
2758 5.006949
2759 5.007478
2760 5.008359
2761 5.008536
2762 5.006773
2763 5.006597
2764 5.007478
2765 5.006421
2766 5.007478
2767 5.008007
2768 5.007831
2769 5.008712
2770 5.007126
2771 5.008712
2772 5.007302
2773 5.006949
2774 5.007654
2775 0.026485
2776 0.025780
2777 0.033359
2778 0.036532
2779 0.037765
2780 0.037765
2781 0.037237
2782 0.036355
2783 0.035121
2784 0.034064
2785 0.033183
2786 0.032125
2787 0.031067
2788 0.030186
2789 0.029481
2790 0.028776
2791 0.028247
2792 0.028071
2793 0.027718
2794 0.027542
2795 0.027366
2796 0.027718
2797 0.028071
2798 0.028952
2799 0.030010
2800 0.031949
2801 0.034416
2802 0.037060
2803 0.040233
2804 5.004129
2805 5.003953
2806 5.008536
2807 5.008888
2808 5.006949
2809 5.007478
2810 5.007654
2811 5.005892
2812 5.007126
2813 5.007478
2814 5.007302
2815 5.007654
2816 5.005716
2817 5.007302
2818 5.006244
2819 5.007126
2820 5.008007
2821 5.007478
2822 5.008888
2823 5.005892
2824 5.005010
2825 5.008183
2826 5.009417
2827 5.006597
2828 5.006949
2829 5.007126
2830 5.009064
2831 5.008007
2832 5.006949
2833 0.022431
2834 0.031772
2835 0.036003
2836 0.037765
2837 0.038118
2838 0.037589
2839 0.036708
2840 0.035650
2841 0.034593
2842 0.033711
2843 0.032478
2844 0.031596
2845 0.030715
2846 0.029834
2847 0.029129
2848 0.028600
2849 0.028071
2850 0.027718
2851 0.027366
2852 0.027366
2853 0.027542
2854 0.027895
2855 0.028600
2856 0.029657
2857 0.031067
2858 0.033535
2859 0.036003
2860 0.038999
2861 4.996021
2862 5.011180
2863 5.009946
2864 5.005363
2865 5.006597
2866 5.009064
2867 5.006244
2868 5.006949
2869 5.009770
2870 5.008359
2871 5.008183
2872 5.006773
2873 5.007126
2874 5.008007
2875 5.006597
2876 5.006068
2877 5.006773
2878 5.010122
2879 5.009593
2880 5.005187
2881 5.005716
2882 5.009946
2883 5.007478
2884 5.005716
2885 5.007126
2886 5.008712
2887 5.005892
2888 5.007302
2889 5.009593
2890 0.020844
2891 0.027542
2892 0.034064
2893 0.036884
2894 0.037765
2895 0.037589
2896 0.036884
2897 0.036003
2898 0.035121
2899 0.033888
2900 0.032830
2901 0.031949
2902 0.031067
2903 0.030186
2904 0.029305
2905 0.028776
2906 0.028247
2907 0.027895
2908 0.027542
2909 0.027366
2910 0.027366
2911 0.027542
2912 0.028247
2913 0.029129
2914 0.030362
2915 0.032301
2916 0.034769
2917 0.037942
2918 0.040762
2919 5.009064
2920 5.008183
2921 5.004834
2922 5.005363
2923 5.008183
2924 5.007831
2925 5.005010
2926 5.007654
2927 5.010298
2928 5.005187
2929 5.005892
2930 5.006597
2931 5.008183
2932 5.007478
2933 5.007302
2934 5.009064
2935 5.008007
2936 5.007126
2937 5.008536
2938 5.007831
2939 5.009770
2940 5.007831
2941 5.006421
2942 5.006597
2943 5.008536
2944 5.008712
2945 5.008007
2946 5.006421
2947 5.008536
2948 0.024722
2949 0.032830
2950 0.036532
2951 0.037765
2952 0.037942
2953 0.037413
2954 0.036532
2955 0.035474
2956 0.034416
2957 0.033359
2958 0.032301
2959 0.031420
2960 0.030362
2961 0.029657
2962 0.028952
2963 0.028423
2964 0.028071
2965 0.027542
2966 0.027366
2967 0.027366
2968 0.027542
2969 0.028071
2970 0.028776
2971 0.029834
2972 0.031596
2973 0.033711
2974 0.036355
2975 0.039704
2976 5.006068
2977 5.004305
2978 5.006244
2979 5.008888
2980 5.006773
2981 5.007478
2982 5.007478
2983 5.006597
2984 5.007654
2985 5.007126
2986 5.007302
2987 5.007478
2988 5.006068
2989 5.007478
2990 5.008183
2991 5.007126
2992 5.006068
2993 5.009064
2994 5.008888
2995 5.005187
2996 5.005539
2997 5.008183
2998 5.008359
2999 5.007654
3000 5.008712
3001 5.008712
3002 5.006068
3003 5.004482
3004 5.007831
3005 0.020668
3006 0.029305
3007 0.034945
3008 0.037237
3009 0.037765
3010 0.037589
3011 0.036884
3012 0.035826
3013 0.034769
3014 0.033711
3015 0.032654
3016 0.031596
3017 0.030715
3018 0.029834
3019 0.029129
3020 0.028600
3021 0.028247
3022 0.027718
3023 0.027542
3024 0.027366
3025 0.027542
3026 0.027718
3027 0.028247
3028 0.029481
3029 0.030715
3030 0.032654
3031 0.035298
3032 0.038294
3033 3.419708
3034 5.003248
3035 5.010827
3036 5.008888
3037 5.006421
3038 5.007302
3039 5.008183
3040 5.007478
3041 5.006421
3042 5.007478
3043 5.006421
3044 5.009064
3045 5.006068
3046 5.004834
3047 5.006949
3048 5.010122
3049 5.006773
3050 5.006421
3051 5.008183
3052 5.007654
3053 5.006421
3054 5.007831
3055 5.006244
3056 5.009241
3057 5.005363
3058 5.008183
3059 5.008007
3060 5.006421
3061 5.008536
3062 0.021902
3063 0.026661
3064 0.033711
3065 0.036884
3066 0.037942
3067 0.037942
3068 0.037060
3069 0.036179
3070 0.035474
3071 0.034064
3072 0.033183
3073 0.032125
3074 0.031067
3075 0.030362
3076 0.029481
3077 0.028776
3078 0.028423
3079 0.028071
3080 0.027718
3081 0.027542
3082 0.027366
3083 0.027542
3084 0.028247
3085 0.028776
3086 0.030362
3087 0.031949
3088 0.034416
3089 0.037237
3090 0.040057
3091 5.010827
3092 5.003424
3093 5.003777
3094 5.008712
3095 5.011532
3096 5.006597
3097 5.004482
3098 5.008712
3099 5.008712
3100 5.007478
3101 5.006244
3102 5.009770
3103 5.008007
3104 5.005010
3105 5.008888
3106 5.008359
3107 5.005187
3108 5.007478
3109 5.006421
3110 5.008183
3111 5.006773
3112 5.007126
3113 5.008536
3114 5.006949
3115 5.007302
3116 5.007302
3117 5.007654
3118 5.007302
3119 5.007654
3120 0.020844
3121 0.030715
3122 0.035474
3123 0.037413
3124 0.037765
3125 0.037589
3126 0.036708
3127 0.035650
3128 0.034593
3129 0.033711
3130 0.032478
3131 0.031420
3132 0.030539
3133 0.029657
3134 0.029129
3135 0.028600
3136 0.028247
3137 0.027895
3138 0.027542
3139 0.027366
3140 0.027542
3141 0.027718
3142 0.028600
3143 0.029481
3144 0.031244
3145 0.033359
3146 0.035826
3147 0.038823
3148 5.019640
3149 5.007831
3150 4.999018
3151 5.006949
3152 5.011356
3153 5.005363
3154 5.007302
3155 5.007478
3156 5.006244
3157 5.007126
3158 5.008359
3159 5.006421
3160 5.006421
3161 5.007302
3162 5.007126
3163 5.006597
3164 5.006773
3165 5.006421
3166 5.007478
3167 5.006773
3168 5.005539
3169 5.007654
3170 5.008183
3171 5.005716
3172 5.005892
3173 5.008183
3174 5.008007
3175 5.005716
3176 5.007831
3177 0.020844
3178 0.028600
3179 0.034593
3180 0.037237
3181 0.037942
3182 0.037765
3183 0.037060
3184 0.036179
3185 0.034945
3186 0.034064
3187 0.032830
3188 0.031772
3189 0.031244
3190 0.030010
3191 0.029305
3192 0.028600
3193 0.028247
3194 0.027895
3195 0.027542
3196 0.027366
3197 0.027542
3198 0.027718
3199 0.028423
3200 0.029129
3201 0.030539
3202 0.032301
3203 0.034769
3204 0.037942
3205 0.040762
3206 5.011885
3207 5.005363
3208 5.003600
3209 5.008888
3210 5.009417
3211 5.006597
3212 5.005187
3213 5.007478
3214 5.009241
3215 5.008888
3216 5.006068
3217 5.006773
3218 5.009417
3219 5.006244
3220 5.006244
3221 5.008536
3222 5.007302
3223 5.008183
3224 5.007478
3225 5.007126
3226 5.008183
3227 5.008007
3228 5.008359
3229 5.007831
3230 5.009241
3231 5.007126
3232 5.006773
3233 5.007126
3234 5.008712
3235 0.023488
3236 0.032125
3237 0.036003
3238 0.037589
3239 0.037942
3240 0.037237
3241 0.036532
3242 0.035474
3243 0.034416
3244 0.033183
3245 0.032301
3246 0.031244
3247 0.030539
3248 0.029657
3249 0.028952
3250 0.028423
3251 0.028071
3252 0.027718
3253 0.027366
3254 0.027190
3255 0.027542
3256 0.027895
3257 0.028776
3258 0.029834
3259 0.031596
3260 0.033711
3261 0.036532
3262 0.039528
3263 5.008712
3264 5.006949
3265 5.006421
3266 5.008359
3267 5.009417
3268 5.006068
3269 5.005716
3270 5.009241
3271 5.007654
3272 5.008183
3273 5.006244
3274 5.008183
3275 5.007654
3276 5.006244
3277 5.006949
3278 5.007478
3279 5.007126
3280 5.009064
3281 5.006421
3282 5.006068
3283 5.006949
3284 5.008183
3285 5.006949
3286 5.008359
3287 5.006597
3288 5.006949
3289 5.008359
3290 5.006421
3291 5.004129
3292 0.020844
3293 0.030186
3294 0.035474
3295 0.037589
3296 0.037942
3297 0.037589
3298 0.036884
3299 0.036003
3300 0.034769
3301 0.033888
3302 0.032654
3303 0.031596
3304 0.030715
3305 0.029834
3306 0.029305
3307 0.028776
3308 0.028071
3309 0.027895
3310 0.027542
3311 0.027366
3312 0.027718
3313 0.027718
3314 0.028247
3315 0.029481
3316 0.030891
3317 0.032830
3318 0.035298
3319 0.038470
3320 5.027396
3321 5.019464
3322 5.010122
3323 5.001838
3324 5.005363
3325 5.010122
3326 5.006773
3327 5.004658
3328 5.008359
3329 5.008888
3330 5.007126
3331 5.007478
3332 5.007126
3333 5.007654
3334 5.008536
3335 5.008007
3336 5.006421
3337 5.006949
3338 5.009770
3339 5.008536
3340 5.005892
3341 5.006244
3342 5.008888
3343 5.008007
3344 5.007831
3345 5.005539
3346 5.006597
3347 5.008183
3348 5.007302
3349 0.027190
3350 0.025780
3351 0.033359
3352 0.036532
3353 0.037765
3354 0.037765
3355 0.037060
3356 0.036355
3357 0.035121
3358 0.034064
3359 0.033006
3360 0.032125
3361 0.031067
3362 0.030186
3363 0.029481
3364 0.028776
3365 0.028423
3366 0.028071
3367 0.027542
3368 0.027366
3369 0.027542
3370 0.027542
3371 0.028247
3372 0.028952
3373 0.030186
3374 0.032125
3375 0.034416
3376 0.037237
3377 0.040233
3378 5.002190
3379 5.008536
3380 5.010298
3381 5.006949
3382 5.005010
3383 5.009064
3384 5.009946
3385 5.006597
3386 5.006421
3387 5.008007
3388 5.009770
3389 5.006949
3390 5.006773
3391 5.008007
3392 5.007126
3393 5.005892
3394 5.006244
3395 5.008536
3396 5.007478
3397 5.007126
3398 5.007831
3399 5.007126
3400 5.006949
3401 5.006773
3402 5.007302
3403 5.008536
3404 5.008183
3405 5.005187
3406 5.007302
3407 0.022607
3408 0.031596
3409 0.036179
3410 0.037589
3411 0.037942
3412 0.037413
3413 0.036708
3414 0.035826
3415 0.034593
3416 0.033711
3417 0.032478
3418 0.031420
3419 0.030539
3420 0.029657
3421 0.029305
3422 0.028600
3423 0.028071
3424 0.027718
3425 0.027366
3426 0.027366
3427 0.027718
3428 0.027895
3429 0.028600
3430 0.029481
3431 0.031244
3432 0.033535
3433 0.036003
3434 0.038999
3435 4.989323
3436 5.006597
3437 5.013295
3438 5.007478
3439 5.002895
3440 5.006068
3441 5.007654
3442 5.008183
3443 5.006244
3444 5.006068
3445 5.008007
3446 5.008536
3447 5.006597
3448 5.005539
3449 5.008183
3450 4.647374
3451 4.645788
3452 5.007478
3453 5.006773
3454 4.647727
3455 4.646669
3456 5.005187
3457 5.007478
3458 5.006949
3459 5.008183
3460 5.007126
3461 5.006421
3462 5.005892
3463 5.006421
3464 0.020668
3465 0.027895
3466 0.033535
3467 0.033359
3468 0.037765
3469 0.037589
3470 0.036884
3471 0.036179
3472 0.034945
3473 0.033888
3474 0.033006
3475 0.031949
3476 0.030891
3477 0.030010
3478 0.029481
3479 0.028600
3480 0.028247
3481 0.027895
3482 0.027718
3483 0.027366
3484 0.027542
3485 0.027718
3486 0.028247
3487 0.029129
3488 0.030539
3489 0.032478
3490 0.034945
3491 0.037942
3492 0.040938
3493 5.006421
3494 5.003777
3495 5.009770
3496 5.008183
3497 5.006068
3498 5.007302
3499 5.007478
3500 5.006597
3501 5.005892
3502 5.008007
3503 5.008007
3504 5.008359
3505 5.007126
3506 5.007126
3507 5.008007
3508 5.008536
3509 5.006244
3510 5.006597
3511 5.007302
3512 5.008712
3513 5.005539
3514 5.008712
3515 5.008888
3516 5.004658
3517 5.005716
3518 5.007831
3519 5.007831
3520 5.006421
3521 0.303745
3522 0.025074
3523 0.033006
3524 0.036708
3525 0.037765
3526 0.037942
3527 0.037413
3528 0.036355
3529 0.035298
3530 0.034416
3531 0.033359
3532 0.032301
3533 0.031244
3534 0.030362
3535 0.029657
3536 0.028952
3537 0.028423
3538 0.027895
3539 0.027542
3540 0.027366
3541 0.027190
3542 0.027718
3543 0.028071
3544 0.028600
3545 0.030010
3546 0.031596
3547 0.034064
3548 0.036708
3549 0.039881
3550 5.013824
3551 5.015586
3552 5.006773
3553 5.003248
3554 5.007126
3555 5.011356
3556 5.008183
3557 5.006597
3558 5.006244
3559 5.007302
3560 5.006244
3561 5.008183
3562 5.007831
3563 5.006949
3564 5.007126
3565 5.006773
3566 5.008888
3567 5.008712
3568 5.006949
3569 5.006597
3570 5.007654
3571 5.007654
3572 5.008007
3573 5.008359
3574 5.006421
3575 5.005539
3576 5.007831
3577 5.008712
3578 5.007302
3579 0.020668
3580 0.029834
3581 0.035121
3582 0.037237
3583 0.037942
3584 0.037589
3585 0.036884
3586 0.035650
3587 0.034769
3588 0.033711
3589 0.032654
3590 0.031596
3591 0.030715
3592 0.029834
3593 0.029305
3594 0.028600
3595 0.028247
3596 0.027895
3597 0.027542
3598 0.027366
3599 0.027542
3600 0.027895
3601 0.028423
3602 0.029305
3603 0.030891
3604 0.033006
3605 0.035650
3606 0.038470
3607 4.985622
3608 5.002014
3609 5.006949
3610 5.010122
3611 5.006244
3612 5.006068
3613 5.007478
3614 5.007831
3615 5.005892
3616 5.007302
3617 5.008712
3618 5.007126
3619 5.006421
3620 5.008183
3621 5.008359
3622 5.006244
3623 5.007831
3624 5.007302
3625 5.006244
3626 5.006949
3627 5.009064
3628 5.007478
3629 5.006244
3630 5.006949
3631 5.008536
3632 5.007302
3633 5.006773
3634 5.004834
3635 5.007654
3636 0.021020
3637 0.027366
3638 0.034240
3639 0.036884
3640 0.037942
3641 0.037942
3642 0.037060
3643 0.036179
3644 0.035298
3645 0.034240
3646 0.033183
3647 0.032125
3648 0.031067
3649 0.030362
3650 0.029481
3651 0.028776
3652 0.028247
3653 0.027895
3654 0.027542
3655 0.027542
3656 0.027366
3657 0.027718
3658 0.028071
3659 0.029129
3660 0.030362
3661 0.032125
3662 0.034416
3663 0.037413
3664 0.040233
3665 5.008888
3666 5.009593
3667 5.005539
3668 5.004129
3669 5.007654
3670 5.007126
3671 5.007126
3672 5.007478
3673 5.008888
3674 5.008359
3675 5.006773
3676 5.009417
3677 5.007126
3678 5.006949
3679 5.006068
3680 5.008183
3681 5.009593
3682 5.006068
3683 5.005892
3684 5.009770
3685 5.007654
3686 5.006244
3687 5.008712
3688 5.008712
3689 5.007126
3690 5.006068
3691 5.005539
3692 5.007126
3693 5.007831
3694 0.021902
3695 0.031420
3696 0.035826
3697 0.037589
3698 0.037765
3699 0.037413
3700 0.036532
3701 0.035474
3702 0.034416
3703 0.033535
3704 0.032301
3705 0.031244
3706 0.030539
3707 0.029657
3708 0.029129
3709 0.028423
3710 0.027895
3711 0.027718
3712 0.027366
3713 0.027366
3714 0.027542
3715 0.027895
3716 0.028600
3717 0.029657
3718 0.031244
3719 0.033535
3720 0.036179
3721 0.039352
3722 4.993025
3723 5.005363
3724 5.015057
3725 5.008183
3726 5.000251
3727 5.005716
3728 5.009417
3729 5.006773
3730 5.006949
3731 5.007302
3732 5.007654
3733 5.006068
3734 5.006244
3735 5.008888
3736 5.008888
3737 5.006421
3738 5.006949
3739 5.008888
3740 5.007126
3741 5.006421
3742 5.007302
3743 5.006949
3744 5.006597
3745 5.007478
3746 5.008183
3747 5.008888
3748 5.007126
3749 5.007478
3750 5.007302
3751 0.020844
3752 0.029481
3753 0.035121
3754 0.037237
3755 0.038118
3756 0.037765
3757 0.037060
3758 0.036179
3759 0.034769
3760 0.033711
3761 0.032830
3762 0.031949
3763 0.030891
3764 0.030010
3765 0.029305
3766 0.028600
3767 0.028247
3768 0.027718
3769 0.027366
3770 0.027366
3771 0.027366
3772 0.027718
3773 0.028423
3774 0.029129
3775 0.030715
3776 0.032478
3777 0.035121
3778 0.037942
3779 3.651140
3780 5.006244
3781 5.010122
3782 5.005892
3783 5.004834
3784 5.011356
3785 5.008183
3786 5.005187
3787 5.007478
3788 5.009417
3789 5.008007
3790 5.006421
3791 5.006949
3792 5.008183
3793 5.008888
3794 5.007831
3795 5.006421
3796 5.006949
3797 5.008536
3798 5.006597
3799 5.007478
3800 5.006773
3801 5.007126
3802 5.007126
3803 5.007831
3804 5.008007
3805 5.006421
3806 5.008007
3807 5.007831
3808 4.575988
3809 0.024722
3810 0.032654
3811 0.036355
3812 0.037765
3813 0.037589
3814 0.037237
3815 0.036355
3816 0.035298
3817 0.034240
3818 0.033183
3819 0.032301
3820 0.031067
3821 0.030362
3822 0.029481
3823 0.028952
3824 0.028423
3825 0.027895
3826 0.027718
3827 0.027366
3828 0.027190
3829 0.027718
3830 0.028071
3831 0.028776
3832 0.030010
3833 0.031772
3834 0.034240
3835 0.036708
3836 0.040057
3837 5.001838
3838 5.010651
3839 5.008007
3840 5.005010
3841 5.008536
3842 5.009064
3843 5.006068
3844 5.006068
3845 5.008536
3846 5.006597
3847 5.006244
3848 5.008007
3849 5.007478
3850 5.008712
3851 5.007831
3852 5.006421
3853 5.007654
3854 5.007126
3855 5.005892
3856 5.008359
3857 5.007478
3858 5.007478
3859 5.007478
3860 5.006421
3861 5.008183
3862 5.007478
3863 5.006068
3864 5.007126
3865 5.008536
3866 0.020844
3867 0.030891
3868 0.035650
3869 0.037589
3870 0.037942
3871 0.037589
3872 0.036884
3873 0.035650
3874 0.034769
3875 0.033711
3876 0.032654
3877 0.031772
3878 0.030539
3879 0.030010
3880 0.029129
3881 0.028600
3882 0.028247
3883 0.027895
3884 0.027718
3885 0.027366
3886 0.027542
3887 0.027895
3888 0.028600
3889 0.029481
3890 0.031067
3891 0.033183
3892 0.035650
3893 0.038647
3894 4.998841
3895 5.002190
3896 5.011003
3897 5.009593
3898 5.003600
3899 5.006244
3900 5.009417
3901 5.007302
3902 5.004482
3903 5.007478
3904 5.008359
3905 5.008007
3906 5.007478
3907 5.006949
3908 5.008007
3909 5.006421
3910 5.006068
3911 5.008536
3912 5.009770
3913 5.006068
3914 5.004834
3915 5.008536
3916 5.008007
3917 5.007831
3918 5.006244
3919 5.008359
3920 5.009593
3921 5.007831
3922 5.006773
3923 0.021549
3924 0.026837
3925 0.033711
3926 0.036708
3927 0.037942
3928 0.037765
3929 0.037060
3930 0.036179
3931 0.035121
3932 0.034064
3933 0.033183
3934 0.031949
3935 0.030891
3936 0.030186
3937 0.029305
3938 0.028776
3939 0.028247
3940 0.027895
3941 0.027542
3942 0.027366
3943 0.027190
3944 0.027542
3945 0.028071
3946 0.028952
3947 0.030362
3948 0.032301
3949 0.034769
3950 0.037413
3951 0.040409
3952 5.002367
3953 5.009241
3954 5.008536
3955 5.006068
3956 5.009241
3957 5.008359
3958 5.004658
3959 5.007126
3960 5.009770
3961 5.006773
3962 5.007126
3963 5.007302
3964 5.009064
3965 5.007302
3966 5.005892
3967 5.007831
3968 5.007831
3969 5.007126
3970 5.007478
3971 5.006597
3972 5.006949
3973 5.009241
3974 5.007126
3975 5.005363
3976 5.007654
3977 5.008536
3978 5.007302
3979 5.006068
3980 5.006244
3981 0.023488
3982 0.032478
3983 0.036355
3984 0.037589
3985 0.037942
3986 0.037413
3987 0.036532
3988 0.035474
3989 0.034416
3990 0.033535
3991 0.032478
3992 0.031244
3993 0.030539
3994 0.029657
3995 0.029305
3996 0.028423
3997 0.028071
3998 0.027718
3999 0.027542
4000 0.027366
4001 0.027542
4002 0.028071
4003 0.028776
4004 0.030010
4005 0.031420
4006 0.033535
4007 0.036355
4008 0.039352
4009 4.984212
4010 4.997960
4011 5.011532
4012 5.010651
4013 5.004482
4014 5.006421
4015 5.009241
4016 5.005539
4017 5.007654
4018 5.008712
4019 5.007302
4020 5.006773
4021 5.006421
4022 5.006949
4023 5.009241
4024 5.007126
4025 5.006421
4026 5.007831
4027 5.009593
4028 5.006949
4029 5.006597
4030 5.009064
4031 5.009064
4032 5.005716
4033 5.006421
4034 5.007654
4035 5.008183
4036 5.006068
4037 5.006244
4038 0.020668
4039 0.028776
4040 0.034593
4041 0.037237
4042 0.037942
4043 0.037589
4044 0.036884
4045 0.035826
4046 0.034945
4047 0.033711
4048 0.032654
4049 0.031772
4050 0.030891
4051 0.030010
4052 0.029305
4053 0.028600
4054 0.028247
4055 0.027895
4056 0.027366
4057 0.027366
4058 0.027718
4059 0.027718
4060 0.028423
4061 0.029305
4062 0.030539
4063 0.032654
4064 0.035121
4065 0.038118
4066 0.041291
4067 5.003072
4068 5.015762
4069 5.009064
4070 5.002895
4071 5.006773
4072 5.010475
4073 5.008007
4074 5.005716
4075 5.008007
4076 5.008888
4077 5.006068
4078 5.007302
4079 5.009417
4080 5.006949
4081 5.005892
4082 5.009417
4083 5.007478
4084 5.007831
4085 5.006421
4086 5.006421
4087 5.008183
4088 5.008183
4089 5.008359
4090 5.006068
4091 5.008359
4092 5.008359
4093 5.007831
4094 5.006244
4095 0.025780
4096 0.025956
4097 0.033535
4098 0.036708
4099 0.037942
4100 0.037942
4101 0.037237
4102 0.036355
4103 0.035474
4104 0.034240
4105 0.033183
4106 0.032125
4107 0.031244
4108 0.030362
4109 0.029657
4110 0.029129
4111 0.028423
4112 0.027895
4113 0.027718
4114 0.027542
4115 0.027366
4116 0.027542
4117 0.028071
4118 0.028776
4119 0.030010
4120 0.031949
4121 0.034240
4122 0.036884
4123 0.040057
4124 5.014352
4125 5.001485
4126 5.002543
4127 5.012413
4128 5.009064
4129 5.005716
4130 5.006597
4131 5.008712
4132 5.007478
4133 5.006597
4134 5.007654
4135 5.008007
4136 5.007831
4137 5.008536
4138 5.007654
4139 5.005716
4140 5.007302
4141 5.008007
4142 5.005892
4143 5.008712
4144 5.008359
4145 5.006068
4146 5.008183
4147 5.008183
4148 5.006068
4149 5.005716
4150 5.008536
4151 5.008183
4152 5.004129
4153 0.020844
4154 0.030186
4155 0.035474
4156 0.037413
4157 0.037942
4158 0.037589
4159 0.036708
4160 0.035650
4161 0.034769
4162 0.033711
4163 0.032654
4164 0.031596
4165 0.030715
4166 0.030010
4167 0.029129
4168 0.028423
4169 0.028071
4170 0.027718
4171 0.027366
4172 0.027190
4173 0.027366
4174 0.027718
4175 0.028600
4176 0.029481
4177 0.031244
4178 0.033183
4179 0.035826
4180 0.038823
4181 5.001133
4182 5.007478
4183 5.008712
4184 5.006421
4185 5.006949
4186 5.006421
4187 5.008007
4188 5.006421
4189 5.008888
4190 5.008888
4191 5.006244
4192 5.004834
4193 5.009593
4194 5.007126
4195 5.004834
4196 5.007654
4197 5.009241
4198 5.007126
4199 5.007831
4200 5.009417
4201 5.007302
4202 5.006773
4203 5.006949
4204 5.006773
4205 5.010827
4206 5.006421
4207 5.006421
4208 5.007478
4209 5.008007
4210 0.021020
4211 0.028071
4212 0.034240
4213 0.036884
4214 0.037942
4215 0.037942
4216 0.037060
4217 0.036003
4218 0.035121
4219 0.034064
4220 0.033006
4221 0.032125
4222 0.030891
4223 0.030186
4224 0.029305
4225 0.028776
4226 0.028247
4227 0.027895
4228 0.027542
4229 0.027366
4230 0.027366
4231 0.027718
4232 0.028071
4233 0.029129
4234 0.030362
4235 0.032301
4236 0.034593
4237 0.037413
4238 0.040586
4239 4.995316
4240 5.000604
4241 5.012237
4242 5.008183
4243 5.005187
4244 5.008183
4245 5.008183
4246 5.006244
4247 5.005716
4248 5.008007
4249 5.008888
4250 5.006421
4251 5.008536
4252 5.007831
4253 5.006068
4254 5.007302
4255 5.009064
4256 5.006244
4257 5.004482
4258 5.008359
4259 5.008359
4260 5.007302
4261 5.004482
4262 5.006421
4263 5.009241
4264 5.007302
4265 5.005010
4266 5.007126
4267 5.008183
4268 0.022254
4269 0.031596
4270 0.036003
4271 0.037589
4272 0.037765
4273 0.037413
4274 0.036532
4275 0.035474
4276 0.034416
4277 0.033535
4278 0.032301
4279 0.031244
4280 0.030362
4281 0.029657
4282 0.029129
4283 0.028423
4284 0.028071
4285 0.027718
4286 0.027366
4287 0.027366
4288 0.027542
4289 0.028071
4290 0.028600
4291 0.029834
4292 0.031420
4293 0.033711
4294 0.036532
4295 0.039352
4296 4.989852
4297 4.994964
4298 5.009241
4299 5.011532
4300 5.005539
4301 5.003072
4302 5.008007
4303 5.009241
4304 5.007126
4305 5.006244
4306 5.007654
4307 5.008183
4308 5.006244
4309 5.007126
4310 5.008183
4311 5.009064
4312 5.007478
4313 5.007126
4314 5.006773
4315 5.007126
4316 5.008888
4317 5.007302
4318 5.004305
4319 5.008536
4320 5.008359
4321 5.004658
4322 5.007302
4323 5.008888
4324 5.007126
4325 0.020844
4326 0.029657
4327 0.035121
4328 0.037589
4329 0.038118
4330 0.037765
4331 0.037060
4332 0.036003
4333 0.034945
4334 0.033888
4335 0.033006
4336 0.031772
4337 0.030891
4338 0.030010
4339 0.029481
4340 0.028776
4341 0.028247
4342 0.027718
4343 0.027718
4344 0.027190
4345 0.027542
4346 0.027718
4347 0.028423
4348 0.029305
4349 0.030891
4350 0.032654
4351 0.035298
4352 0.038294
4353 4.771111
4354 5.005892
4355 5.004834
4356 5.009417
4357 5.008888
4358 5.005187
4359 5.007302
4360 5.009946
4361 5.006773
4362 5.005539
4363 5.008183
4364 5.008888
4365 5.005716
4366 5.006421
4367 5.008888
4368 5.008536
4369 5.005892
4370 5.006244
4371 5.008888
4372 5.006597
4373 5.004305
4374 5.008359
4375 5.007478
4376 5.007478
4377 5.008359
4378 5.007654
4379 5.008888
4380 5.007478
4381 5.007478
4382 1.063964
4383 0.024898
4384 0.032830
4385 0.036179
4386 0.037589
4387 0.037942
4388 0.037237
4389 0.036355
4390 0.035298
4391 0.034416
4392 0.033006
4393 0.032125
4394 0.031244
4395 0.030362
4396 0.029657
4397 0.028952
4398 0.028247
4399 0.027895
4400 0.027718
4401 0.027366
4402 0.027366
4403 0.027542
4404 0.028071
4405 0.028776
4406 0.030186
4407 0.031772
4408 0.034064
4409 0.036884
4410 0.040057
4411 5.008888
4412 5.016644
4413 5.009946
4414 5.002190
4415 5.005363
4416 5.010827
4417 5.007302
4418 5.002895
4419 5.009417
4420 5.010298
4421 5.004834
4422 5.005716
4423 5.009417
4424 5.009417
4425 5.005716
4426 5.008183
4427 5.008183
4428 5.005010
4429 5.006597
4430 5.007831
4431 5.007478
4432 5.006949
4433 5.006244
4434 5.009770
4435 5.008888
4436 5.004658
4437 5.006421
4438 5.008888
4439 5.008359
4440 0.021197
4441 0.031244
4442 0.035650
4443 0.037589
4444 0.038118
4445 0.037589
4446 0.036708
4447 0.035826
4448 0.034769
4449 0.033711
4450 0.032654
4451 0.031596
4452 0.030539
4453 0.030010
4454 0.029305
4455 0.028600
4456 0.028071
4457 0.027895
4458 0.027366
4459 0.027366
4460 0.027542
4461 0.027895
4462 0.028423
4463 0.029481
4464 0.031067
4465 0.033006
4466 0.035650
4467 0.038823
4468 4.995845
4469 5.003600
4470 5.010298
4471 5.008536
4472 5.006421
4473 5.006068
4474 5.007831
4475 5.006244
4476 5.008007
4477 5.007126
4478 5.007654
4479 5.005892
4480 5.008888
4481 5.007126
4482 5.005187
4483 5.008359
4484 5.009241
4485 5.007302
4486 5.005892
4487 5.006597
4488 5.008183
4489 5.007478
4490 5.007126
4491 5.006773
4492 5.008007
4493 5.006068
4494 5.007302
4495 5.006244
4496 5.005187
4497 0.021373
4498 0.027013
4499 0.033888
4500 0.036884
4501 0.037765
4502 0.037765
4503 0.037060
4504 0.036003
4505 0.035121
4506 0.034064
4507 0.033183
4508 0.031949
4509 0.031244
4510 0.030186
4511 0.029305
4512 0.028776
4513 0.028247
4514 0.027895
4515 0.027542
4516 0.027366
4517 0.027542
4518 0.027718
4519 0.028071
4520 0.029129
4521 0.030362
4522 0.032301
4523 0.034593
4524 0.037413
4525 0.040409
4526 5.009593
4527 4.999546
4528 5.000956
4529 5.012237
4530 5.009770
4531 5.004834
4532 5.007831
4533 5.008536
4534 5.007654
4535 5.006421
4536 5.006597
4537 5.008183
4538 5.006244
4539 5.008007
4540 5.006597
4541 5.007654
4542 5.006597
4543 5.008536
4544 5.008536
4545 5.008183
4546 5.008183
4547 5.005539
4548 5.008007
4549 5.008888
4550 5.005892
4551 5.005010
4552 5.009770
4553 5.007302
4554 5.005187
4555 0.023841
4556 0.032301
4557 0.036532
4558 0.037765
4559 0.037942
4560 0.037589
4561 0.036532
4562 0.035650
4563 0.034593
4564 0.033359
4565 0.032301
4566 0.031596
4567 0.030539
4568 0.029834
4569 0.029129
4570 0.028423
4571 0.028071
4572 0.027718
4573 0.027718
4574 0.027366
4575 0.027366
4576 0.028071
4577 0.028600
4578 0.029834
4579 0.031420
4580 0.033711
4581 0.036355
4582 0.039352
4583 5.012413
4584 5.008007
4585 5.003072
4586 5.008007
4587 5.009593
4588 5.007654
4589 5.006773
4590 5.006773
4591 5.008007
4592 5.007478
4593 5.008007
4594 5.007478
4595 5.006421
4596 5.009417
4597 5.007126
4598 5.006773
4599 5.007302
4600 5.009064
4601 5.006949
4602 5.006597
4603 5.008536
4604 5.006949
4605 5.007302
4606 5.008183
4607 5.007302
4608 5.007831
4609 5.008888
4610 5.008888
4611 5.005716
4612 0.020668
4613 0.028776
4614 0.034769
4615 0.037060
4616 0.037942
4617 0.037589
4618 0.036884
4619 0.035826
4620 0.034769
4621 0.033888
4622 0.032830
4623 0.031949
4624 0.030891
4625 0.030010
4626 0.029305
4627 0.028600
4628 0.028247
4629 0.027895
4630 0.027542
4631 0.027366
4632 0.027366
4633 0.027718
4634 0.028423
4635 0.029305
4636 0.030891
4637 0.032654
4638 0.035298
4639 0.038118
4640 0.041114
4641 4.996550
4642 5.012766
4643 5.011532
4644 5.004482
4645 5.004834
4646 5.009946
4647 5.008888
4648 5.005892
4649 5.008183
4650 5.008536
4651 5.006949
4652 5.007302
4653 5.008007
4654 5.008359
4655 5.006597
4656 5.006421
4657 5.009064
4658 5.008007
4659 5.004305
4660 5.007302
4661 5.010298
4662 5.008183
4663 5.005010
4664 5.008183
4665 5.007831
4666 5.003600
4667 5.005892
4668 5.011003
4669 0.023841
4670 0.026132
4671 0.033535
4672 0.036708
4673 0.037942
4674 0.037942
4675 0.037237
4676 0.036179
4677 0.035298
4678 0.034240
4679 0.033183
4680 0.032125
4681 0.031067
4682 0.030362
4683 0.029481
4684 0.028776
4685 0.028247
4686 0.027895
4687 0.027542
4688 0.027542
4689 0.027542
4690 0.027542
4691 0.028071
4692 0.028952
4693 0.030186
4694 0.032125
4695 0.034240
4696 0.037060
4697 0.040057
4698 5.001661
4699 5.005187
4700 5.011003
4701 5.006773
4702 5.007478
4703 5.006949
4704 5.007302
4705 5.008359
4706 5.007654
4707 5.005187
4708 5.009417
4709 5.005716
4710 5.008183
4711 5.007654
4712 5.006244
4713 5.008007
4714 5.007831
4715 5.007302
4716 5.007302
4717 5.006597
4718 5.007302
4719 5.009770
4720 5.009064
4721 5.005892
4722 5.006949
4723 5.006244
4724 5.007478
4725 5.006773
4726 5.007654
4727 0.020844
4728 0.030362
4729 0.035298
4730 0.037413
4731 0.037942
4732 0.037413
4733 0.036884
4734 0.035474
4735 0.034769
4736 0.033535
4737 0.032478
4738 0.031596
4739 0.030715
4740 0.029834
4741 0.029129
4742 0.028600
4743 0.028071
4744 0.027718
4745 0.027366
4746 0.027366
4747 0.027366
4748 0.027895
4749 0.028423
4750 0.029657
4751 0.031067
4752 0.033183
4753 0.035826
4754 0.038823
4755 4.999018
4756 5.006421
4757 5.009770
4758 5.006068
4759 5.004482
4760 5.008888
4761 5.009064
4762 5.005892
4763 5.006068
4764 5.009241
4765 5.009417
4766 5.006244
4767 5.006068
4768 5.007126
4769 5.007831
4770 5.005539
4771 5.005716
4772 5.009417
4773 5.007126
4774 5.006773
4775 5.008359
4776 5.008007
4777 5.007654
4778 5.008183
4779 5.006773
4780 5.007126
4781 5.008888
4782 5.007478
4783 5.005539
4784 0.020844
4785 0.028247
4786 0.034593
4787 0.037237
4788 0.038118
4789 0.037765
4790 0.037060
4791 0.036179
4792 0.034945
4793 0.034064
4794 0.033006
4795 0.032125
4796 0.030891
4797 0.030186
4798 0.029481
4799 0.028776
4800 0.028247
4801 0.027895
4802 0.027542
4803 0.027366
4804 0.027366
4805 0.027718
4806 0.028247
4807 0.028952
4808 0.030539
4809 0.032301
4810 0.034593
4811 0.037765
4812 0.040586
4813 4.991086
4814 5.004129
4815 5.014000
4816 5.007831
4817 5.003953
4818 5.008888
4819 5.009770
4820 5.007478
4821 5.005892
4822 5.007126
4823 5.008536
4824 5.007478
4825 5.008007
4826 5.006597
4827 5.006773
4828 5.005363
4829 5.008007
4830 5.007654
4831 5.004658
4832 5.009064
4833 5.007831
4834 5.006773
4835 5.005187
4836 5.006949
4837 5.008359
4838 5.008888
4839 5.006773
4840 5.004482
4841 5.009593
4842 0.022783
4843 0.031772
4844 0.036003
4845 0.037589
4846 0.037942
4847 0.037413
4848 0.036355
4849 0.035474
4850 0.034240
4851 0.033359
4852 0.032478
4853 0.031244
4854 0.030362
4855 0.029657
4856 0.029129
4857 0.028423
4858 0.027895
4859 0.027718
4860 0.027542
4861 0.027190
4862 0.027542
4863 0.027895
4864 0.028600
4865 0.029834
4866 0.031420
4867 0.033711
4868 0.036355
4869 0.039352
4870 4.998841
4871 5.011532
4872 5.011003
4873 5.004305
4874 5.006949
4875 5.010298
4876 5.006244
4877 5.005716
4878 5.008359
4879 5.008007
4880 5.008183
4881 5.004834
4882 5.009064
4883 5.009064
4884 5.002895
4885 5.006068
4886 5.011003
4887 5.008712
4888 5.006597
4889 5.007126
4890 5.006773
4891 5.008712
4892 5.007654
4893 5.007126
4894 5.006068
4895 5.008536
4896 5.009241
4897 5.007126
4898 5.005187
4899 0.020844
4900 0.029834
4901 0.035298
4902 0.037413
4903 0.038118
4904 0.037942
4905 0.036884
4906 0.035826
4907 0.034945
4908 0.033888
4909 0.032830
4910 0.031596
4911 0.030891
4912 0.030010
4913 0.029305
4914 0.028776
4915 0.028247
4916 0.027895
4917 0.027542
4918 0.027366
4919 0.027366
4920 0.027895
4921 0.028423
4922 0.029305
4923 0.030715
4924 0.032830
4925 0.035474
4926 0.038118
4927 4.979276
4928 5.004305
4929 5.000075
4930 5.009064
4931 5.010122
4932 5.005716
4933 5.006773
4934 5.006421
4935 5.007126
4936 5.007126
4937 5.006773
4938 5.007126
4939 5.010651
4940 5.005716
4941 5.006421
4942 5.008007
4943 5.007831
4944 5.006421
4945 5.008712
4946 5.008359
4947 5.006949
4948 5.007302
4949 5.008183
4950 5.008183
4951 5.006068
4952 5.007126
4953 5.007831
4954 5.007302
4955 5.007126
4956 0.142113
4957 0.025251
4958 0.033006
4959 0.036532
4960 0.037589
4961 0.037589
4962 0.037060
4963 0.036179
4964 0.035121
4965 0.034064
4966 0.033183
4967 0.032125
4968 0.031067
4969 0.030362
4970 0.029657
4971 0.028952
4972 0.028423
4973 0.027718
4974 0.027542
4975 0.027542
4976 0.027366
4977 0.027542
4978 0.027895
4979 0.028776
4980 0.030362
4981 0.031949
4982 0.034240
4983 0.037060
4984 0.040057
4985 5.012061
4986 5.001485
4987 5.005187
4988 5.010475
4989 5.009064
4990 5.005363
4991 5.007831
4992 5.009064
4993 5.006068
4994 5.005539
4995 5.005716
4996 5.007831
4997 5.006421
4998 5.008536
4999 5.006068
