1 -0.018609
2 -0.018609
3 -0.018256
4 0.004982
5 0.004982
6 -0.018256
7 -0.017904
8 0.004982
9 0.004629
10 0.004982
11 0.004629
12 -0.018609
13 -0.018256
14 -0.018609
15 -0.018256
16 -0.018609
17 -0.018256
18 -0.018609
19 -0.018256
20 -0.018256
21 -0.018256
22 0.004982
23 -0.018256
24 -0.018256
25 -0.018256
26 0.004982
27 0.004982
28 0.004629
29 0.004982
30 0.004982
31 0.004982
32 -0.018609
33 0.004277
34 -0.018256
35 -0.017552
36 0.003925
37 -0.017552
38 0.004629
39 -0.017552
40 -0.017904
41 0.004982
42 0.004982
43 -0.018609
44 -0.018256
45 -0.018256
46 -0.018256
47 -0.018256
48 -0.018609
49 -0.018256
50 -0.018256
51 -0.018609
52 -0.018609
53 -0.018609
54 -0.018256
55 -0.018609
56 -0.018256
57 -0.018609
58 -0.018609
59 -0.018256
60 -0.018609
61 -0.018256
62 -0.018609
63 -0.018256
64 -0.018256
65 -0.018256
66 -0.018256
67 -0.018256
68 -0.018256
69 -0.018256
70 -0.018256
71 -0.018256
72 -0.018256
73 -0.018256
74 -0.017552
75 0.004982
76 0.004982
77 0.004982
78 0.004982
79 0.004982
80 0.004629
81 -0.017552
82 -0.018256
83 -0.018609
84 0.004629
85 0.004982
86 -0.018609
87 -0.018609
88 -0.017552
89 0.004982
90 -0.017552
91 0.004982
92 -0.018256
93 0.004982
94 0.004277
95 -0.017552
96 -0.017552
97 -0.018609
98 -0.018256
99 0.004982
100 -0.018256
101 -0.018256
102 0.004982
103 -0.018609
104 0.004982
105 -0.018256
106 0.004982
107 -0.017552
108 0.004982
109 0.004629
110 0.004982
111 0.004982
112 -0.017552
113 -0.018256
114 0.004982
115 0.004277
116 0.004277
117 -0.017552
118 0.004982
119 0.004982
120 -0.018609
121 -0.017904
122 0.004982
123 -0.017552
124 0.004982
125 -0.017904
126 -0.017552
127 -0.017552
128 -0.017552
129 0.004982
130 -0.018256
131 -0.017552
132 0.004982
133 0.004982
134 0.004982
135 -0.017552
136 -0.018609
137 0.004982
138 0.005334
139 0.004982
140 0.004982
141 0.004982
142 0.004982
143 0.005334
144 0.004982
145 -0.017552
146 -0.017552
147 0.004629
148 0.004629
149 0.004982
150 0.004277
151 -0.018256
152 -0.017552
153 0.004277
154 0.004982
155 -0.018256
156 0.004982
157 0.004982
158 0.004277
159 0.004277
160 0.004982
161 0.004982
162 0.004982
163 -0.018256
164 0.004277
165 0.004629
166 0.004982
167 -0.018256
168 -0.018256
169 -0.018256
170 -0.018256
171 -0.018256
172 0.004277
173 -0.017552
174 0.004629
175 0.004982
176 0.004982
177 0.004629
178 0.004982
179 -0.018256
180 0.004982
181 0.004629
182 -0.018256
183 -0.018256
184 -0.018256
185 -0.017552
186 0.004982
187 -0.017552
188 -0.017552
189 0.004982
190 0.004277
191 0.004982
192 0.004982
193 -0.018609
194 0.004982
195 0.004982
196 0.004982
197 0.004629
198 0.004982
199 0.004982
200 -0.017552
201 -0.018256
202 0.004982
203 0.004277
204 0.004982
205 0.004982
206 0.005334
207 -0.017552
208 0.004982
209 0.004982
210 0.004982
211 0.004982
212 0.004982
213 -0.018256
214 -0.017552
215 -0.017552
216 -0.018609
217 0.004982
218 0.004277
219 0.004277
220 0.004982
221 0.004982
222 0.004982
223 -0.018609
224 -0.018256
225 0.004629
226 -0.018256
227 0.004982
228 0.004982
229 0.005334
230 0.004982
231 -0.017552
232 -0.017552
233 0.004982
234 0.004982
235 0.004982
236 0.005334
237 0.004982
238 0.004277
239 0.004982
240 -0.017552
241 0.004982
242 0.004982
243 0.004629
244 0.004982
245 0.004629
246 -0.017552
247 0.004277
248 -0.018256
249 0.004277
250 0.004982
251 -0.018256
252 -0.018256
253 -0.017552
254 -0.018256
255 -0.017552
256 -0.018256
257 -0.018256
258 -0.018609
259 -0.018256
260 0.004277
261 -0.018256
262 0.004277
263 0.004277
264 -0.018256
265 -0.018256
266 -0.018256
267 -0.017552
268 -0.018256
269 -0.018256
270 -0.018609
271 -0.018609
272 -0.018609
273 -0.018609
274 -0.018256
275 0.004982
276 0.004982
277 0.004982
278 0.004982
279 -0.018256
280 -0.018256
281 -0.017552
282 -0.017552
283 -0.018609
284 -0.017552
285 -0.017904
286 -0.018609
287 -0.017904
288 -0.018256
289 -0.018256
290 -0.018609
291 -0.018256
292 -0.018256
293 -0.018609
294 -0.018609
295 -0.017552
296 -0.018256
297 -0.018256
298 -0.018256
299 -0.018256
300 0.004277
301 -0.018256
302 -0.018256
303 -0.018609
304 -0.018609
305 -0.017552
306 -0.018609
307 -0.018609
308 0.004982
309 0.004982
310 0.004982
311 0.004982
312 -0.018256
313 -0.018256
314 -0.018609
315 -0.017904
316 -0.018609
317 -0.017904
318 0.004629
319 -0.018256
320 -0.018609
321 -0.018256
322 -0.018256
323 0.004982
324 -0.018609
325 -0.017552
326 -0.018256
327 -0.018256
328 -0.018256
329 -0.018256
330 -0.018256
331 0.004277
332 -0.017552
333 -0.017552
334 -0.018256
335 -0.018256
336 -0.018609
337 -0.017552
338 -0.018256
339 -0.018256
340 0.004277
341 0.004629
342 0.004982
343 0.004629
344 0.004982
345 -0.018609
346 -0.018609
347 -0.018256
348 -0.018256
349 -0.018256
350 -0.017552
351 -0.018609
352 -0.018256
353 -0.018256
354 0.004629
355 -0.018256
356 -0.018256
357 -0.018609
358 -0.018256
359 -0.017552
360 -0.018256
361 -0.017552
362 -0.018256
363 0.004982
364 -0.017552
365 -0.017552
366 -0.018609
367 -0.018256
368 -0.017552
369 -0.018609
370 -0.018256
371 -0.018256
372 -0.018609
373 -0.018256
374 -0.018256
375 -0.018256
376 -0.018256
377 -0.018609
378 -0.018256
379 -0.018256
380 -0.018609
381 -0.018256
382 -0.018609
383 -0.018609
384 -0.018609
385 -0.018256
386 -0.018609
387 -0.018256
388 -0.018256
389 -0.018256
390 -0.018256
391 -0.018609
392 -0.018256
393 -0.018256
394 0.004982
395 -0.018609
396 -0.017552
397 -0.018256
398 0.004277
399 -0.018256
400 -0.018609
401 -0.018256
402 -0.018256
403 -0.018609
404 -0.018256
405 -0.018256
406 -0.018256
407 -0.018609
408 -0.017904
409 0.004629
410 0.004629
411 0.004629
412 -0.018256
413 -0.017552
414 -0.018609
415 -0.017552
416 -0.018256
417 0.005334
418 -0.018256
419 -0.018256
420 -0.018609
421 -0.018256
422 -0.018256
423 0.004277
424 -0.018609
425 -0.018256
426 -0.018609
427 -0.018256
428 -0.018256
429 -0.017552
430 -0.018256
431 -0.018256
432 -0.018609
433 -0.018256
434 0.004982
435 -0.018256
436 -0.017552
437 -0.017552
438 -0.018256
439 -0.018256
440 -0.018256
441 -0.017552
442 0.004982
443 0.004982
444 0.004982
445 -0.018256
446 0.004982
447 -0.018256
448 -0.017552
449 -0.018256
450 -0.018256
451 -0.018609
452 -0.018256
453 -0.018609
454 -0.018256
455 -0.018256
456 -0.018256
457 0.003925
458 -0.018256
459 -0.017552
460 -0.018609
461 0.004982
462 -0.018256
463 -0.018256
464 -0.018256
465 -0.018256
466 -0.017552
467 -0.017200
468 -0.018609
469 -0.018256
470 -0.017552
471 -0.018256
472 -0.018609
473 -0.018609
474 0.004982
475 0.004629
476 0.004982
477 0.004629
478 0.004982
479 -0.018256
480 -0.018256
481 -0.018609
482 -0.018609
483 -0.018256
484 -0.018256
485 -0.018256
486 -0.018256
487 -0.017552
488 -0.018256
489 -0.018256
490 -0.017904
491 -0.018256
492 0.004277
493 -0.017552
494 -0.018256
495 -0.018609
496 -0.018256
497 -0.017552
498 -0.018256
499 0.003925
500 -0.018256
501 -0.018609
502 0.004982
503 0.003925
504 -0.018256
505 -0.018609
506 0.004982
507 0.004982
508 0.004982
509 0.004982
510 0.004982
511 0.004982
512 -0.018609
513 -0.018256
514 -0.017552
515 0.004982
516 -0.017552
517 0.004277
518 0.004277
519 0.004277
520 -0.018609
521 -0.017552
522 0.003925
523 -0.018609
524 0.004982
525 -0.017552
526 -0.017200
527 -0.017552
528 -0.017552
529 0.004982
530 0.004982
531 -0.017552
532 0.004982
533 -0.018256
534 -0.017552
535 0.004982
536 -0.018256
537 0.004982
538 -0.017552
539 0.004982
540 0.004982
541 0.004982
542 0.004629
543 0.004982
544 0.004982
545 0.004982
546 -0.018609
547 0.004982
548 0.004629
549 0.003925
550 0.004629
551 -0.018609
552 -0.018256
553 0.003925
554 0.004982
555 0.004629
556 -0.017552
557 0.004982
558 0.004982
559 0.005334
560 0.004982
561 -0.018609
562 0.004982
563 0.004629
564 0.004982
565 -0.018256
566 -0.017552
567 0.004982
568 -0.017552
569 0.004982
570 0.004982
571 -0.017552
572 -0.017552
573 -0.017552
574 0.004982
575 0.004982
576 0.004982
577 0.004982
578 0.004982
579 -0.017904
580 0.004982
581 -0.018256
582 -0.018256
583 -0.018256
584 -0.018256
585 -0.017552
586 0.004982
587 0.004629
588 -0.018256
589 -0.017552
590 0.004982
591 -0.017904
592 -0.018609
593 0.004982
594 0.004629
595 0.003925
596 -0.017904
597 0.004629
598 0.004629
599 0.004982
600 0.004982
601 -0.018256
602 0.003925
603 0.004982
604 0.004629
605 -0.018256
606 -0.018256
607 -0.018256
608 0.004982
609 -0.018256
610 0.004982
611 0.004982
612 0.004629
613 0.004982
614 -0.017552
615 0.004277
616 -0.018256
617 0.004629
618 0.004982
619 -0.017904
620 0.003925
621 0.004982
622 0.004629
623 -0.018256
624 -0.018256
625 0.004982
626 -0.017552
627 0.004982
628 0.004277
629 -0.017552
630 0.004982
631 0.004629
632 -0.018256
633 0.003925
634 -0.018256
635 0.004629
636 0.004982
637 -0.018609
638 0.004629
639 -0.017552
640 -0.018609
641 0.004629
642 -0.018256
643 0.004982
644 0.004982
645 0.004629
646 -0.017552
647 -0.017904
648 -0.018609
649 -0.017552
650 0.004982
651 -0.018609
652 0.004982
653 0.004629
654 -0.018256
655 -0.018256
656 -0.018256
657 -0.017904
658 0.004982
659 0.004982
660 0.004982
661 0.004982
662 -0.018256
663 0.004982
664 -0.018609
665 0.004277
666 -0.017904
667 0.004982
668 0.004982
669 -0.018256
670 0.004982
671 0.004982
672 0.004982
673 0.004277
674 -0.018256
675 0.004982
676 0.004629
677 0.004982
678 0.004982
679 0.004982
680 0.004629
681 0.004982
682 0.004277
683 -0.018609
684 -0.018609
685 -0.018256
686 -0.018609
687 -0.018609
688 -0.017904
689 0.004982
690 0.004982
691 0.004982
692 -0.017552
693 0.004982
694 -0.018256
695 0.004982
696 -0.018256
697 -0.017552
698 0.004982
699 0.004982
700 0.004982
701 -0.018609
702 0.004629
703 -0.018256
704 0.004277
705 -0.018609
706 -0.017552
707 -0.018256
708 0.004629
709 0.004629
710 0.004629
711 0.004982
712 0.004982
713 0.004982
714 0.004629
715 0.004982
716 -0.018256
717 -0.017552
718 0.004982
719 0.004982
720 -0.017904
721 0.004982
722 0.003925
723 -0.018256
724 0.004982
725 0.004982
726 0.004982
727 -0.018256
728 -0.017904
729 0.004982
730 -0.017552
731 -0.017904
732 -0.017904
733 0.004982
734 0.004629
735 0.004982
736 0.004982
737 -0.017552
738 -0.017552
739 0.004982
740 -0.017552
741 0.004982
742 0.004982
743 0.004982
744 0.004982
745 0.003925
746 -0.017904
747 -0.017552
748 -0.017552
749 0.004982
750 -0.017552
751 -0.018256
752 -0.018256
753 -0.018256
754 -0.018256
755 -0.018609
756 -0.018256
757 -0.017552
758 -0.018256
759 -0.017552
760 -0.018256
761 -0.018256
762 -0.018609
763 -0.017552
764 0.004982
765 -0.017904
766 -0.017552
767 -0.018256
768 -0.018256
769 -0.018256
770 -0.018256
771 -0.018256
772 -0.017552
773 -0.017552
774 -0.017552
775 0.004277
776 0.004629
777 0.004982
778 0.004629
779 0.004629
780 -0.018609
781 0.003925
782 -0.018256
783 -0.018609
784 -0.018256
785 -0.018609
786 -0.018256
787 -0.018256
788 -0.018609
789 0.004982
790 -0.018256
791 -0.018256
792 -0.018256
793 -0.017552
794 -0.018256
795 -0.018256
796 -0.018256
797 -0.018256
798 -0.018609
799 -0.018609
800 -0.018256
801 -0.018256
802 -0.018256
803 -0.018256
804 -0.018609
805 -0.018609
806 -0.018609
807 -0.018256
808 -0.018256
809 0.004982
810 0.004629
811 0.004982
812 -0.017552
813 -0.018256
814 -0.018609
815 -0.018256
816 -0.018256
817 -0.017552
818 -0.018609
819 -0.018256
820 0.004277
821 -0.017552
822 0.003925
823 -0.018609
824 -0.018256
825 0.004629
826 -0.018256
827 0.004277
828 -0.018256
829 0.004629
830 -0.017904
831 -0.018256
832 -0.018256
833 -0.018256
834 -0.018256
835 -0.018256
836 -0.018256
837 -0.017904
838 -0.018256
839 0.004277
840 -0.018609
841 0.004982
842 0.004629
843 -0.018256
844 0.004982
845 -0.017552
846 -0.018256
847 -0.017552
848 -0.018256
849 -0.017552
850 -0.017904
851 -0.018256
852 -0.018609
853 -0.018256
854 -0.018256
855 -0.018256
856 -0.018609
857 -0.017552
858 -0.018609
859 -0.018609
860 0.004277
861 -0.017552
862 0.004277
863 -0.018256
864 -0.018609
865 -0.018256
866 -0.018256
867 -0.018609
868 -0.018609
869 -0.018256
870 -0.017552
871 -0.018256
872 -0.018256
873 -0.018256
874 -0.018256
875 0.004982
876 0.004629
877 0.004629
878 0.004629
879 -0.018609
880 -0.018256
881 -0.018609
882 0.004277
883 -0.018609
884 0.004277
885 -0.018256
886 -0.018256
887 -0.018609
888 -0.018609
889 -0.017552
890 -0.017904
891 -0.018609
892 -0.017552
893 -0.018256
894 -0.017904
895 -0.018609
896 -0.018609
897 -0.018609
898 -0.017904
899 -0.018256
900 -0.018256
901 -0.018609
902 -0.018256
903 -0.018256
904 -0.018256
905 -0.018256
906 -0.018256
907 -0.017552
908 0.004629
909 0.004982
910 0.004982
911 0.004629
912 -0.017904
913 -0.018256
914 -0.018609
915 -0.018256
916 -0.018609
917 0.004629
918 -0.018256
919 -0.018609
920 -0.018609
921 -0.018256
922 0.004277
923 0.003925
924 0.004982
925 -0.017552
926 -0.018256
927 -0.017552
928 -0.018256
929 -0.018609
930 -0.018256
931 -0.018609
932 -0.018256
933 -0.018256
934 -0.018256
935 -0.018256
936 -0.018256
937 -0.018609
938 -0.018256
939 -0.018609
940 0.003925
941 0.004629
942 0.004982
943 0.004982
944 0.004982
945 -0.018609
946 -0.018256
947 -0.018256
948 -0.018256
949 -0.018256
950 -0.018256
951 -0.018609
952 -0.018609
953 -0.018609
954 -0.018256
955 -0.017904
956 -0.018609
957 -0.018256
958 0.004982
959 -0.018256
960 -0.018609
961 0.004982
962 -0.018256
963 -0.018256
964 -0.018609
965 -0.018256
966 -0.018256
967 -0.018256
968 -0.018609
969 -0.018256
970 -0.017904
971 -0.018609
972 -0.017552
973 -0.018256
974 -0.017552
975 0.004982
976 0.004982
977 0.004982
978 -0.018256
979 -0.018256
980 -0.018609
981 -0.018609
982 -0.018256
983 -0.018609
984 -0.018609
985 -0.018609
986 -0.018256
987 -0.018256
988 -0.018609
989 -0.018256
990 -0.018256
991 -0.018256
992 -0.018256
993 -0.018609
994 -0.018256
995 -0.018256
996 -0.018256
997 -0.018256
998 -0.018609
999 -0.018256
1000 -0.018609
1001 -0.018256
1002 0.004277
1003 0.004629
1004 0.004629
1005 0.004277
1006 -0.017552
1007 -0.018256
1008 0.004629
1009 0.004982
1010 0.004629
1011 0.004982
1012 -0.017904
1013 0.004629
1014 0.004629
1015 0.004629
1016 -0.018256
1017 -0.018256
1018 0.004982
1019 0.003925
1020 0.004982
1021 0.004982
1022 0.004982
1023 0.004982
1024 -0.017904
1025 -0.018256
1026 -0.017552
1027 -0.018256
1028 -0.018609
1029 -0.018256
1030 -0.017552
1031 0.004982
1032 -0.017552
1033 0.004629
1034 0.003925
1035 -0.018256
1036 0.004629
1037 0.004982
1038 0.004629
1039 0.004629
1040 -0.017904
1041 0.004629
1042 0.004629
1043 0.004629
1044 0.004982
1045 -0.017200
1046 0.004982
1047 -0.018256
1048 -0.018609
1049 0.004982
1050 -0.017552
1051 -0.018609
1052 -0.017904
1053 -0.018609
1054 0.004629
1055 -0.018256
1056 -0.017904
1057 -0.018256
1058 -0.018256
1059 -0.018256
1060 -0.018256
1061 -0.018256
1062 0.004982
1063 0.004982
1064 -0.018256
1065 0.004982
1066 -0.017200
1067 -0.017904
1068 0.004277
1069 0.004982
1070 0.004982
1071 0.004982
1072 -0.018256
1073 0.004982
1074 0.004982
1075 0.004982
1076 0.004982
1077 0.004982
1078 0.004982
1079 0.004629
1080 -0.018609
1081 0.004982
1082 0.004982
1083 0.004982
1084 0.004982
1085 -0.017904
1086 0.004629
1087 -0.017552
1088 -0.018256
1089 -0.018256
1090 -0.018256
1091 -0.018256
1092 -0.018256
1093 -0.018256
1094 0.004629
1095 0.004982
1096 -0.017552
1097 -0.017904
1098 -0.018256
1099 0.004277
1100 -0.017552
1101 -0.018256
1102 0.004982
1103 0.003925
1104 -0.018256
1105 -0.017552
1106 0.004982
1107 0.004982
1108 0.004982
1109 0.004982
1110 0.004629
1111 0.004982
1112 0.004982
1113 0.004277
1114 0.004982
1115 0.004982
1116 0.004982
1117 -0.017552
1118 0.004982
1119 0.004982
1120 -0.018256
1121 0.004982
1122 0.004982
1123 -0.018256
1124 0.004982
1125 0.003925
1126 -0.017552
1127 -0.017552
1128 -0.018609
1129 -0.017904
1130 -0.017552
1131 -0.017552
1132 -0.017552
1133 -0.018609
1134 -0.017552
1135 -0.017552
1136 -0.018256
1137 -0.018256
1138 -0.018256
1139 0.004982
1140 0.004982
1141 0.004982
1142 0.004982
1143 0.004982
1144 0.004982
1145 0.004982
1146 -0.017552
1147 0.004629
1148 -0.018256
1149 0.004277
1150 -0.017552
1151 -0.018609
1152 -0.017552
1153 -0.018609
1154 -0.017904
1155 -0.018609
1156 -0.018256
1157 -0.018256
1158 -0.017552
1159 0.004982
1160 0.004982
1161 -0.018609
1162 0.004982
1163 0.003925
1164 -0.017552
1165 0.004629
1166 -0.017552
1167 -0.017552
1168 -0.018609
1169 0.004982
1170 0.004982
1171 0.004629
1172 -0.017552
1173 -0.018256
1174 0.004982
1175 0.004629
1176 0.004982
1177 0.004982
1178 0.004629
1179 0.004629
1180 -0.017552
1181 0.004629
1182 0.004982
1183 0.004277
1184 0.004982
1185 0.004982
1186 -0.018256
1187 -0.018256
1188 -0.018256
1189 0.004982
1190 -0.018256
1191 -0.018256
1192 -0.018609
1193 -0.018256
1194 0.004982
1195 0.004982
1196 -0.017552
1197 0.004629
1198 0.004982
1199 0.004629
1200 -0.017552
1201 -0.018609
1202 0.004277
1203 -0.018609
1204 0.003925
1205 0.004982
1206 -0.017552
1207 0.004982
1208 0.005334
1209 0.004982
1210 0.004982
1211 0.004982
1212 0.004277
1213 -0.017552
1214 -0.018609
1215 0.004982
1216 -0.018256
1217 -0.017552
1218 0.004982
1219 -0.018609
1220 -0.018609
1221 -0.018256
1222 0.004277
1223 -0.017552
1224 -0.018609
1225 0.004982
1226 -0.017904
1227 0.004629
1228 0.004277
1229 -0.017904
1230 0.004982
1231 -0.017552
1232 -0.018609
1233 0.004982
1234 0.004982
1235 0.004982
1236 -0.017552
1237 0.004629
1238 0.004982
1239 0.004982
1240 -0.018256
1241 0.004277
1242 0.004982
1243 0.004629
1244 0.004629
1245 0.004629
1246 -0.017904
1247 0.004982
1248 -0.017904
1249 -0.018256
1250 0.004277
1251 -0.018609
1252 -0.018609
1253 -0.018256
1254 -0.018256
1255 -0.018256
1256 -0.018256
1257 -0.018256
1258 -0.018256
1259 -0.018256
1260 0.004982
1261 -0.017904
1262 0.004277
1263 -0.017200
1264 -0.018609
1265 -0.018256
1266 -0.018609
1267 -0.018256
1268 -0.018609
1269 0.004629
1270 -0.018609
1271 -0.017904
1272 -0.018256
1273 -0.018609
1274 -0.017552
1275 0.004982
1276 0.004982
1277 0.004982
1278 0.004982
1279 -0.018256
1280 -0.017552
1281 -0.017552
1282 -0.018256
1283 -0.018256
1284 -0.018256
1285 0.004277
1286 -0.018609
1287 -0.018256
1288 -0.018256
1289 -0.018256
1290 -0.017904
1291 -0.017904
1292 -0.018256
1293 -0.018256
1294 -0.018609
1295 -0.018609
1296 -0.017904
1297 -0.017552
1298 -0.018256
1299 -0.018256
1300 -0.017904
1301 -0.018256
1302 -0.018256
1303 -0.017552
1304 -0.018256
1305 -0.018609
1306 -0.017552
1307 -0.018609
1308 0.004982
1309 0.004982
1310 0.004629
1311 0.004982
1312 -0.018256
1313 -0.018609
1314 0.004629
1315 -0.018256
1316 -0.018609
1317 -0.018256
1318 -0.017904
1319 0.004629
1320 -0.018609
1321 -0.018256
1322 0.004277
1323 0.004277
1324 -0.018256
1325 0.004277
1326 -0.017904
1327 -0.017904
1328 -0.018256
1329 -0.017552
1330 -0.018256
1331 -0.018256
1332 -0.018256
1333 -0.018256
1334 0.004982
1335 -0.017552
1336 -0.018609
1337 -0.017904
1338 -0.018609
1339 -0.018256
1340 -0.018256
1341 0.004982
1342 0.004982
1343 0.004982
1344 0.004629
1345 -0.018609
1346 0.004982
1347 -0.018256
1348 -0.018256
1349 0.004277
1350 -0.018256
1351 -0.018256
1352 -0.018256
1353 -0.018256
1354 0.004982
1355 -0.017552
1356 -0.017552
1357 -0.018256
1358 -0.017200
1359 -0.017552
1360 -0.017904
1361 -0.018256
1362 -0.018609
1363 0.004982
1364 0.004629
1365 0.003925
1366 -0.018256
1367 -0.018256
1368 -0.018609
1369 0.004982
1370 -0.018256
1371 -0.018256
1372 -0.017552
1373 -0.018609
1374 0.004982
1375 0.005334
1376 0.005334
1377 0.004982
1378 0.005334
1379 -0.018256
1380 -0.018256
1381 0.004629
1382 0.003925
1383 0.003925
1384 -0.018609
1385 -0.018609
1386 -0.017552
1387 -0.017552
1388 -0.018256
1389 -0.018256
1390 -0.018256
1391 0.004982
1392 -0.017552
1393 -0.018256
1394 -0.018609
1395 -0.018256
1396 -0.018256
1397 -0.017200
1398 -0.018256
1399 -0.017200
1400 -0.018256
1401 -0.018256
1402 -0.018609
1403 -0.018609
1404 -0.017200
1405 -0.018256
1406 -0.017552
1407 -0.017552
1408 0.004982
1409 0.004982
1410 0.004629
1411 0.004982
1412 -0.018256
1413 -0.018256
1414 -0.017552
1415 -0.017552
1416 -0.018256
1417 -0.017552
1418 -0.018609
1419 -0.017552
1420 0.004277
1421 -0.018256
1422 0.004277
1423 0.004277
1424 -0.018256
1425 -0.017552
1426 -0.017552
1427 0.005334
1428 -0.017552
1429 -0.018609
1430 -0.018256
1431 -0.017552
1432 -0.017552
1433 0.004982
1434 -0.018609
1435 -0.017552
1436 -0.017552
1437 0.005334
1438 -0.017200
1439 -0.017200
1440 -0.018256
1441 0.005334
1442 0.005334
1443 -0.018256
1444 0.004982
1445 -0.018256
1446 -0.018256
1447 -0.017552
1448 -0.018609
1449 -0.018609
1450 -0.018609
1451 -0.018256
1452 -0.017200
1453 -0.018256
1454 -0.017552
1455 0.004982
1456 -0.018256
1457 -0.017552
1458 -0.017552
1459 -0.017200
1460 0.004277
1461 -0.017552
1462 -0.018609
1463 -0.018609
1464 -0.018609
1465 -0.017200
1466 0.004982
1467 -0.018609
1468 -0.018256
1469 0.004982
1470 0.003925
1471 -0.017200
1472 -0.018609
1473 -0.018256
1474 0.003925
1475 0.005334
1476 0.005334
1477 0.005334
1478 0.004982
1479 0.005334
1480 -0.017552
1481 -0.018256
1482 -0.017552
1483 -0.018256
1484 -0.018256
1485 -0.017552
1486 -0.018609
1487 -0.017200
1488 -0.018256
1489 0.003925
1490 0.005334
1491 -0.018609
1492 -0.017200
1493 -0.017200
1494 -0.017552
1495 -0.018609
1496 -0.018609
1497 -0.018609
1498 -0.018609
1499 0.003925
1500 0.005334
1501 -0.018256
1502 0.004982
1503 -0.018609
1504 0.004982
1505 0.004982
1506 -0.018256
1507 0.004982
1508 0.005334
1509 0.005334
1510 0.005334
1511 0.004982
1512 0.004982
1513 0.004982
1514 -0.017200
1515 0.005334
1516 0.005334
1517 0.004982
1518 0.005334
1519 0.004982
1520 0.004982
1521 0.004982
1522 -0.017200
1523 0.004982
1524 0.004982
1525 0.005334
1526 -0.017552
1527 -0.017200
1528 -0.018609
1529 0.005334
1530 0.004982
1531 0.005334
1532 0.005334
1533 0.005334
1534 0.005334
1535 0.004982
1536 -0.017200
1537 0.005334
1538 0.005334
1539 -0.017552
1540 0.004982
1541 0.005334
1542 0.004982
1543 0.004982
1544 0.004982
1545 0.004277
1546 -0.018609
1547 0.004982
1548 0.005334
1549 0.005334
1550 0.004982
1551 -0.018256
1552 0.005334
1553 0.004982
1554 0.003925
1555 -0.017552
1556 -0.017552
1557 0.004982
1558 0.004982
1559 0.004982
1560 0.005334
1561 0.005334
1562 -0.017200
1563 0.005334
1564 0.004982
1565 0.004982
1566 -0.017552
1567 0.004982
1568 -0.017552
1569 -0.018256
1570 -0.017552
1571 0.005334
1572 0.004982
1573 0.004982
1574 0.005334
1575 0.005334
1576 0.005334
1577 0.004982
1578 0.005334
1579 -0.017200
1580 0.005334
1581 0.005334
1582 0.005334
1583 0.005334
1584 -0.018609
1585 0.005334
1586 0.005334
1587 -0.018256
1588 -0.018256
1589 -0.018609
1590 -0.018609
1591 -0.018256
1592 -0.018256
1593 -0.018256
1594 -0.018256
1595 -0.018609
1596 -0.018256
1597 -0.018256
1598 -0.018256
1599 -0.018256
1600 -0.018256
1601 -0.018609
1602 -0.018256
1603 -0.018609
1604 -0.018256
1605 0.003925
1606 -0.017552
1607 -0.017200
1608 0.005334
1609 0.004982
1610 0.004982
1611 0.005334
1612 0.005334
1613 0.005334
1614 -0.018256
1615 -0.017200
1616 -0.017552
1617 -0.017200
1618 0.005334
1619 0.004982
1620 0.004982
1621 0.004982
1622 -0.017200
1623 0.005334
1624 -0.018609
1625 0.004982
1626 0.005334
1627 -0.017200
1628 0.005334
1629 0.004277
1630 0.005334
1631 0.005334
1632 0.004982
1633 0.005334
1634 -0.018609
1635 -0.017200
1636 0.005334
1637 -0.017200
1638 0.005334
1639 0.004277
1640 0.004982
1641 0.004982
1642 0.004982
1643 0.004982
1644 0.004982
1645 0.005334
1646 -0.017200
1647 -0.018609
1648 -0.017200
1649 0.005334
1650 0.005334
1651 -0.018256
1652 -0.018609
1653 -0.017200
1654 0.005334
1655 -0.017200
1656 -0.017200
1657 -0.018609
1658 0.005334
1659 -0.017200
1660 0.005334
1661 0.005334
1662 0.005334
1663 0.004982
1664 0.005334
1665 -0.018256
1666 -0.018256
1667 -0.017200
1668 0.004982
1669 0.003925
1670 -0.017200
1671 0.005334
1672 -0.018609
1673 0.005334
1674 0.005686
1675 0.005334
1676 0.005334
1677 0.005334
1678 0.005334
1679 0.004982
1680 -0.017200
1681 0.005334
1682 -0.017200
1683 0.004982
1684 0.005334
1685 0.005334
1686 -0.018609
1687 -0.017552
1688 -0.018609
1689 -0.017200
1690 0.004982
1691 0.005334
1692 -0.017552
1693 -0.018609
1694 0.005334
1695 0.005334
1696 0.005334
1697 -0.018609
1698 -0.018609
1699 -0.018609
1700 -0.018609
1701 -0.018609
1702 -0.018609
1703 -0.018609
1704 -0.018609
1705 -0.018609
1706 -0.018609
1707 -0.018609
1708 0.005334
1709 0.005334
1710 0.005334
1711 0.005334
1712 -0.017200
1713 0.005334
1714 0.004982
1715 -0.017200
1716 0.005334
1717 0.005334
1718 0.005334
1719 0.005334
1720 -0.016848
1721 0.005334
1722 -0.017200
1723 0.005334
1724 0.005686
1725 0.003925
1726 -0.017200
1727 0.005334
1728 -0.018609
1729 0.004982
1730 -0.018609
1731 0.003925
1732 0.004982
1733 -0.018609
1734 -0.017200
1735 -0.018256
1736 -0.017552
1737 0.004982
1738 0.004982
1739 -0.018609
1740 0.003925
1741 0.005334
1742 0.004982
1743 0.005334
1744 0.005334
1745 0.005334
1746 0.005334
1747 -0.018609
1748 -0.017200
1749 0.004982
1750 -0.017200
1751 -0.018609
1752 -0.018256
1753 -0.018609
1754 -0.018609
1755 -0.018609
1756 -0.018609
1757 -0.017200
1758 -0.018609
1759 -0.018609
1760 -0.018609
1761 -0.017552
1762 -0.018609
1763 -0.018256
1764 -0.018609
1765 -0.018609
1766 -0.018609
1767 -0.018609
1768 -0.018609
1769 -0.018609
1770 0.003925
1771 -0.018256
1772 -0.018256
1773 -0.018609
1774 0.005334
1775 0.004982
1776 0.005334
1777 0.005334
1778 0.005334
1779 -0.018256
1780 -0.018609
1781 -0.017200
1782 0.004982
1783 -0.018609
1784 -0.018256
1785 -0.017200
1786 -0.017200
1787 -0.018256
1788 -0.018256
1789 -0.017200
1790 -0.018609
1791 -0.018609
1792 -0.018609
1793 -0.018256
1794 -0.018609
1795 -0.018609
1796 -0.018609
1797 -0.018609
1798 -0.018609
1799 0.003925
1800 -0.018609
1801 -0.018609
1802 -0.018609
1803 -0.018609
1804 -0.017200
1805 -0.018609
1806 -0.018256
1807 -0.018609
1808 -0.018609
1809 0.004982
1810 0.005334
1811 0.005334
1812 0.003925
1813 -0.018609
1814 -0.017200
1815 -0.018609
1816 -0.018609
1817 -0.018609
1818 -0.017200
1819 -0.018609
1820 -0.017200
1821 0.003925
1822 0.003925
1823 -0.018609
1824 -0.018609
1825 -0.018256
1826 -0.018609
1827 -0.018256
1828 -0.018256
1829 -0.018256
1830 -0.017552
1831 -0.018256
1832 -0.018609
1833 -0.018609
1834 -0.018609
1835 0.005334
1836 -0.018256
1837 0.003925
1838 -0.018609
1839 -0.018256
1840 -0.018609
1841 -0.017552
1842 0.005334
1843 0.005334
1844 0.005334
1845 0.004982
1846 -0.018609
1847 -0.017200
1848 -0.017200
1849 -0.017552
1850 -0.018609
1851 -0.018256
1852 -0.018256
1853 -0.018609
1854 -0.018609
1855 -0.018256
1856 -0.018256
1857 -0.017200
1858 -0.018609
1859 -0.018609
1860 -0.018609
1861 -0.018609
1862 -0.018609
1863 -0.018609
1864 -0.018609
1865 -0.017200
1866 -0.018609
1867 0.004277
1868 -0.017200
1869 -0.017552
1870 -0.018609
1871 -0.017552
1872 -0.018256
1873 -0.018256
1874 0.004982
1875 0.004982
1876 0.005334
1877 0.005334
1878 0.005334
1879 0.003925
1880 -0.018609
1881 -0.018609
1882 -0.018609
1883 0.005334
1884 -0.017200
1885 0.003925
1886 -0.018609
1887 -0.017552
1888 -0.018609
1889 -0.018609
1890 -0.018609
1891 -0.018256
1892 -0.018609
1893 -0.017200
1894 -0.018609
1895 -0.018256
1896 -0.018609
1897 -0.018609
1898 0.004277
1899 -0.018256
1900 -0.018609
1901 -0.018256
1902 -0.018256
1903 -0.018609
1904 -0.018609
1905 -0.018609
1906 -0.018609
1907 -0.018609
1908 -0.018609
1909 -0.018609
1910 0.005334
1911 0.005334
1912 -0.017200
1913 -0.018609
1914 -0.018256
1915 -0.018256
1916 -0.018609
1917 0.003925
1918 -0.018256
1919 -0.018609
1920 -0.018256
1921 -0.018609
1922 -0.018609
1923 -0.018609
1924 -0.018256
1925 -0.018256
1926 -0.018256
1927 -0.018609
1928 -0.018609
1929 -0.018256
1930 -0.018256
1931 -0.018609
1932 -0.018256
1933 -0.017552
1934 -0.018609
1935 -0.018609
1936 -0.018256
1937 -0.017200
1938 -0.018256
1939 0.003925
1940 -0.018256
1941 0.004982
1942 -0.017552
1943 0.004982
1944 -0.017552
1945 -0.017904
1946 -0.018256
1947 -0.017552
1948 -0.018609
1949 -0.017552
1950 -0.018609
1951 -0.018609
1952 -0.018609
1953 -0.017200
1954 0.004982
1955 -0.018609
1956 -0.018256
1957 -0.018256
1958 -0.018609
1959 0.003925
1960 -0.018256
1961 -0.017200
1962 -0.018256
1963 0.004982
1964 -0.018256
1965 -0.018256
1966 -0.018256
1967 -0.018256
1968 -0.018256
1969 -0.017200
1970 -0.017552
1971 -0.018256
1972 -0.018609
1973 -0.018609
1974 -0.018256
1975 0.005334
1976 0.004982
1977 0.005334
1978 0.004982
1979 -0.018609
1980 -0.018256
1981 0.004982
1982 -0.018256
1983 -0.018256
1984 -0.018609
1985 -0.018256
1986 -0.018609
1987 -0.018256
1988 -0.018609
1989 -0.018256
1990 0.004982
1991 -0.018256
1992 -0.018256
1993 -0.018256
1994 0.004277
1995 -0.017200
1996 -0.017200
1997 -0.018609
1998 -0.017552
1999 0.004982
2000 -0.018256
2001 -0.018256
2002 -0.018609
2003 0.004982
2004 0.005334
2005 0.005334
2006 0.004982
2007 -0.017552
2008 0.004629
2009 -0.018256
2010 -0.018609
2011 -0.018609
2012 0.004982
2013 0.004982
2014 -0.017552
2015 -0.017200
2016 -0.018256
2017 -0.018256
2018 -0.018256
2019 -0.018609
2020 -0.018256
2021 -0.018256
2022 -0.017552
2023 -0.018256
2024 -0.017552
2025 0.005334
2026 -0.017552
2027 -0.018609
2028 -0.017552
2029 -0.017200
2030 -0.017552
2031 0.004982
2032 0.004982
2033 0.004277
2034 -0.018256
2035 0.003925
2036 0.004629
2037 0.005334
2038 -0.018256
2039 0.004982
2040 -0.018256
2041 0.004982
2042 0.004982
2043 0.005334
2044 0.004982
2045 -0.018609
2046 -0.017200
2047 -0.018609
2048 -0.018256
2049 0.005334
2050 -0.018256
2051 -0.018256
2052 -0.018256
2053 -0.018609
2054 -0.018256
2055 -0.018256
2056 -0.017200
2057 -0.018256
2058 -0.017552
2059 -0.017200
2060 0.004982
2061 0.003925
2062 0.004982
2063 0.004982
2064 0.005334
2065 0.005334
2066 0.005334
2067 0.005334
2068 0.005334
2069 0.004982
2070 -0.017552
2071 0.005334
2072 0.005334
2073 0.005334
2074 0.004982
2075 0.004982
2076 0.005334
2077 0.004982
2078 0.004982
2079 -0.018256
2080 -0.018256
2081 0.004277
2082 -0.017200
2083 -0.018256
2084 -0.018609
2085 -0.018256
2086 -0.017200
2087 0.004982
2088 -0.018609
2089 -0.018256
2090 -0.017200
2091 0.005334
2092 0.004982
2093 -0.018609
2094 0.004982
2095 0.004982
2096 -0.017200
2097 -0.017552
2098 -0.018609
2099 -0.018609
2100 0.005334
2101 -0.018256
2102 0.004277
2103 0.004277
2104 0.005334
2105 -0.017552
2106 0.004982
2107 -0.018256
2108 0.004982
2109 0.004982
2110 -0.018256
2111 -0.018609
2112 -0.018609
2113 -0.018609
2114 -0.018609
2115 -0.018609
2116 -0.018609
2117 -0.018609
2118 0.005334
2119 -0.017200
2120 -0.018609
2121 0.003925
2122 0.004982
2123 0.005334
2124 0.005334
2125 0.005334
2126 -0.017200
2127 0.003925
2128 -0.017552
2129 0.005334
2130 0.004982
2131 0.004982
2132 0.004982
2133 0.004982
2134 0.004982
2135 -0.018256
2136 -0.018256
2137 -0.017552
2138 0.003925
2139 -0.017552
2140 0.004982
2141 0.005334
2142 0.004982
2143 0.005334
2144 0.005334
2145 0.005334
2146 -0.018609
2147 -0.018256
2148 -0.018609
2149 -0.018609
2150 0.004982
2151 -0.018609
2152 -0.018256
2153 -0.017552
2154 0.004982
2155 0.004982
2156 0.003925
2157 -0.018256
2158 -0.018256
2159 0.005334
2160 0.005334
2161 0.004277
2162 -0.017200
2163 0.005334
2164 0.005334
2165 0.004982
2166 -0.017200
2167 -0.017552
2168 -0.018609
2169 -0.018256
2170 0.005334
2171 -0.018256
2172 -0.017552
2173 -0.017904
2174 0.004982
2175 0.004982
2176 0.005334
2177 0.004982
2178 0.004982
2179 -0.018609
2180 0.004629
2181 0.004982
2182 0.004982
2183 -0.017552
2184 -0.018609
2185 -0.017552
2186 0.004982
2187 -0.017200
2188 0.005334
2189 0.005334
2190 0.004982
2191 -0.017552
2192 0.004982
2193 0.004982
2194 0.004982
2195 -0.018256
2196 -0.018256
2197 -0.018256
2198 -0.018256
2199 -0.018256
2200 -0.018256
2201 -0.018256
2202 -0.018609
2203 -0.018256
2204 -0.018256
2205 -0.018609
2206 -0.018256
2207 -0.018256
2208 -0.018609
2209 -0.018609
2210 -0.018256
2211 0.004982
2212 -0.018256
2213 -0.018609
2214 -0.018609
2215 0.004277
2216 -0.018256
2217 -0.017552
2218 -0.018256
2219 -0.017552
2220 0.004277
2221 0.004629
2222 0.004982
2223 0.004982
2224 -0.017552
2225 0.004982
2226 0.004982
2227 0.004277
2228 0.004982
2229 0.004982
2230 0.005334
2231 0.004982
2232 -0.018256
2233 0.004982
2234 0.003925
2235 0.004277
2236 0.004982
2237 0.004277
2238 0.003925
2239 -0.018609
2240 -0.018609
2241 0.004982
2242 -0.018256
2243 -0.018256
2244 -0.018256
2245 -0.018256
2246 -0.017552
2247 -0.018256
2248 -0.018256
2249 -0.018256
2250 0.005334
2251 -0.018256
2252 -0.018256
2253 -0.018256
2254 -0.018256
2255 -0.018256
2256 -0.018256
2257 -0.018609
2258 -0.018256
2259 -0.018609
2260 0.004277
2261 0.004982
2262 -0.018256
2263 -0.018256
2264 -0.018256
2265 -0.017552
2266 -0.018256
2267 -0.018609
2268 -0.017200
2269 -0.018256
2270 -0.017552
2271 -0.017552
2272 -0.018256
2273 -0.017200
2274 0.004982
2275 -0.018256
2276 -0.018609
2277 -0.018609
2278 0.005334
2279 -0.018256
2280 -0.018256
2281 -0.018609
2282 -0.018609
2283 -0.017200
2284 0.005334
2285 -0.018609
2286 -0.017552
2287 -0.018256
2288 -0.018256
2289 -0.017200
2290 -0.018256
2291 -0.018609
2292 -0.018256
2293 -0.018609
2294 -0.017552
2295 -0.018256
2296 -0.018256
2297 -0.018256
2298 -0.018256
2299 -0.017552
2300 -0.017552
2301 -0.018609
2302 -0.018609
2303 0.004982
2304 -0.018256
2305 -0.018609
2306 -0.018256
2307 -0.018609
2308 -0.018256
2309 -0.018609
2310 0.004982
2311 0.005334
2312 -0.018256
2313 -0.018256
2314 -0.018256
2315 -0.018256
2316 -0.018256
2317 -0.018609
2318 -0.017552
2319 -0.018256
2320 -0.018256
2321 -0.018256
2322 -0.018256
2323 -0.018256
2324 0.004982
2325 0.004277
2326 -0.018256
2327 -0.017904
2328 -0.018609
2329 -0.017200
2330 0.004982
2331 -0.018609
2332 -0.018609
2333 -0.017552
2334 0.004982
2335 -0.018256
2336 -0.018256
2337 0.004982
2338 -0.018256
2339 -0.018256
2340 -0.018256
2341 -0.018256
2342 -0.018609
2343 -0.018609
2344 -0.018256
2345 -0.018256
2346 -0.018256
2347 -0.018609
2348 -0.018256
2349 -0.018609
2350 -0.018256
2351 -0.018256
2352 -0.018609
2353 0.004982
2354 -0.018256
2355 -0.018256
2356 -0.018256
2357 -0.018256
2358 -0.018256
2359 -0.017552
2360 -0.018256
2361 -0.017552
2362 0.004982
2363 0.005334
2364 0.004277
2365 -0.018256
2366 -0.017552
2367 -0.017552
2368 -0.018609
2369 -0.017552
2370 -0.018609
2371 -0.018256
2372 -0.018609
2373 -0.018256
2374 -0.018256
2375 -0.018609
2376 -0.018256
2377 -0.018256
2378 -0.018609
2379 -0.018609
2380 -0.018609
2381 -0.017552
2382 -0.018256
2383 -0.018256
2384 -0.018256
2385 -0.018256
2386 -0.017552
2387 -0.017552
2388 -0.018609
2389 0.004982
2390 -0.017552
2391 -0.018256
2392 -0.018256
2393 -0.017552
2394 -0.018609
2395 -0.018609
2396 0.004982
2397 -0.018256
2398 -0.018609
2399 0.004982
2400 -0.018609
2401 -0.018256
2402 -0.018256
2403 -0.018256
2404 -0.018256
2405 -0.018256
2406 -0.018256
2407 -0.018256
2408 -0.018256
2409 0.004982
2410 0.004982
2411 0.004982
2412 -0.017552
2413 -0.018256
2414 0.005334
2415 -0.018609
2416 -0.018256
2417 -0.018609
2418 -0.018256
2419 -0.018256
2420 -0.018609
2421 -0.018609
2422 0.005334
2423 -0.018256
2424 -0.018609
2425 -0.017200
2426 -0.017552
2427 -0.017200
2428 -0.018256
2429 -0.018256
2430 -0.018256
2431 -0.017200
2432 -0.018256
2433 -0.018256
2434 -0.018256
2435 -0.018256
2436 -0.018256
2437 -0.018256
2438 -0.018256
2439 -0.018609
2440 -0.018609
2441 0.004982
2442 0.005334
2443 -0.018609
2444 0.005334
2445 0.004982
2446 -0.018609
2447 -0.018256
2448 -0.018256
2449 -0.018609
2450 0.005334
2451 -0.018609
2452 -0.017552
2453 -0.018256
2454 -0.017200
2455 0.004982
2456 -0.018256
2457 -0.018609
2458 -0.018256
2459 0.004277
2460 -0.018609
2461 0.005334
2462 -0.018609
2463 -0.018256
2464 -0.018256
2465 0.005334
2466 -0.018256
2467 -0.018256
2468 -0.018256
2469 -0.018609
2470 -0.018256
2471 -0.018609
2472 -0.018609
2473 -0.017552
2474 0.004277
2475 0.005334
2476 -0.017552
2477 0.004982
2478 0.004982
2479 -0.018256
2480 -0.017904
2481 -0.018256
2482 0.004982
2483 -0.018256
2484 -0.018609
2485 0.004277
2486 -0.018256
2487 -0.018256
2488 -0.018256
2489 -0.017200
2490 -0.018256
2491 -0.017200
2492 -0.018609
2493 -0.018609
2494 -0.018256
2495 0.004277
2496 -0.018609
2497 -0.018256
2498 -0.018256
2499 -0.018256
2500 -0.018256
2501 -0.018256
2502 -0.018609
2503 0.004982
2504 -0.018256
2505 -0.018256
2506 -0.017904
2507 -0.017552
2508 0.005334
2509 0.004982
2510 0.005334
2511 0.005334
2512 -0.017200
2513 0.005334
2514 0.005334
2515 0.004982
2516 -0.018609
2517 -0.018256
2518 -0.018609
2519 -0.018256
2520 -0.018256
2521 0.003925
2522 -0.017552
2523 0.005334
2524 0.004629
2525 0.004982
2526 0.005334
2527 0.005334
2528 -0.017904
2529 -0.018256
2530 -0.018256
2531 -0.018609
2532 -0.018256
2533 -0.018609
2534 -0.017200
2535 0.005334
2536 -0.017200
2537 -0.018256
2538 0.004982
2539 -0.018609
2540 0.004982
2541 0.005334
2542 0.004982
2543 0.004982
2544 0.005334
2545 0.004982
2546 0.004982
2547 0.004629
2548 0.004982
2549 -0.018256
2550 0.004982
2551 -0.018256
2552 -0.018256
2553 -0.017200
2554 -0.018256
2555 0.005334
2556 0.005334
2557 0.004982
2558 -0.018609
2559 -0.018609
2560 -0.017552
2561 0.005334
2562 -0.018256
2563 -0.018609
2564 -0.018609
2565 -0.018609
2566 0.004982
2567 0.004982
2568 -0.018256
2569 -0.017552
2570 -0.017904
2571 -0.017552
2572 0.004982
2573 -0.017552
2574 0.004982
2575 0.004982
2576 0.004982
2577 0.005334
2578 0.004982
2579 -0.017552
2580 0.005334
2581 0.004982
2582 -0.018609
2583 0.004982
2584 -0.018609
2585 -0.017552
2586 0.004629
2587 -0.017200
2588 0.005334
2589 0.005334
2590 0.004982
2591 0.004982
2592 -0.018256
2593 -0.018256
2594 -0.018256
2595 -0.018256
2596 -0.017552
2597 -0.018256
2598 -0.017552
2599 0.004277
2600 -0.018256
2601 -0.018256
2602 0.004277
2603 0.005334
2604 0.004982
2605 0.004982
2606 -0.017552
2607 -0.018256
2608 0.004982
2609 0.004982
2610 0.005334
2611 0.004982
2612 -0.017552
2613 0.004982
2614 0.005334
2615 0.004982
2616 -0.017552
2617 -0.018256
2618 -0.017552
2619 -0.018256
2620 -0.018256
2621 -0.018256
2622 -0.018256
2623 -0.018256
2624 -0.018609
2625 -0.018256
2626 -0.018609
2627 0.004982
2628 0.005334
2629 0.004629
2630 0.004982
2631 0.005334
2632 -0.018609
2633 0.004982
2634 -0.017200
2635 0.005334
2636 0.004277
2637 0.003925
2638 0.005334
2639 0.004982
2640 -0.018256
2641 0.004982
2642 0.004982
2643 0.004629
2644 0.004982
2645 0.004982
2646 -0.017552
2647 0.005334
2648 -0.018609
2649 0.004982
2650 -0.017552
2651 -0.018609
2652 -0.017200
2653 0.005334
2654 -0.017200
2655 0.005334
2656 -0.017552
2657 -0.018609
2658 -0.018256
2659 -0.017552
2660 -0.017552
2661 0.004982
2662 -0.017552
2663 -0.018609
2664 0.004982
2665 0.004982
2666 0.004982
2667 0.004982
2668 0.004629
2669 0.003925
2670 -0.018256
2671 0.004982
2672 0.004982
2673 0.004982
2674 0.004982
2675 0.004982
2676 0.004982
2677 0.004982
2678 0.004982
2679 -0.018256
2680 -0.018609
2681 0.004982
2682 -0.018256
2683 0.004982
2684 0.004277
2685 -0.017552
2686 0.004982
2687 0.004277
2688 -0.017552
2689 -0.017904
2690 -0.018609
2691 0.004982
2692 0.004982
2693 0.004629
2694 0.004982
2695 -0.018256
2696 -0.018256
2697 0.004982
2698 0.004982
2699 0.004982
2700 0.004982
2701 -0.018256
2702 0.004982
2703 0.005334
2704 0.004982
2705 0.004277
2706 -0.017552
2707 0.004982
2708 0.004982
2709 0.004982
2710 0.004982
2711 0.004629
2712 0.004982
2713 -0.017552
2714 0.004982
2715 -0.018256
2716 0.003925
2717 0.004982
2718 0.004982
2719 -0.018609
2720 -0.018256
2721 -0.018256
2722 -0.018256
2723 -0.018256
2724 -0.018256
2725 0.005334
2726 0.004982
2727 -0.017904
2728 -0.018256
2729 -0.017552
2730 0.004982
2731 -0.017552
2732 -0.017904
2733 0.004982
2734 0.004982
2735 0.004629
2736 -0.017552
2737 -0.018609
2738 -0.018256
2739 0.004982
2740 0.004982
2741 0.004982
2742 0.004982
2743 0.004982
2744 0.005334
2745 0.004982
2746 -0.017200
2747 0.004982
2748 0.004982
2749 0.004982
2750 0.004982
2751 -0.018609
2752 -0.018256
2753 -0.018609
2754 -0.018256
2755 -0.017552
2756 -0.017552
2757 0.004277
2758 -0.018256
2759 0.004629
2760 -0.018609
2761 -0.018256
2762 0.004982
2763 0.004277
2764 0.003925
2765 0.004629
2766 -0.018256
2767 -0.018256
2768 -0.018256
2769 -0.017552
2770 -0.017552
2771 0.005334
2772 -0.017200
2773 -0.018256
2774 -0.017552
2775 0.004982
2776 0.004277
2777 0.004982
2778 0.004982
2779 -0.017552
2780 0.004982
2781 0.003925
2782 0.003925
2783 -0.018256
2784 -0.018609
2785 -0.018256
2786 -0.018256
2787 -0.017552
2788 -0.018256
2789 -0.018256
2790 0.004982
2791 -0.018256
2792 -0.018256
2793 -0.018609
2794 -0.018609
2795 -0.018256
2796 -0.017552
2797 -0.018256
2798 -0.018256
2799 0.004629
2800 0.004982
2801 -0.018256
2802 -0.018256
2803 0.004277
2804 -0.018256
2805 -0.018256
2806 -0.018256
2807 -0.018256
2808 -0.018256
2809 -0.018256
2810 -0.018256
2811 -0.018256
2812 -0.018256
2813 -0.018256
2814 -0.018256
2815 -0.018256
2816 -0.018256
2817 -0.018256
2818 -0.018256
2819 -0.018256
2820 0.004982
2821 -0.018256
2822 -0.018609
2823 -0.018256
2824 -0.018256
2825 -0.018609
2826 -0.018609
2827 -0.018256
2828 0.004982
2829 0.004277
2830 -0.018256
2831 -0.018256
2832 -0.018609
2833 0.004629
2834 -0.018256
2835 -0.018256
2836 -0.018256
2837 -0.018256
2838 0.005334
2839 -0.018256
2840 -0.018256
2841 0.004982
2842 0.004982
2843 0.004982
2844 0.004982
2845 0.004982
2846 -0.018256
2847 -0.017552
2848 -0.018256
2849 -0.018256
2850 -0.018256
2851 -0.018256
2852 -0.018256
2853 -0.018256
2854 -0.018256
2855 -0.018609
2856 -0.018256
2857 -0.018256
2858 -0.017552
2859 -0.018256
2860 0.004982
2861 -0.018256
2862 0.004982
2863 -0.018256
2864 -0.018256
2865 -0.018256
2866 -0.018256
2867 -0.018256
2868 -0.018256
2869 -0.018256
2870 -0.017552
2871 -0.018256
2872 -0.018609
2873 -0.017552
2874 0.004277
2875 0.004982
2876 0.004982
2877 0.004629
2878 0.004982
2879 -0.018256
2880 -0.018256
2881 -0.018256
2882 -0.018256
2883 0.004277
2884 -0.018256
2885 0.004982
2886 -0.018256
2887 -0.018609
2888 -0.018256
2889 -0.018609
2890 -0.017552
2891 -0.017552
2892 -0.017552
2893 -0.018256
2894 -0.018256
2895 -0.017904
2896 -0.018256
2897 -0.018609
2898 -0.017552
2899 -0.018256
2900 0.004982
2901 -0.018256
2902 -0.018256
2903 -0.018256
2904 -0.018256
2905 -0.018256
2906 -0.018609
2907 -0.018256
2908 0.004982
2909 -0.017552
2910 0.004629
2911 0.004982
2912 -0.018256
2913 -0.017552
2914 -0.018609
2915 -0.017904
2916 -0.018256
2917 -0.018256
2918 -0.018256
2919 -0.018256
2920 -0.018256
2921 -0.018256
2922 -0.018609
2923 -0.018609
2924 -0.018256
2925 -0.018256
2926 -0.018609
2927 -0.018609
2928 -0.018256
2929 -0.017552
2930 -0.018256
2931 -0.018256
2932 -0.018256
2933 -0.017552
2934 -0.017904
2935 -0.018256
2936 -0.018256
2937 -0.018256
2938 -0.017552
2939 -0.017552
2940 -0.018609
2941 0.004982
2942 -0.017552
2943 0.004982
2944 0.004982
2945 -0.018609
2946 -0.018256
2947 -0.018609
2948 -0.018256
2949 0.004277
2950 -0.018256
2951 -0.018609
2952 -0.018256
2953 -0.017552
2954 -0.018256
2955 -0.018256
2956 -0.017552
2957 -0.018256
2958 -0.018256
2959 -0.018256
2960 -0.018256
2961 0.004277
2962 -0.018256
2963 0.004982
2964 -0.018256
2965 0.004277
2966 -0.018609
2967 -0.018256
2968 -0.018256
2969 -0.017552
2970 -0.017904
2971 -0.017552
2972 -0.017552
2973 -0.018256
2974 -0.018256
2975 0.004629
2976 -0.017552
2977 0.004982
2978 -0.017552
2979 -0.018256
2980 -0.018256
2981 -0.017552
2982 0.004982
2983 -0.018256
2984 -0.018256
2985 -0.018256
2986 -0.018256
2987 0.004982
2988 -0.018256
2989 0.004277
2990 -0.018256
2991 -0.018256
2992 -0.017552
2993 -0.017552
2994 -0.017200
2995 -0.018609
2996 -0.018609
2997 -0.018256
2998 -0.018256
2999 -0.017552
3000 -0.018256
3001 -0.018609
3002 0.004982
3003 0.004982
3004 0.004982
3005 0.004277
3006 0.004982
3007 -0.017552
3008 0.004982
3009 0.004982
3010 -0.017904
3011 -0.018256
3012 -0.018256
3013 -0.018256
3014 0.004629
3015 -0.017552
3016 -0.018256
3017 0.004982
3018 -0.017552
3019 0.004982
3020 0.004982
3021 0.005334
3022 -0.017200
3023 -0.018609
3024 -0.018256
3025 -0.018256
3026 -0.018256
3027 -0.018256
3028 -0.018609
3029 0.004982
3030 0.005334
3031 0.004982
3032 -0.018256
3033 0.004982
3034 0.004982
3035 0.004982
3036 0.004982
3037 0.004982
3038 0.004982
3039 0.004629
3040 -0.018256
3041 0.004982
3042 0.004629
3043 -0.018256
3044 -0.018609
3045 -0.018256
3046 -0.017552
3047 0.004982
3048 -0.018256
3049 0.004982
3050 0.004982
3051 -0.018609
3052 -0.018256
3053 0.004629
3054 0.004982
3055 -0.018256
3056 -0.017552
3057 0.004982
3058 -0.017552
3059 0.004982
3060 0.004982
3061 0.004982
3062 0.005334
3063 -0.018256
3064 -0.018256
3065 0.004629
3066 -0.017904
3067 0.004982
3068 0.004982
3069 0.004982
3070 0.004277
3071 0.004982
3072 -0.017552
3073 -0.018256
3074 0.005334
3075 -0.018256
3076 -0.018256
3077 0.004982
3078 0.004982
3079 0.004982
3080 -0.017904
3081 0.004982
3082 0.004982
3083 0.004982
3084 0.004982
3085 0.004982
3086 0.004277
3087 -0.018256
3088 -0.018256
3089 0.004982
3090 0.004982
3091 -0.017552
3092 -0.017552
3093 -0.018256
3094 0.004982
3095 0.004982
3096 -0.018256
3097 0.004982
3098 -0.017552
3099 0.004982
3100 0.004982
3101 -0.018609
3102 -0.018609
3103 -0.017552
3104 0.004982
3105 0.004277
3106 -0.018609
3107 0.004982
3108 0.004982
3109 0.004982
3110 0.004982
3111 0.004982
3112 -0.018256
3113 0.004982
3114 -0.018256
3115 -0.017552
3116 -0.017200
3117 0.004982
3118 -0.018256
3119 -0.017200
3120 -0.017552
3121 0.004277
3122 -0.018256
3123 -0.018609
3124 -0.018256
3125 0.004982
3126 -0.018256
3127 -0.018609
3128 -0.018256
3129 -0.018256
3130 -0.018256
3131 -0.017552
3132 0.004982
3133 0.004629
3134 0.004982
3135 0.004982
3136 0.004629
3137 -0.017552
3138 -0.017552
3139 -0.018256
3140 0.004629
3141 0.004982
3142 0.004982
3143 0.004982
3144 0.005334
3145 0.004982
3146 0.004982
3147 0.004982
3148 -0.017552
3149 0.004277
3150 -0.018256
3151 -0.018609
3152 -0.018256
3153 0.004982
3154 0.004982
3155 0.004982
3156 0.004982
3157 -0.017552
3158 0.004277
3159 0.004629
3160 -0.017552
3161 -0.017552
3162 0.004982
3163 0.004982
3164 0.004982
3165 0.004982
3166 0.004277
3167 -0.017552
3168 -0.018256
3169 -0.018256
3170 -0.017552
3171 -0.018256
3172 -0.018256
3173 -0.018256
3174 -0.018256
3175 0.004982
3176 0.004982
3177 0.004982
3178 0.004982
3179 -0.018256
3180 0.004629
3181 0.004629
3182 0.004982
3183 0.004277
3184 -0.018256
3185 0.004982
3186 0.004982
3187 0.005334
3188 0.004982
3189 0.003925
3190 0.004982
3191 0.004982
3192 -0.018256
3193 0.004982
3194 0.004629
3195 0.004982
3196 0.004982
3197 0.004982
3198 0.004982
3199 -0.017904
3200 0.004629
3201 -0.018609
3202 -0.018256
3203 -0.018609
3204 -0.018256
3205 -0.018256
3206 0.004982
3207 0.004982
3208 0.005334
3209 0.004982
3210 0.004629
3211 0.004982
3212 -0.017200
3213 -0.017552
3214 -0.017552
3215 -0.017552
3216 0.004982
3217 -0.017552
3218 0.004982
3219 0.004277
3220 -0.018256
3221 0.004982
3222 0.004629
3223 -0.017904
3224 -0.018256
3225 0.004982
3226 -0.018256
3227 0.004982
3228 -0.018256
3229 -0.018256
3230 -0.018256
3231 -0.018256
3232 0.004982
3233 -0.017552
3234 -0.017904
3235 -0.018609
3236 -0.018256
3237 -0.018256
3238 0.005334
3239 -0.018256
3240 -0.018256
3241 0.004982
3242 0.004982
3243 0.004982
3244 0.004982
3245 0.004982
3246 0.005334
3247 0.004629
3248 -0.017552
3249 -0.017552
3250 -0.017552
3251 -0.018256
3252 -0.018256
3253 -0.018256
3254 -0.018256
3255 -0.018609
3256 -0.018256
3257 -0.018256
3258 -0.017200
3259 -0.017552
3260 -0.017552
3261 -0.017552
3262 -0.018256
3263 0.004982
3264 -0.018256
3265 -0.018256
3266 -0.018256
3267 -0.018256
3268 -0.017552
3269 -0.017552
3270 0.004277
3271 -0.018609
3272 -0.018256
3273 -0.017904
3274 0.004277
3275 0.004629
3276 0.004982
3277 0.004982
3278 0.004982
3279 -0.017552
3280 -0.018609
3281 -0.017552
3282 -0.018256
3283 0.004277
3284 -0.018609
3285 0.004277
3286 -0.017552
3287 -0.018256
3288 -0.018256
3289 -0.018256
3290 -0.018256
3291 -0.018256
3292 -0.018256
3293 -0.017552
3294 -0.018256
3295 -0.018256
3296 -0.018256
3297 0.004982
3298 -0.018256
3299 -0.018256
3300 -0.018256
3301 -0.018256
3302 -0.018609
3303 -0.018256
3304 -0.018256
3305 -0.018256
3306 -0.017552
3307 -0.018256
3308 0.004982
3309 0.004982
3310 0.004982
3311 0.004982
3312 -0.018609
3313 -0.017904
3314 -0.018256
3315 0.004629
3316 -0.017552
3317 0.004982
3318 -0.018609
3319 -0.017552
3320 -0.018256
3321 0.004982
3322 -0.017552
3323 -0.018256
3324 -0.018609
3325 -0.018256
3326 0.003925
3327 -0.018609
3328 -0.018609
3329 -0.017552
3330 -0.018256
3331 -0.018256
3332 -0.018256
3333 -0.018256
3334 -0.018609
3335 -0.018609
3336 -0.018256
3337 -0.017552
3338 -0.018256
3339 0.004629
3340 -0.018256
3341 0.004982
3342 0.004982
3343 0.004982
3344 0.004982
3345 -0.018256
3346 -0.018256
3347 -0.018256
3348 -0.018256
3349 -0.017200
3350 -0.018609
3351 -0.018256
3352 -0.018256
3353 -0.017904
3354 -0.017200
3355 -0.018256
3356 -0.017552
3357 0.004629
3358 -0.018256
3359 -0.017552
3360 -0.018256
3361 0.004982
3362 -0.018256
3363 -0.018256
3364 0.003925
3365 -0.018609
3366 0.004982
3367 -0.017552
3368 -0.018256
3369 -0.018256
3370 0.004982
3371 -0.017552
3372 -0.018256
3373 -0.018609
3374 0.004277
3375 0.004982
3376 0.004982
3377 0.004982
3378 -0.017552
3379 -0.017552
3380 0.004982
3381 -0.018256
3382 0.005334
3383 -0.018256
3384 -0.017552
3385 -0.018609
3386 -0.018609
3387 -0.017552
3388 -0.018609
3389 -0.017904
3390 -0.018256
3391 -0.017552
3392 -0.018609
3393 -0.018256
3394 -0.017552
3395 -0.018256
3396 -0.018256
3397 -0.018256
3398 -0.018256
3399 -0.017552
3400 -0.018256
3401 -0.018256
3402 -0.018256
3403 -0.018609
3404 0.004277
3405 -0.018256
3406 0.003925
3407 -0.017552
3408 -0.017552
3409 0.004629
3410 0.004629
3411 0.004629
3412 -0.018256
3413 -0.018256
3414 -0.018256
3415 -0.018609
3416 -0.018256
3417 -0.018256
3418 -0.018256
3419 -0.018609
3420 -0.018609
3421 -0.018256
3422 -0.018256
3423 -0.018256
3424 -0.018256
3425 -0.018609
3426 -0.018609
3427 -0.018256
3428 -0.018256
3429 -0.018256
3430 -0.018256
3431 -0.018256
3432 -0.018256
3433 -0.018609
3434 -0.018256
3435 -0.018609
3436 -0.018256
3437 0.004982
3438 -0.017552
3439 -0.017200
3440 -0.018256
3441 0.004982
3442 0.004982
3443 0.004982
3444 0.005334
3445 0.003925
3446 -0.018609
3447 -0.017552
3448 -0.017552
3449 -0.017552
3450 -0.018256
3451 -0.018256
3452 -0.018256
3453 -0.017552
3454 -0.017552
3455 -0.018256
3456 -0.018609
3457 -0.017552
3458 -0.018609
3459 -0.018256
3460 -0.018609
3461 -0.018256
3462 0.004277
3463 0.004982
3464 -0.018256
3465 0.004277
3466 -0.018256
3467 0.004982
3468 -0.017904
3469 -0.017552
3470 -0.018256
3471 -0.017552
3472 -0.018256
3473 -0.018256
3474 0.004277
3475 0.004629
3476 0.004629
3477 0.005334
3478 0.004982
3479 -0.018256
3480 -0.018256
3481 -0.018609
3482 -0.017552
3483 -0.017552
3484 -0.018256
3485 0.004982
3486 -0.018256
3487 -0.017552
3488 -0.018256
3489 -0.018256
3490 -0.018256
3491 -0.018256
3492 -0.018256
3493 -0.017552
3494 -0.018256
3495 -0.017552
3496 -0.018609
3497 0.004629
3498 -0.018256
3499 -0.018609
3500 -0.017904
3501 -0.018609
3502 -0.018609
3503 0.004982
3504 -0.017552
3505 0.004982
3506 -0.017552
3507 0.004982
3508 0.004982
3509 0.005334
3510 0.004629
3511 0.004982
3512 -0.017552
3513 -0.018609
3514 0.004982
3515 0.004982
3516 0.004982
3517 0.004982
3518 0.004982
3519 -0.017552
3520 -0.018256
3521 0.004629
3522 -0.018256
3523 -0.018609
3524 -0.018256
3525 -0.018609
3526 0.004982
3527 0.004629
3528 -0.018609
3529 -0.018609
3530 0.004629
3531 0.004629
3532 0.004982
3533 -0.017552
3534 -0.018256
3535 -0.018609
3536 -0.018609
3537 -0.018256
3538 0.004982
3539 -0.017552
3540 0.004982
3541 0.004982
3542 0.004629
3543 0.004982
3544 0.004982
3545 0.004982
3546 0.004982
3547 0.004982
3548 0.004982
3549 -0.018256
3550 0.004982
3551 -0.018609
3552 -0.018609
3553 0.004629
3554 0.004982
3555 -0.018256
3556 -0.018256
3557 -0.018256
3558 -0.017552
3559 0.004982
3560 0.004982
3561 0.004982
3562 0.004982
3563 0.004982
3564 0.004982
3565 0.004982
3566 -0.017904
3567 -0.017904
3568 -0.017552
3569 0.004277
3570 0.004982
3571 0.004982
3572 -0.018256
3573 -0.017904
3574 0.004982
3575 0.004982
3576 0.004982
3577 0.004629
3578 0.004982
3579 0.004982
3580 -0.017552
3581 0.004982
3582 0.004277
3583 0.004982
3584 -0.017552
3585 -0.018256
3586 -0.018256
3587 -0.017552
3588 0.004982
3589 -0.017552
3590 -0.017904
3591 0.004629
3592 -0.017904
3593 0.004982
3594 0.004629
3595 -0.018609
3596 0.004629
3597 0.003925
3598 0.004629
3599 -0.018256
3600 0.004277
3601 -0.018256
3602 -0.018256
3603 -0.017552
3604 -0.017552
3605 0.004982
3606 -0.017552
3607 -0.018256
3608 -0.017552
3609 0.005334
3610 0.004982
3611 0.004982
3612 0.004277
3613 0.004982
3614 0.004277
3615 0.005334
3616 -0.017552
3617 -0.017904
3618 -0.018256
3619 0.004629
3620 0.004629
3621 0.004629
3622 0.004982
3623 0.004982
3624 -0.017552
3625 -0.017200
3626 0.004982
3627 -0.017552
3628 -0.017552
3629 -0.017552
3630 -0.018256
3631 0.004982
3632 -0.017552
3633 0.005334
3634 0.004629
3635 -0.018256
3636 -0.018256
3637 -0.018256
3638 -0.018609
3639 0.004982
3640 -0.018256
3641 0.004629
3642 0.004629
3643 0.004982
3644 0.004982
3645 0.004982
3646 0.004982
3647 0.004982
3648 -0.017552
3649 -0.017904
3650 -0.018256
3651 -0.018256
3652 -0.018256
3653 -0.018256
3654 -0.018256
3655 -0.017552
3656 -0.017552
3657 0.004982
3658 -0.017552
3659 0.005334
3660 0.004982
3661 0.004982
3662 0.004982
3663 0.004982
3664 -0.017552
3665 0.004982
3666 0.004982
3667 0.004629
3668 -0.017552
3669 0.004982
3670 0.004982
3671 0.004982
3672 -0.017904
3673 -0.017552
3674 0.004982
3675 0.004629
3676 0.004982
3677 0.004982
3678 0.005334
3679 0.004982
3680 -0.018256
3681 0.004277
3682 0.004629
3683 -0.018256
3684 0.004982
3685 0.003925
3686 0.004982
3687 -0.017904
3688 -0.018609
3689 0.004982
3690 -0.017552
3691 0.004629
3692 0.004982
3693 -0.017904
3694 0.004982
3695 0.004982
3696 0.004982
3697 0.004982
3698 0.004982
3699 0.004982
3700 0.004629
3701 -0.018256
3702 -0.017552
3703 -0.018609
3704 -0.018256
3705 0.004277
3706 0.004982
3707 0.004277
3708 0.004629
3709 0.004982
3710 0.004982
3711 0.004629
3712 0.004629
3713 -0.018256
3714 -0.018256
3715 0.004982
3716 0.004982
3717 0.005334
3718 0.004629
3719 0.004982
3720 0.004982
3721 0.004982
3722 0.004982
3723 -0.017552
3724 0.004982
3725 -0.017904
3726 0.004982
3727 0.004982
3728 -0.017552
3729 -0.017552
3730 -0.017552
3731 0.004982
3732 0.004629
3733 -0.017904
3734 -0.017552
3735 0.004629
3736 -0.017904
3737 -0.018256
3738 -0.018256
3739 -0.018256
3740 -0.018256
3741 0.005334
3742 0.005334
3743 0.004982
3744 0.004982
3745 0.004982
3746 -0.018256
3747 0.004982
3748 0.004982
3749 0.004982
3750 0.004982
3751 -0.018256
3752 -0.018256
3753 -0.017552
3754 -0.018609
3755 -0.017904
3756 -0.017552
3757 0.004277
3758 -0.017904
3759 -0.018256
3760 -0.018256
3761 -0.018256
3762 -0.017552
3763 -0.017904
3764 0.004629
3765 0.004982
3766 -0.018609
3767 -0.017552
3768 -0.018256
3769 -0.017552
3770 -0.018256
3771 -0.018256
3772 -0.017552
3773 -0.018256
3774 -0.018256
3775 0.004982
3776 0.004629
3777 0.004982
3778 0.004982
3779 -0.018256
3780 -0.018256
3781 -0.018256
3782 -0.018609
3783 0.004982
3784 -0.018256
3785 -0.017904
3786 -0.017552
3787 -0.017552
3788 0.004277
3789 -0.018256
3790 0.004277
3791 -0.017552
3792 -0.018256
3793 0.004982
3794 -0.017552
3795 -0.018256
3796 -0.018256
3797 -0.018256
3798 -0.018256
3799 -0.018609
3800 -0.018256
3801 -0.018256
3802 -0.018256
3803 -0.018609
3804 -0.018609
3805 -0.017552
3806 -0.018256
3807 -0.018609
3808 0.004982
3809 -0.018256
3810 -0.017552
3811 -0.017552
3812 -0.018256
3813 0.005334
3814 -0.018256
3815 -0.017552
3816 -0.018256
3817 -0.018256
3818 -0.017552
3819 -0.018256
3820 -0.017552
3821 -0.018609
3822 0.004277
3823 -0.018256
3824 -0.018256
3825 -0.017552
3826 -0.017904
3827 -0.018609
3828 0.003925
3829 -0.018609
3830 -0.018609
3831 -0.018609
3832 0.004982
3833 -0.017552
3834 -0.018256
3835 -0.018256
3836 -0.018256
3837 0.004277
3838 -0.017552
3839 -0.018256
3840 -0.018256
3841 -0.018256
3842 -0.018256
3843 -0.018256
3844 0.004629
3845 0.004982
3846 -0.018256
3847 -0.018256
3848 -0.018256
3849 -0.018256
3850 -0.018609
3851 -0.018256
3852 -0.018256
3853 -0.017904
3854 -0.018256
3855 -0.017552
3856 -0.018256
3857 -0.018256
3858 -0.018256
3859 -0.018256
3860 -0.018256
3861 -0.018256
3862 -0.018256
3863 -0.018256
3864 -0.018256
3865 0.004982
3866 -0.017552
3867 -0.017552
3868 -0.017904
3869 -0.018256
3870 -0.017552
3871 -0.017552
3872 -0.018256
3873 -0.017552
3874 0.004629
3875 -0.018256
3876 -0.018609
3877 -0.018256
3878 0.004982
3879 -0.018256
3880 -0.018256
3881 -0.017200
3882 -0.018256
3883 -0.018256
3884 -0.018256
3885 0.004277
3886 0.004277
3887 -0.018256
3888 -0.018256
3889 -0.018256
3890 -0.017904
3891 -0.017552
3892 -0.018256
3893 -0.017552
3894 -0.018256
3895 0.004982
3896 -0.018609
3897 -0.017904
3898 -0.017904
3899 -0.018256
3900 0.004982
3901 -0.018256
3902 -0.018256
3903 -0.018256
3904 -0.018609
3905 -0.018256
3906 -0.018256
3907 -0.018256
3908 -0.018256
3909 0.004629
3910 0.004982
3911 0.004629
3912 -0.018609
3913 -0.017552
3914 -0.017552
3915 0.004277
3916 -0.018256
3917 -0.018256
3918 -0.017904
3919 -0.018609
3920 -0.018609
3921 -0.018256
3922 -0.018256
3923 -0.017552
3924 -0.018609
3925 -0.017904
3926 -0.018256
3927 -0.018256
3928 -0.018609
3929 -0.018609
3930 -0.018256
3931 -0.017552
3932 -0.017552
3933 -0.018609
3934 -0.018256
3935 -0.017552
3936 -0.018609
3937 0.004982
3938 -0.018609
3939 -0.018256
3940 -0.018256
3941 -0.018609
3942 -0.018256
3943 -0.018256
3944 0.004982
3945 -0.017904
3946 -0.017200
3947 -0.018256
3948 -0.017904
3949 -0.018256
3950 -0.018256
3951 -0.018256
3952 -0.018256
3953 -0.017552
3954 -0.017552
3955 -0.018609
3956 -0.018609
3957 -0.018256
3958 -0.018609
3959 -0.017904
3960 -0.018256
3961 0.004277
3962 -0.018256
3963 -0.018256
3964 -0.018256
3965 -0.018256
3966 0.003925
3967 -0.018609
3968 -0.018256
3969 -0.017552
3970 -0.018609
3971 -0.018256
3972 -0.018256
3973 -0.018256
3974 -0.017552
3975 0.004982
3976 -0.018256
3977 0.004629
3978 -0.017200
3979 -0.018256
3980 -0.018609
3981 -0.018256
3982 -0.017904
3983 0.004277
3984 -0.017904
3985 -0.018256
3986 -0.017552
3987 -0.018256
3988 -0.018609
3989 -0.017552
3990 -0.018256
3991 -0.018609
3992 -0.018256
3993 -0.017552
3994 -0.017552
3995 -0.018256
3996 -0.018256
3997 -0.018256
3998 -0.018256
3999 -0.017904
4000 -0.018256
4001 -0.018256
4002 -0.018256
4003 -0.018256
4004 -0.018256
4005 -0.018256
4006 -0.017552
4007 0.004982
4008 0.004982
4009 0.004982
4010 0.004982
4011 0.004982
4012 0.004629
4013 -0.017552
4014 0.004629
4015 0.003925
4016 0.004629
4017 0.004982
4018 -0.017552
4019 0.004982
4020 0.004982
4021 -0.018609
4022 -0.018256
4023 -0.018256
4024 -0.018256
4025 -0.018256
4026 -0.018256
4027 -0.018256
4028 -0.018609
4029 -0.018256
4030 -0.018256
4031 -0.018256
4032 -0.018609
4033 -0.018256
4034 -0.018256
4035 -0.018609
4036 -0.018609
4037 -0.018256
4038 -0.018256
4039 -0.018256
4040 -0.018256
4041 -0.018256
4042 -0.018256
4043 -0.018609
4044 -0.018256
4045 0.004982
4046 0.004982
4047 -0.017904
4048 -0.018256
4049 0.004982
4050 0.004982
4051 -0.018256
4052 -0.018256
4053 -0.017552
4054 0.004982
4055 -0.018256
4056 -0.018609
4057 -0.017552
4058 -0.018609
4059 -0.018609
4060 0.004629
4061 0.004982
4062 -0.017552
4063 -0.018609
4064 -0.018256
4065 0.004982
4066 -0.018256
4067 0.004982
4068 -0.017552
4069 -0.017552
4070 0.004982
4071 0.004982
4072 -0.017552
4073 0.004982
4074 0.004982
4075 0.004629
4076 0.004982
4077 0.004629
4078 0.004982
4079 0.004629
4080 0.004982
4081 -0.018256
4082 0.004982
4083 -0.017904
4084 -0.017552
4085 0.004982
4086 0.004982
4087 0.004629
4088 -0.017904
4089 -0.017552
4090 0.004629
4091 -0.018256
4092 0.004629
4093 0.004982
4094 0.004629
4095 -0.018256
4096 -0.018256
4097 -0.017552
4098 -0.017552
4099 -0.018256
4100 0.004982
4101 -0.018609
4102 -0.018256
4103 -0.018609
4104 -0.018609
4105 0.004629
4106 -0.017904
4107 0.004629
4108 0.004629
4109 0.004629
4110 0.004982
4111 0.004629
4112 -0.017552
4113 0.004982
4114 0.004982
4115 0.004982
4116 0.004277
4117 0.004982
4118 0.004982
4119 -0.017552
4120 -0.017552
4121 0.004982
4122 -0.018609
4123 0.004982
4124 -0.017552
4125 0.004982
4126 0.004982
4127 0.004629
4128 -0.017904
4129 -0.018256
4130 0.004629
4131 -0.017552
4132 -0.017904
4133 0.004629
4134 -0.017552
4135 0.004982
4136 -0.018256
4137 0.004629
4138 0.004982
4139 -0.017552
4140 0.004982
4141 0.004982
4142 0.004982
4143 0.004982
4144 -0.018256
4145 -0.018256
4146 -0.018256
4147 0.004629
4148 -0.017552
4149 0.004629
4150 -0.017552
4151 -0.018609
4152 -0.018609
4153 0.004982
4154 -0.017552
4155 0.004629
4156 0.004629
4157 0.004629
4158 0.004982
4159 -0.018256
4160 0.004629
4161 0.004982
4162 -0.018256
4163 0.005334
4164 -0.017552
4165 0.004982
4166 0.004629
4167 0.004982
4168 -0.017552
4169 -0.017552
4170 -0.018609
4171 0.004982
4172 0.004982
4173 -0.018609
4174 -0.018256
4175 0.004629
4176 0.004629
4177 0.004982
4178 0.004629
4179 0.004277
4180 0.004982
4181 0.004982
4182 0.004982
4183 0.004982
4184 -0.018609
4185 0.004982
4186 0.004629
4187 -0.018256
4188 0.004982
4189 0.004982
4190 0.004629
4191 0.004629
4192 -0.018256
4193 -0.018256
4194 -0.017552
4195 -0.018256
4196 -0.018609
4197 -0.018609
4198 0.004277
4199 0.004629
4200 0.004982
4201 -0.018256
4202 -0.018256
4203 -0.018609
4204 -0.017552
4205 0.004982
4206 0.004982
4207 0.004277
4208 0.004982
4209 0.004629
4210 0.004982
4211 0.004629
4212 -0.017552
4213 -0.017904
4214 0.004982
4215 0.004982
4216 -0.018256
4217 -0.017552
4218 -0.017904
4219 0.004277
4220 -0.017552
4221 0.003925
4222 -0.018256
4223 0.004982
4224 0.004277
4225 -0.018256
4226 -0.018609
4227 -0.018256
4228 0.004982
4229 0.004982
4230 0.004982
4231 0.005334
4232 0.004982
4233 -0.018256
4234 -0.017200
4235 -0.018256
4236 0.004982
4237 0.004982
4238 0.004982
4239 0.004982
4240 0.004629
4241 0.004982
4242 0.004982
4243 0.004982
4244 0.004982
4245 -0.018609
4246 -0.018609
4247 -0.018256
4248 -0.018609
4249 -0.017904
4250 -0.017904
4251 -0.018256
4252 -0.018256
4253 -0.017552
4254 -0.018256
4255 -0.017552
4256 -0.017552
4257 0.004982
4258 -0.018609
4259 -0.018609
4260 -0.018256
4261 -0.018256
4262 -0.018256
4263 0.004629
4264 -0.018256
4265 -0.018256
4266 0.004982
4267 -0.018256
4268 -0.018609
4269 -0.017552
4270 -0.018256
4271 -0.017904
4272 -0.018256
4273 -0.017904
4274 0.004982
4275 0.004982
4276 0.004982
4277 0.004982
4278 0.004629
4279 -0.018256
4280 -0.018256
4281 -0.018256
4282 -0.018256
4283 -0.018256
4284 -0.018609
4285 -0.018256
4286 0.004982
4287 -0.017552
4288 -0.017904
4289 -0.017552
4290 -0.018256
4291 -0.018256
4292 -0.018609
4293 -0.018256
4294 -0.018609
4295 -0.018609
4296 -0.018256
4297 -0.018256
4298 -0.018256
4299 -0.018609
4300 -0.017200
4301 -0.018256
4302 -0.018256
4303 -0.018256
4304 -0.018256
4305 -0.018256
4306 0.004982
4307 -0.018609
4308 0.004982
4309 0.004982
4310 0.005334
4311 0.004982
4312 -0.018256
4313 -0.018256
4314 -0.018256
4315 -0.018609
4316 0.004982
4317 -0.018256
4318 -0.018256
4319 -0.017552
4320 -0.017552
4321 -0.017552
4322 -0.018256
4323 -0.018256
4324 -0.018256
4325 -0.018609
4326 0.004277
4327 -0.018609
4328 -0.018256
4329 -0.018609
4330 -0.017552
4331 -0.018256
4332 -0.017552
4333 -0.018609
4334 0.004277
4335 -0.017552
4336 -0.018609
4337 -0.017904
4338 -0.018609
4339 -0.017552
4340 -0.018256
4341 0.004629
4342 0.004982
4343 0.004277
4344 0.004277
4345 -0.017552
4346 -0.018256
4347 -0.018256
4348 -0.018256
4349 -0.018256
4350 -0.018256
4351 -0.018256
4352 -0.018256
4353 -0.018609
4354 -0.018609
4355 -0.018256
4356 -0.018256
4357 -0.018609
4358 -0.018609
4359 -0.018256
4360 -0.018256
4361 -0.017552
4362 -0.018609
4363 -0.018256
4364 -0.017552
4365 0.004982
4366 -0.017904
4367 -0.017552
4368 -0.018256
4369 -0.018256
4370 -0.017552
4371 -0.018256
4372 -0.018609
4373 -0.018256
4374 -0.017552
4375 0.004982
4376 0.004982
4377 0.004982
4378 -0.018609
4379 0.004629
4380 -0.017904
4381 0.004277
4382 0.004277
4383 -0.018609
4384 0.004629
4385 -0.018256
4386 -0.018256
4387 -0.018256
4388 -0.018256
4389 -0.017904
4390 -0.018256
4391 -0.017552
4392 -0.017552
4393 -0.017552
4394 -0.017552
4395 -0.018256
4396 -0.018609
4397 0.004629
4398 -0.018609
4399 0.004277
4400 -0.018256
4401 -0.018256
4402 -0.018256
4403 -0.018256
4404 0.004277
4405 -0.018256
4406 -0.018609
4407 -0.017552
4408 -0.017552
4409 0.004629
4410 0.004629
4411 0.004629
4412 0.004277
4413 -0.018256
4414 -0.018256
4415 -0.017904
4416 -0.018609
4417 -0.018609
4418 -0.018256
4419 -0.018256
4420 -0.018256
4421 -0.018256
4422 -0.017552
4423 -0.018256
4424 -0.018256
4425 0.004277
4426 -0.018609
4427 -0.018256
4428 -0.018256
4429 -0.018256
4430 -0.018256
4431 -0.018609
4432 -0.018256
4433 -0.017904
4434 -0.017552
4435 -0.018609
4436 -0.018256
4437 0.004982
4438 -0.018256
4439 -0.018256
4440 -0.018256
4441 0.004277
4442 0.004982
4443 0.004982
4444 0.004982
4445 -0.017552
4446 -0.018609
4447 -0.018256
4448 -0.018256
4449 -0.018609
4450 -0.018256
4451 -0.018256
4452 -0.018256
4453 -0.018609
4454 -0.018609
4455 -0.017552
4456 -0.018609
4457 0.004982
4458 -0.018256
4459 -0.018256
4460 -0.017552
4461 0.004982
4462 -0.017552
4463 -0.018256
4464 0.004277
4465 -0.018609
4466 -0.017552
4467 0.004277
4468 -0.018256
4469 -0.018256
4470 -0.017552
4471 -0.017552
4472 -0.018609
4473 -0.017552
4474 -0.018256
4475 0.004629
4476 0.004982
4477 0.004982
4478 0.004982
4479 -0.018256
4480 -0.018609
4481 -0.018609
4482 -0.018256
4483 -0.018256
4484 -0.018609
4485 -0.018256
4486 -0.018609
4487 -0.017552
4488 -0.018256
4489 -0.018256
4490 0.005334
4491 0.004277
4492 -0.018256
4493 -0.018256
4494 -0.017552
4495 0.004982
4496 -0.018256
4497 -0.018256
4498 -0.017552
4499 -0.018609
4500 0.004629
4501 -0.018256
4502 -0.018609
4503 0.004982
4504 -0.018609
4505 0.004982
4506 0.003925
4507 -0.017552
4508 0.004629
4509 0.004982
4510 0.005334
4511 0.004982
4512 -0.017552
4513 0.004982
4514 -0.018256
4515 -0.018256
4516 -0.018256
4517 -0.018256
4518 -0.018256
4519 -0.017552
4520 -0.018256
4521 0.004982
4522 0.004277
4523 0.004982
4524 0.004982
4525 0.004982
4526 -0.017552
4527 -0.017904
4528 -0.017904
4529 0.004982
4530 -0.017904
4531 0.004982
4532 -0.018256
4533 0.004629
4534 0.004982
4535 0.004982
4536 -0.017904
4537 -0.018609
4538 -0.018256
4539 -0.017552
4540 0.004982
4541 0.004982
4542 0.004982
4543 0.004982
4544 0.004629
4545 -0.018609
4546 -0.018609
4547 -0.018609
4548 -0.018609
4549 -0.018609
4550 -0.018256
4551 -0.018256
4552 -0.018609
4553 -0.017552
4554 -0.018256
4555 -0.018256
4556 0.004982
4557 0.004982
4558 0.004982
4559 0.004982
4560 -0.018256
4561 0.004982
4562 0.004629
4563 0.004982
4564 0.004277
4565 -0.017904
4566 0.004982
4567 0.004982
4568 -0.018256
4569 0.003925
4570 0.004982
4571 0.004982
4572 -0.018256
4573 -0.017552
4574 0.004982
4575 0.004982
4576 0.004629
4577 0.004982
4578 -0.017200
4579 -0.018256
4580 -0.018256
4581 -0.018256
4582 0.004982
4583 0.004277
4584 -0.018256
4585 -0.018256
4586 0.003925
4587 -0.017552
4588 -0.017552
4589 0.004629
4590 0.004277
4591 0.004982
4592 -0.017904
4593 0.004982
4594 0.004982
4595 0.004277
4596 0.004982
4597 0.004277
4598 0.003925
4599 0.004982
4600 -0.018256
4601 -0.018256
4602 -0.018256
4603 0.003925
4604 -0.017552
4605 0.005334
4606 0.004982
4607 0.005334
4608 0.004982
4609 0.004982
4610 0.004982
4611 -0.018256
4612 -0.018609
4613 -0.018256
4614 0.004982
4615 -0.018256
4616 -0.018256
4617 -0.018256
4618 -0.018609
4619 -0.017552
4620 0.004629
4621 0.004982
4622 0.004982
4623 0.004982
4624 -0.018256
4625 0.004982
4626 -0.018256
4627 -0.017552
4628 -0.017552
4629 -0.018256
4630 -0.018256
4631 -0.018256
4632 -0.018609
4633 -0.018609
4634 -0.018609
4635 -0.018256
4636 -0.018256
4637 -0.018609
4638 -0.018256
4639 -0.018609
4640 -0.018256
4641 -0.018609
4642 -0.018609
4643 -0.018609
4644 -0.018609
4645 -0.018256
4646 -0.018256
4647 -0.018256
4648 -0.018256
4649 -0.018609
4650 -0.017552
4651 -0.018256
4652 -0.018256
4653 -0.018256
4654 -0.018256
4655 -0.018256
4656 -0.018256
4657 -0.018256
4658 -0.018609
4659 -0.017552
4660 0.004629
4661 -0.017552
4662 0.004629
4663 0.004277
4664 0.004629
4665 0.004982
4666 0.004982
4667 0.004277
4668 0.004629
4669 0.004982
4670 0.004982
4671 0.004982
4672 0.004629
4673 -0.018256
4674 0.004982
4675 -0.018256
4676 -0.018256
4677 -0.018256
4678 0.004982
4679 0.004629
4680 -0.018609
4681 0.004277
4682 0.004629
4683 -0.018256
4684 0.004982
4685 0.004982
4686 0.004982
4687 -0.017904
4688 -0.018256
4689 0.004982
4690 -0.017904
4691 -0.017552
4692 0.004629
4693 0.004982
4694 -0.017904
4695 0.005334
4696 -0.017552
4697 -0.018256
4698 -0.018256
4699 -0.017200
4700 -0.018256
4701 -0.018256
4702 -0.018256
4703 0.004277
4704 -0.018256
4705 -0.017552
4706 -0.018609
4707 -0.018256
4708 -0.018256
4709 -0.018609
4710 0.004629
4711 0.004629
4712 -0.018609
4713 0.004629
4714 0.004629
4715 0.004629
4716 0.004982
4717 0.004982
4718 0.004629
4719 0.004277
4720 0.004982
4721 -0.018256
4722 -0.017904
4723 0.004982
4724 0.004982
4725 0.004982
4726 0.003925
4727 0.004982
4728 -0.017904
4729 0.004629
4730 0.004629
4731 -0.017552
4732 0.004982
4733 0.004982
4734 0.004277
4735 0.004277
4736 -0.017552
4737 -0.017552
4738 -0.017552
4739 -0.018256
4740 -0.018256
4741 0.004982
4742 0.004982
4743 0.004982
4744 0.004629
4745 0.004982
4746 0.004982
4747 0.004982
4748 0.004982
4749 0.004982
4750 0.005334
4751 -0.018609
4752 -0.018609
4753 -0.017552
4754 -0.018256
4755 -0.018256
4756 -0.018256
4757 -0.018609
4758 -0.018609
4759 -0.018609
4760 -0.018609
4761 -0.018609
4762 -0.017552
4763 -0.018256
4764 -0.018256
4765 0.003925
4766 -0.017552
4767 0.004982
4768 -0.018256
4769 -0.018256
4770 -0.018609
4771 -0.018256
4772 -0.018256
4773 -0.018256
4774 -0.017552
4775 0.004982
4776 -0.017904
4777 0.005334
4778 0.004982
4779 -0.018256
4780 -0.018256
4781 -0.018256
4782 -0.017904
4783 -0.018609
4784 -0.018256
4785 -0.018609
4786 -0.018609
4787 -0.018256
4788 -0.018256
4789 -0.018256
4790 -0.018256
4791 -0.018609
4792 -0.018256
4793 -0.018256
4794 -0.018256
4795 -0.018256
4796 -0.018609
4797 -0.018256
4798 -0.018256
4799 -0.018256
4800 -0.018256
4801 -0.018256
4802 -0.018256
4803 -0.018256
4804 0.003925
4805 -0.018609
4806 -0.018609
4807 -0.018609
4808 -0.017552
4809 -0.018256
4810 -0.017552
4811 0.004982
4812 -0.018256
4813 -0.017552
4814 -0.018256
4815 -0.017552
4816 -0.018256
4817 -0.018609
4818 -0.018256
4819 -0.018256
4820 -0.018256
4821 0.004982
4822 -0.018256
4823 -0.017552
4824 -0.018256
4825 0.004277
4826 -0.018256
4827 -0.017904
4828 0.004982
4829 -0.018256
4830 -0.018256
4831 -0.018256
4832 -0.017552
4833 -0.017904
4834 0.004982
4835 -0.018256
4836 -0.018256
4837 -0.018609
4838 -0.018609
4839 -0.018256
4840 -0.018609
4841 0.004982
4842 -0.018609
4843 0.004629
4844 0.004982
4845 0.004277
4846 0.004277
4847 -0.018609
4848 -0.017552
4849 -0.017552
4850 -0.017552
4851 -0.018609
4852 -0.018609
4853 -0.017552
4854 -0.018256
4855 -0.018609
4856 -0.018256
4857 -0.018256
4858 -0.018256
4859 -0.018256
4860 -0.018256
4861 0.004277
4862 0.004629
4863 0.004277
4864 -0.018256
4865 -0.018256
4866 -0.018609
4867 -0.018609
4868 -0.017552
4869 -0.018256
4870 -0.018256
4871 -0.018256
4872 -0.018609
4873 -0.017904
4874 0.004982
4875 0.004629
4876 0.004982
4877 0.004982
4878 0.004629
4879 -0.018256
4880 -0.018256
4881 -0.017200
4882 -0.018609
4883 -0.017552
4884 0.003925
4885 0.004277
4886 0.005334
4887 -0.018256
4888 -0.018609
4889 -0.018256
4890 -0.017904
4891 -0.017552
4892 -0.018609
4893 -0.018256
4894 -0.017904
4895 -0.018609
4896 -0.018256
4897 0.004982
4898 -0.018256
4899 -0.018609
4900 -0.018256
4901 -0.018256
4902 -0.018256
4903 -0.018256
4904 -0.018256
4905 -0.018256
4906 -0.018256
4907 -0.018256
4908 0.004982
4909 0.004982
4910 0.004982
4911 0.004982
4912 -0.018256
4913 -0.018256
4914 -0.017552
4915 -0.018256
4916 -0.018609
4917 0.004982
4918 -0.017552
4919 -0.018256
4920 -0.018609
4921 -0.017552
4922 -0.018256
4923 -0.018256
4924 0.004629
4925 0.004982
4926 0.004982
4927 0.004277
4928 -0.018256
4929 0.004982
4930 -0.018609
4931 -0.018256
4932 -0.018609
4933 -0.018256
4934 -0.017552
4935 -0.018256
4936 -0.017552
4937 -0.018609
4938 -0.017552
4939 -0.017552
4940 -0.018256
4941 0.004629
4942 0.004982
4943 0.004629
4944 0.004629
4945 0.004629
4946 -0.017904
4947 -0.018609
4948 -0.018609
4949 -0.018256
4950 -0.018256
4951 -0.018256
4952 -0.018609
4953 -0.018256
4954 -0.018609
4955 -0.018256
4956 -0.018609
4957 -0.017552
4958 -0.018609
4959 -0.018256
4960 -0.018609
4961 -0.018256
4962 -0.018609
4963 -0.018609
4964 -0.018256
4965 -0.018256
4966 -0.017552
4967 -0.017552
4968 -0.018256
4969 -0.018609
4970 -0.017904
4971 -0.017552
4972 -0.017904
4973 -0.018256
4974 0.005334
4975 0.004982
4976 0.004982
4977 0.004982
4978 0.004629
4979 -0.018256
4980 -0.018256
4981 0.004629
4982 -0.018256
4983 -0.018256
4984 -0.017904
4985 -0.018256
4986 0.004629
4987 -0.018256
4988 -0.018609
4989 -0.017552
4990 -0.018609
4991 -0.018609
4992 -0.017552
4993 -0.018256
4994 -0.018256
4995 -0.018256
4996 -0.018256
4997 -0.017552
4998 -0.018256
4999 -0.018256
5000 -0.018256
