1 -0.018256
2 -0.018256
3 0.004982
4 -0.017552
5 0.004277
6 -0.018609
7 0.004982
8 0.004629
9 0.004629
10 0.004629
11 0.004629
12 -0.018609
13 -0.018256
14 -0.018256
15 -0.018609
16 -0.018609
17 -0.018609
18 -0.018609
19 -0.018256
20 -0.018609
21 -0.018609
22 -0.018609
23 -0.018609
24 -0.018609
25 0.004629
26 -0.018609
27 0.003925
28 -0.017904
29 -0.018256
30 -0.017904
31 -0.018609
32 -0.018256
33 -0.018256
34 -0.018256
35 -0.018609
36 -0.017904
37 -0.018609
38 0.004629
39 -0.017552
40 -0.017904
41 0.004629
42 0.004629
43 0.004629
44 0.004629
45 -0.018609
46 -0.018609
47 -0.018256
48 -0.018256
49 -0.018609
50 -0.018609
51 -0.018609
52 -0.018609
53 -0.018609
54 -0.018609
55 -0.018609
56 -0.018609
57 -0.018609
58 -0.018609
59 -0.018609
60 -0.018256
61 -0.018256
62 -0.018609
63 -0.018609
64 -0.018256
65 -0.018609
66 -0.018609
67 -0.018609
68 -0.018609
69 -0.018609
70 -0.018609
71 -0.018609
72 -0.018609
73 -0.018609
74 -0.018609
75 -0.018609
76 -0.018609
77 -0.018609
78 -0.018609
79 -0.018256
80 -0.018609
81 -0.018256
82 -0.018256
83 -0.017904
84 -0.018256
85 -0.018256
86 0.004629
87 -0.018256
88 0.003925
89 -0.018609
90 -0.018609
91 0.004629
92 -0.018609
93 -0.018256
94 -0.018256
95 -0.018609
96 0.003925
97 -0.018609
98 -0.018609
99 -0.018609
100 -0.018609
101 0.003925
102 -0.017552
103 -0.017552
104 0.004629
105 0.003925
106 0.004629
107 0.004629
108 0.004982
109 0.004629
110 0.004629
111 0.004629
112 0.004277
113 -0.018609
114 -0.018256
115 -0.018256
116 0.004277
117 -0.018256
118 -0.018609
119 -0.018256
120 -0.018256
121 -0.018256
122 -0.018256
123 -0.018609
124 -0.018609
125 0.004277
126 0.004277
127 0.003925
128 -0.018256
129 -0.018609
130 -0.018609
131 -0.018609
132 -0.018609
133 -0.018609
134 -0.018609
135 -0.018609
136 -0.018609
137 -0.018609
138 -0.018609
139 -0.017904
140 0.004277
141 0.004629
142 0.004629
143 0.004629
144 0.004629
145 -0.017904
146 0.004629
147 0.004277
148 -0.018256
149 -0.018256
150 -0.018256
151 -0.018256
152 -0.018256
153 -0.018609
154 -0.018256
155 -0.018609
156 -0.018256
157 -0.017904
158 -0.018609
159 0.004277
160 -0.018256
161 -0.018609
162 -0.018609
163 -0.018609
164 -0.018609
165 0.004629
166 -0.018609
167 0.004982
168 0.004277
169 -0.017904
170 -0.017904
171 -0.017904
172 -0.018609
173 -0.018256
174 0.004982
175 0.004982
176 0.004982
177 0.004629
178 0.003925
179 0.004629
180 0.003925
181 -0.017904
182 0.004277
183 -0.018609
184 0.004629
185 0.003925
186 0.004277
187 -0.017904
188 -0.018256
189 -0.017904
190 -0.018256
191 -0.018256
192 -0.017904
193 -0.018609
194 -0.018609
195 -0.018256
196 -0.018256
197 -0.017904
198 -0.018256
199 -0.017904
200 0.004629
201 -0.017904
202 0.004982
203 -0.017552
204 0.004982
205 0.004982
206 -0.017904
207 0.004629
208 0.004629
209 0.004982
210 0.004982
211 0.004982
212 0.003925
213 -0.018609
214 -0.018256
215 -0.018609
216 -0.018256
217 -0.018609
218 0.004277
219 -0.018256
220 -0.017904
221 -0.018609
222 -0.018609
223 -0.018609
224 -0.017904
225 -0.018609
226 -0.018609
227 -0.018609
228 0.004629
229 -0.017904
230 -0.017904
231 -0.018609
232 -0.017552
233 -0.018256
234 -0.017904
235 -0.018256
236 -0.018609
237 -0.018256
238 -0.018256
239 -0.017552
240 -0.017552
241 0.004982
242 0.004982
243 0.004982
244 0.004982
245 0.004982
246 0.004277
247 0.004982
248 -0.017904
249 -0.018609
250 0.004629
251 -0.017904
252 -0.018609
253 -0.018609
254 -0.018609
255 -0.018256
256 -0.017904
257 -0.018609
258 -0.018609
259 -0.018256
260 -0.018256
261 -0.018609
262 -0.018609
263 -0.018609
264 -0.018256
265 -0.018256
266 -0.018256
267 -0.018256
268 -0.018256
269 -0.018256
270 -0.018609
271 -0.018256
272 -0.018256
273 -0.018256
274 0.005334
275 0.004982
276 0.004982
277 0.004982
278 -0.018256
279 -0.018256
280 -0.018256
281 -0.017904
282 -0.018256
283 -0.018609
284 -0.018609
285 0.003925
286 -0.018609
287 -0.018609
288 -0.018609
289 -0.018609
290 -0.018609
291 -0.018609
292 -0.018609
293 -0.018609
294 -0.018256
295 -0.018609
296 -0.018609
297 -0.018256
298 -0.018256
299 -0.018609
300 -0.018256
301 -0.018256
302 -0.018256
303 -0.018609
304 -0.018609
305 -0.017200
306 0.005334
307 0.005334
308 0.005334
309 -0.018256
310 0.005334
311 0.005334
312 -0.018609
313 -0.018609
314 -0.018256
315 -0.017552
316 -0.018609
317 -0.018256
318 -0.018609
319 -0.018609
320 -0.018256
321 -0.018609
322 -0.018609
323 -0.018256
324 -0.018609
325 -0.018256
326 -0.018256
327 -0.018256
328 -0.018609
329 -0.018609
330 -0.018609
331 -0.018609
332 -0.018609
333 -0.018609
334 -0.018256
335 -0.018256
336 0.005334
337 -0.018609
338 -0.018256
339 -0.018609
340 -0.017200
341 0.003925
342 -0.017552
343 0.004982
344 0.004982
345 -0.018256
346 0.004277
347 -0.018256
348 -0.018256
349 -0.018609
350 -0.018256
351 -0.018256
352 -0.018609
353 -0.018256
354 -0.018256
355 -0.018609
356 -0.018609
357 -0.018256
358 -0.018609
359 -0.018256
360 -0.018609
361 0.004629
362 -0.018609
363 -0.018256
364 -0.018609
365 -0.018609
366 -0.017552
367 -0.018609
368 0.004982
369 -0.018256
370 0.004277
371 -0.018609
372 -0.018256
373 -0.018256
374 -0.018256
375 0.004982
376 0.005334
377 -0.017200
378 -0.018256
379 -0.018256
380 -0.018256
381 -0.017200
382 -0.017200
383 -0.017200
384 -0.018256
385 -0.018256
386 -0.018609
387 -0.018256
388 -0.018256
389 -0.018609
390 -0.018609
391 -0.018609
392 -0.018256
393 -0.018256
394 -0.018609
395 -0.018609
396 -0.018609
397 -0.018609
398 -0.018609
399 -0.018609
400 -0.018609
401 -0.018256
402 -0.018609
403 -0.018609
404 -0.018609
405 -0.018256
406 -0.018609
407 0.004982
408 -0.017552
409 -0.017552
410 -0.017552
411 0.004982
412 -0.017904
413 -0.017552
414 -0.017552
415 -0.018256
416 0.004982
417 -0.018256
418 -0.018256
419 -0.018256
420 -0.018256
421 -0.018609
422 -0.018256
423 -0.018256
424 -0.017904
425 -0.018609
426 -0.018256
427 -0.018609
428 -0.018609
429 -0.018609
430 -0.018256
431 -0.018256
432 -0.018609
433 -0.017904
434 -0.018609
435 -0.017904
436 -0.018609
437 -0.018609
438 -0.018609
439 -0.018256
440 -0.018256
441 -0.018256
442 -0.017904
443 0.004982
444 0.004277
445 -0.018256
446 -0.017552
447 -0.018256
448 0.004277
449 -0.018256
450 -0.018256
451 -0.018256
452 -0.018256
453 -0.018256
454 -0.018609
455 -0.018256
456 -0.018609
457 -0.018609
458 -0.018256
459 -0.017904
460 -0.018609
461 -0.017904
462 -0.018609
463 -0.018609
464 -0.018609
465 -0.018609
466 -0.017904
467 0.003925
468 -0.017904
469 -0.018609
470 -0.018256
471 -0.018256
472 -0.018256
473 -0.018256
474 0.004629
475 -0.017552
476 0.004982
477 0.004982
478 -0.018609
479 -0.018256
480 -0.018609
481 -0.018609
482 -0.018256
483 -0.018256
484 -0.018256
485 -0.018609
486 -0.017552
487 -0.018256
488 -0.018609
489 -0.017552
490 -0.018256
491 -0.018609
492 -0.018609
493 -0.018256
494 -0.018609
495 -0.018609
496 -0.018609
497 -0.017904
498 -0.018609
499 -0.018609
500 -0.018609
501 -0.018609
502 0.003925
503 -0.018609
504 -0.017904
505 0.004629
506 0.004629
507 0.004629
508 0.004629
509 0.004629
510 0.004982
511 0.004982
512 -0.018256
513 -0.018256
514 -0.018256
515 -0.018256
516 -0.018256
517 0.004982
518 0.003925
519 -0.018609
520 0.003925
521 -0.018256
522 -0.018609
523 -0.018609
524 -0.018609
525 -0.017904
526 -0.017552
527 0.004629
528 -0.018256
529 -0.018609
530 0.003925
531 -0.018609
532 0.004629
533 0.004629
534 0.004629
535 0.004277
536 -0.018609
537 0.003925
538 0.004629
539 0.004982
540 -0.018609
541 -0.018609
542 -0.018256
543 0.004629
544 0.004982
545 -0.018609
546 -0.018256
547 -0.018256
548 0.004277
549 -0.018256
550 -0.018256
551 -0.018256
552 0.004982
553 -0.017552
554 0.004982
555 0.004982
556 0.004629
557 0.004629
558 0.004629
559 -0.018256
560 -0.017904
561 -0.017904
562 0.004629
563 -0.018256
564 -0.017904
565 0.004629
566 0.003925
567 -0.017904
568 -0.017904
569 0.004277
570 -0.017904
571 -0.018256
572 -0.018609
573 -0.018256
574 0.004629
575 0.004982
576 0.004629
577 -0.018256
578 -0.018256
579 -0.018256
580 -0.018256
581 -0.018256
582 -0.017552
583 0.004982
584 -0.018256
585 -0.017552
586 0.004982
587 0.004982
588 -0.018609
589 -0.017552
590 0.004982
591 -0.018609
592 0.004629
593 0.004629
594 -0.018256
595 -0.018609
596 0.004629
597 0.004629
598 0.004982
599 -0.018609
600 -0.017904
601 -0.018609
602 -0.017904
603 -0.017904
604 -0.017904
605 0.004277
606 -0.017904
607 0.004629
608 0.004629
609 -0.018256
610 -0.018256
611 0.004982
612 -0.018256
613 -0.017552
614 0.005334
615 -0.018609
616 -0.017200
617 -0.018609
618 -0.018256
619 -0.017552
620 0.005334
621 0.004982
622 -0.018256
623 -0.018256
624 0.004629
625 0.004982
626 -0.017552
627 0.003925
628 -0.018609
629 -0.018609
630 -0.018609
631 -0.018609
632 0.004982
633 -0.017904
634 0.004629
635 0.004629
636 0.004629
637 0.004629
638 0.004982
639 -0.018609
640 -0.017904
641 -0.018256
642 -0.018609
643 -0.018256
644 -0.018256
645 -0.018609
646 -0.018256
647 0.004982
648 0.004982
649 -0.017552
650 0.004982
651 0.004982
652 -0.017200
653 -0.018256
654 -0.017200
655 0.004982
656 0.004982
657 -0.017552
658 -0.018256
659 -0.017552
660 -0.018609
661 0.004629
662 -0.018609
663 0.004629
664 0.004629
665 -0.018609
666 -0.017552
667 0.003925
668 -0.017904
669 -0.017552
670 0.004629
671 -0.017904
672 -0.018256
673 -0.018609
674 -0.018609
675 -0.018609
676 0.004982
677 0.004629
678 0.004982
679 -0.017552
680 -0.018609
681 0.004982
682 -0.017904
683 0.004629
684 0.004982
685 0.004629
686 -0.017552
687 0.003925
688 0.004982
689 0.005334
690 -0.017552
691 -0.017552
692 -0.017552
693 -0.017552
694 -0.018256
695 -0.017552
696 0.004629
697 0.004277
698 0.004982
699 -0.017552
700 -0.017552
701 0.004982
702 -0.018609
703 -0.018256
704 0.005334
705 -0.018256
706 -0.018256
707 -0.018256
708 0.004629
709 0.004982
710 0.004629
711 0.004982
712 0.004982
713 0.004982
714 0.004277
715 -0.017200
716 0.005334
717 0.005334
718 -0.018256
719 -0.018609
720 -0.018256
721 -0.017552
722 -0.018609
723 -0.018256
724 -0.018256
725 -0.018256
726 0.004982
727 0.004982
728 0.004629
729 0.004629
730 0.004629
731 -0.017904
732 -0.018256
733 -0.017904
734 0.004982
735 -0.018256
736 0.003925
737 -0.018256
738 -0.018256
739 -0.018256
740 -0.018609
741 0.004629
742 0.004982
743 0.004982
744 -0.018256
745 -0.018256
746 -0.018609
747 -0.017552
748 0.004982
749 -0.017552
750 -0.017552
751 -0.017200
752 -0.018256
753 -0.017200
754 0.005334
755 -0.018609
756 0.003925
757 -0.017200
758 -0.018609
759 -0.018256
760 -0.018609
761 -0.018609
762 -0.018609
763 -0.018609
764 -0.018609
765 -0.018609
766 0.004982
767 0.004982
768 0.004629
769 -0.018256
770 -0.018609
771 -0.018256
772 -0.018256
773 -0.018256
774 0.004629
775 0.004629
776 0.004629
777 0.004982
778 -0.018256
779 -0.017552
780 0.003925
781 0.005334
782 -0.018609
783 -0.018609
784 -0.017200
785 0.005334
786 -0.018609
787 0.005334
788 -0.018609
789 -0.018609
790 -0.018256
791 -0.017200
792 -0.018256
793 -0.018256
794 -0.018256
795 -0.017552
796 -0.018256
797 -0.018256
798 -0.018609
799 -0.018256
800 -0.017904
801 -0.018256
802 -0.018609
803 -0.018256
804 -0.017552
805 -0.018256
806 -0.018256
807 0.004629
808 0.004982
809 0.004982
810 0.004629
811 0.004629
812 -0.018256
813 -0.018609
814 -0.017200
815 -0.017200
816 -0.018256
817 -0.017200
818 -0.018609
819 -0.017200
820 -0.018609
821 -0.018256
822 -0.018609
823 -0.018256
824 -0.017200
825 -0.018256
826 -0.018609
827 -0.018256
828 -0.018256
829 -0.018609
830 -0.018609
831 -0.018256
832 -0.018256
833 0.004629
834 -0.018256
835 -0.017552
836 -0.017552
837 -0.017552
838 -0.018609
839 -0.017200
840 -0.017200
841 -0.017552
842 -0.017200
843 0.004982
844 0.004982
845 -0.018609
846 -0.018256
847 -0.018609
848 -0.018609
849 -0.017200
850 0.005686
851 -0.018256
852 -0.018609
853 -0.016496
854 -0.018256
855 -0.018256
856 -0.018609
857 -0.018609
858 -0.018256
859 -0.018256
860 -0.017200
861 -0.018256
862 -0.018609
863 -0.017552
864 -0.017200
865 -0.018256
866 -0.018256
867 -0.018256
868 -0.017552
869 -0.017552
870 -0.018609
871 -0.017200
872 -0.018256
873 -0.018256
874 0.004982
875 0.005334
876 0.004982
877 0.004982
878 -0.017552
879 -0.018609
880 -0.017200
881 -0.016848
882 -0.016848
883 -0.016848
884 0.004277
885 -0.016848
886 -0.018256
887 -0.017200
888 -0.018256
889 -0.018256
890 -0.017200
891 -0.018256
892 -0.018256
893 -0.016848
894 -0.018609
895 -0.018256
896 -0.018609
897 -0.017552
898 -0.018256
899 -0.018256
900 -0.018609
901 -0.017200
902 0.003925
903 -0.018609
904 -0.018609
905 -0.017552
906 -0.018609
907 -0.017552
908 0.004982
909 0.005334
910 0.005334
911 0.004982
912 -0.017200
913 -0.017200
914 -0.017200
915 0.005686
916 -0.016848
917 -0.018256
918 -0.016848
919 -0.017904
920 -0.018256
921 -0.018256
922 -0.018256
923 -0.018256
924 -0.018256
925 -0.016848
926 0.004277
927 0.004277
928 0.005334
929 -0.018256
930 -0.017200
931 -0.017200
932 -0.018609
933 -0.017552
934 -0.018256
935 -0.018256
936 -0.017200
937 -0.018256
938 -0.018609
939 -0.018609
940 -0.018256
941 0.005334
942 0.005334
943 0.004982
944 0.004629
945 -0.018256
946 0.003925
947 -0.018609
948 -0.018609
949 -0.018609
950 -0.017200
951 -0.016848
952 -0.018256
953 -0.018256
954 -0.018256
955 -0.016848
956 0.005686
957 -0.018256
958 -0.016848
959 -0.018256
960 -0.017200
961 -0.017200
962 -0.018609
963 -0.017200
964 -0.018609
965 -0.018609
966 0.005334
967 -0.018256
968 0.005334
969 0.005334
970 -0.018256
971 -0.018256
972 -0.018609
973 -0.018609
974 0.005334
975 0.005334
976 -0.018609
977 -0.018609
978 -0.018609
979 -0.018609
980 -0.018256
981 -0.018256
982 -0.018609
983 -0.018609
984 -0.018256
985 -0.018256
986 0.005334
987 0.003925
988 -0.018256
989 -0.017200
990 -0.018256
991 -0.017200
992 -0.018256
993 -0.018609
994 -0.018256
995 -0.018609
996 -0.018256
997 -0.018609
998 -0.018609
999 -0.018256
1000 -0.018256
1001 -0.018256
1002 -0.018609
1003 -0.018256
1004 -0.018256
1005 -0.018256
1006 -0.018609
1007 -0.018256
1008 -0.018256
1009 -0.018256
1010 -0.018256
1011 -0.018256
1012 -0.018609
1013 -0.017552
1014 0.004982
1015 0.004982
1016 0.005686
1017 0.005334
1018 0.005334
1019 0.004277
1020 0.003925
1021 -0.017200
1022 -0.018256
1023 -0.018609
1024 -0.016848
1025 -0.018256
1026 0.005686
1027 0.005334
1028 0.005686
1029 0.005686
1030 -0.018256
1031 -0.017200
1032 0.003925
1033 0.003925
1034 -0.017552
1035 0.004629
1036 0.005334
1037 0.004982
1038 0.004982
1039 0.004982
1040 -0.018256
1041 0.004982
1042 0.004982
1043 0.005334
1044 0.004982
1045 -0.018256
1046 0.004277
1047 -0.018256
1048 -0.018609
1049 -0.018256
1050 -0.018256
1051 -0.018609
1052 0.003925
1053 -0.017200
1054 -0.017200
1055 -0.016848
1056 -0.018256
1057 0.005686
1058 -0.018609
1059 0.005686
1060 -0.018256
1061 -0.016848
1062 0.005686
1063 0.004277
1064 0.004277
1065 -0.018256
1066 0.005686
1067 0.005334
1068 0.005334
1069 0.004982
1070 -0.018609
1071 -0.017200
1072 -0.018609
1073 -0.018609
1074 0.005334
1075 0.004982
1076 0.005334
1077 0.005334
1078 0.005334
1079 -0.018256
1080 -0.017552
1081 0.005334
1082 -0.016848
1083 -0.017200
1084 0.005334
1085 0.003925
1086 0.005334
1087 0.005686
1088 0.005334
1089 0.005334
1090 -0.016848
1091 -0.017200
1092 -0.017200
1093 -0.018609
1094 0.003925
1095 0.005334
1096 0.005334
1097 0.005686
1098 -0.018609
1099 0.005334
1100 0.005334
1101 -0.017200
1102 0.005334
1103 0.005334
1104 0.004982
1105 0.004982
1106 0.004277
1107 0.005334
1108 0.005334
1109 0.005334
1110 0.004982
1111 0.005334
1112 0.004982
1113 -0.018256
1114 0.004982
1115 0.004982
1116 -0.017200
1117 0.004982
1118 -0.017200
1119 -0.018609
1120 -0.017200
1121 -0.018609
1122 -0.018609
1123 -0.018256
1124 -0.017200
1125 0.005686
1126 0.005686
1127 0.005334
1128 0.005334
1129 -0.017200
1130 0.005334
1131 -0.017200
1132 0.005334
1133 -0.017200
1134 -0.017200
1135 0.005334
1136 0.004982
1137 0.005334
1138 -0.017552
1139 -0.017552
1140 0.004982
1141 0.004982
1142 0.004982
1143 0.004982
1144 0.004629
1145 -0.018256
1146 -0.018256
1147 -0.018609
1148 0.005334
1149 0.004982
1150 -0.018609
1151 -0.018609
1152 -0.018609
1153 -0.018256
1154 -0.017200
1155 0.005334
1156 -0.018609
1157 0.004982
1158 0.005334
1159 0.005334
1160 0.003925
1161 -0.018609
1162 -0.017200
1163 -0.017200
1164 -0.017200
1165 0.005334
1166 0.003925
1167 -0.017200
1168 0.004982
1169 0.005334
1170 -0.018256
1171 -0.017552
1172 -0.018609
1173 -0.018256
1174 0.004982
1175 0.004629
1176 0.004982
1177 0.004629
1178 0.004982
1179 0.004982
1180 -0.018256
1181 -0.018256
1182 0.004982
1183 0.003925
1184 0.003925
1185 -0.018609
1186 -0.018256
1187 -0.018609
1188 -0.018256
1189 -0.017552
1190 -0.018256
1191 -0.017552
1192 -0.017552
1193 0.004277
1194 -0.017200
1195 0.004982
1196 0.004277
1197 0.005334
1198 0.004982
1199 0.004982
1200 0.004982
1201 -0.017552
1202 -0.017552
1203 -0.017552
1204 -0.017904
1205 -0.018256
1206 0.004277
1207 0.004982
1208 0.004277
1209 0.004629
1210 0.004982
1211 0.004629
1212 0.004629
1213 -0.017904
1214 -0.018609
1215 -0.017904
1216 -0.018256
1217 0.004629
1218 0.004629
1219 -0.018256
1220 -0.018256
1221 -0.018256
1222 -0.018256
1223 -0.018256
1224 -0.018256
1225 -0.017552
1226 -0.018256
1227 -0.017552
1228 0.004982
1229 -0.017552
1230 -0.017904
1231 -0.017552
1232 -0.018609
1233 -0.018609
1234 -0.017552
1235 0.004982
1236 0.004982
1237 0.004982
1238 0.004629
1239 -0.018609
1240 0.004629
1241 0.004629
1242 0.004629
1243 0.004629
1244 0.004629
1245 0.003925
1246 0.004982
1247 0.003925
1248 0.003925
1249 -0.018256
1250 -0.018609
1251 -0.018609
1252 -0.018609
1253 -0.018609
1254 -0.018609
1255 -0.018256
1256 -0.018256
1257 -0.018609
1258 -0.018609
1259 -0.018609
1260 -0.018256
1261 -0.017552
1262 -0.018256
1263 -0.018256
1264 -0.018256
1265 -0.018256
1266 0.004277
1267 -0.018609
1268 0.004982
1269 -0.018256
1270 -0.018609
1271 -0.017552
1272 -0.018256
1273 -0.018609
1274 -0.017552
1275 0.004629
1276 0.004629
1277 0.004982
1278 0.004629
1279 -0.018609
1280 -0.017904
1281 -0.018609
1282 -0.018256
1283 -0.018609
1284 -0.018609
1285 -0.018609
1286 -0.018609
1287 -0.018609
1288 0.004277
1289 -0.018256
1290 -0.018609
1291 -0.018609
1292 -0.018256
1293 -0.018256
1294 -0.018256
1295 -0.018256
1296 -0.017552
1297 -0.018256
1298 -0.018256
1299 -0.017552
1300 -0.018256
1301 -0.017200
1302 -0.018256
1303 -0.018609
1304 -0.018256
1305 -0.018609
1306 0.003925
1307 -0.017552
1308 0.004982
1309 0.004982
1310 0.004629
1311 0.004982
1312 -0.018256
1313 -0.018609
1314 -0.018256
1315 -0.018609
1316 -0.018256
1317 -0.018256
1318 -0.018256
1319 -0.018609
1320 -0.017552
1321 -0.018609
1322 -0.018256
1323 -0.018256
1324 -0.018256
1325 -0.018256
1326 -0.017904
1327 -0.018256
1328 0.004982
1329 -0.017552
1330 -0.018256
1331 -0.018256
1332 -0.017552
1333 -0.018609
1334 -0.018609
1335 -0.018609
1336 -0.018609
1337 -0.018256
1338 -0.018256
1339 -0.017552
1340 -0.018609
1341 0.004982
1342 0.004629
1343 0.004629
1344 -0.017904
1345 -0.018609
1346 -0.018609
1347 -0.018609
1348 -0.018609
1349 -0.018609
1350 -0.018256
1351 -0.018256
1352 -0.017552
1353 -0.018256
1354 -0.018256
1355 -0.018256
1356 -0.018609
1357 -0.018256
1358 -0.017552
1359 -0.017904
1360 -0.018609
1361 -0.017904
1362 -0.018256
1363 -0.018256
1364 -0.018256
1365 -0.018609
1366 -0.017552
1367 -0.018256
1368 -0.018609
1369 -0.018256
1370 -0.018609
1371 -0.017552
1372 -0.018609
1373 -0.018609
1374 0.004629
1375 0.004982
1376 0.004982
1377 -0.018609
1378 -0.018609
1379 -0.018609
1380 -0.018609
1381 -0.018609
1382 -0.018256
1383 -0.018609
1384 -0.018609
1385 -0.018256
1386 -0.018609
1387 -0.018256
1388 -0.018256
1389 0.004629
1390 -0.018609
1391 -0.018609
1392 -0.018609
1393 -0.018256
1394 -0.017552
1395 -0.018609
1396 0.004982
1397 -0.018256
1398 -0.018256
1399 -0.018609
1400 -0.018609
1401 -0.017552
1402 -0.017552
1403 -0.017904
1404 -0.018609
1405 -0.018256
1406 -0.018256
1407 -0.018609
1408 -0.017904
1409 -0.018609
1410 -0.018256
1411 -0.017904
1412 -0.017904
1413 -0.018609
1414 -0.018256
1415 -0.018256
1416 -0.018609
1417 -0.018609
1418 -0.018609
1419 -0.018609
1420 -0.018609
1421 -0.018256
1422 -0.018609
1423 -0.018609
1424 -0.017904
1425 -0.018609
1426 -0.017552
1427 -0.018256
1428 -0.018256
1429 -0.017904
1430 -0.018609
1431 -0.018256
1432 -0.018256
1433 -0.018256
1434 -0.018609
1435 0.003925
1436 -0.018609
1437 -0.018609
1438 -0.018609
1439 0.004277
1440 -0.018609
1441 -0.018609
1442 -0.018256
1443 -0.018256
1444 0.004982
1445 -0.018609
1446 -0.018609
1447 -0.018609
1448 -0.018609
1449 -0.018256
1450 -0.018609
1451 -0.018609
1452 -0.018609
1453 -0.018609
1454 0.004629
1455 -0.018256
1456 -0.018609
1457 -0.018609
1458 -0.018609
1459 -0.018609
1460 -0.018256
1461 -0.018609
1462 0.004629
1463 -0.018609
1464 -0.018609
1465 -0.018609
1466 -0.018609
1467 -0.018609
1468 -0.018256
1469 -0.018256
1470 -0.018609
1471 -0.018609
1472 -0.018256
1473 -0.018609
1474 -0.018609
1475 -0.018609
1476 0.004629
1477 0.004982
1478 0.004629
1479 -0.018609
1480 -0.018609
1481 -0.018609
1482 -0.017904
1483 -0.018609
1484 -0.017904
1485 -0.017904
1486 -0.018609
1487 -0.018609
1488 -0.018609
1489 -0.018609
1490 -0.018609
1491 -0.018609
1492 -0.018609
1493 -0.018609
1494 -0.017904
1495 -0.018609
1496 -0.018256
1497 -0.018256
1498 -0.018256
1499 -0.017552
1500 -0.017904
1501 -0.018256
1502 0.004277
1503 -0.017552
1504 0.004982
1505 -0.018609
1506 -0.018609
1507 -0.018256
1508 0.004629
1509 0.004629
1510 0.004982
1511 -0.017904
1512 0.003925
1513 -0.017904
1514 -0.018609
1515 -0.018609
1516 0.003925
1517 0.004629
1518 0.004629
1519 -0.018609
1520 -0.017904
1521 -0.017552
1522 0.004629
1523 -0.018609
1524 -0.018609
1525 0.004629
1526 0.004629
1527 0.004277
1528 0.004982
1529 -0.018609
1530 -0.018609
1531 -0.018609
1532 -0.017552
1533 -0.017552
1534 -0.017552
1535 0.004982
1536 0.004982
1537 0.004629
1538 0.004982
1539 -0.018256
1540 -0.018256
1541 0.004982
1542 0.004629
1543 0.004982
1544 0.004629
1545 -0.017904
1546 0.004629
1547 0.004629
1548 0.004629
1549 0.003925
1550 -0.017904
1551 -0.017552
1552 -0.018256
1553 -0.018609
1554 -0.018609
1555 0.004982
1556 -0.018609
1557 -0.018609
1558 -0.018609
1559 -0.018609
1560 0.003925
1561 -0.017904
1562 -0.017904
1563 0.004629
1564 -0.017552
1565 0.004629
1566 0.004982
1567 -0.017552
1568 0.004982
1569 -0.018256
1570 -0.018609
1571 0.003925
1572 -0.017552
1573 -0.018609
1574 0.004982
1575 0.005334
1576 0.004629
1577 0.004982
1578 0.004629
1579 -0.018256
1580 0.004982
1581 0.004629
1582 0.004982
1583 0.004982
1584 -0.017552
1585 0.004982
1586 0.004629
1587 0.004982
1588 -0.017552
1589 0.004277
1590 -0.017552
1591 -0.018256
1592 -0.017904
1593 -0.017904
1594 -0.018609
1595 0.004982
1596 0.004629
1597 0.004982
1598 -0.017200
1599 -0.018256
1600 0.004982
1601 -0.018609
1602 -0.018609
1603 -0.018609
1604 -0.018609
1605 -0.018609
1606 -0.018256
1607 -0.018609
1608 -0.018609
1609 -0.018609
1610 -0.018256
1611 -0.018609
1612 -0.018256
1613 -0.018256
1614 -0.018609
1615 -0.018256
1616 -0.018256
1617 -0.018609
1618 0.004982
1619 -0.018609
1620 -0.017552
1621 -0.018256
1622 -0.018256
1623 -0.018256
1624 0.004982
1625 -0.017552
1626 -0.017552
1627 -0.017200
1628 0.004982
1629 0.004277
1630 -0.017552
1631 -0.018256
1632 -0.017552
1633 -0.018609
1634 -0.018256
1635 -0.018609
1636 -0.018609
1637 -0.017200
1638 0.004982
1639 -0.017200
1640 -0.018609
1641 0.005334
1642 0.004982
1643 0.005334
1644 0.005334
1645 -0.017200
1646 0.004982
1647 0.004277
1648 -0.017200
1649 0.004982
1650 -0.018256
1651 0.004982
1652 -0.017552
1653 -0.018256
1654 0.004277
1655 0.004277
1656 -0.017552
1657 -0.018256
1658 -0.018256
1659 -0.018256
1660 -0.018256
1661 -0.018256
1662 0.004982
1663 0.004982
1664 0.004982
1665 -0.018609
1666 0.005334
1667 -0.018609
1668 0.005334
1669 0.005334
1670 -0.018609
1671 -0.017200
1672 -0.018609
1673 -0.018609
1674 0.005334
1675 0.005334
1676 0.005334
1677 0.005334
1678 0.005334
1679 0.005334
1680 -0.018256
1681 -0.018256
1682 -0.017552
1683 0.004982
1684 0.004982
1685 0.004277
1686 -0.017552
1687 0.004982
1688 0.004277
1689 0.005334
1690 0.004982
1691 0.004982
1692 -0.017552
1693 -0.017552
1694 -0.017552
1695 -0.018609
1696 0.005334
1697 0.004982
1698 -0.018256
1699 0.005334
1700 -0.017200
1701 0.004982
1702 0.004982
1703 0.005334
1704 0.005334
1705 -0.017200
1706 0.005334
1707 0.004982
1708 0.005334
1709 0.005334
1710 0.005334
1711 0.005334
1712 -0.018609
1713 -0.017200
1714 0.004982
1715 0.005334
1716 0.004982
1717 -0.017552
1718 -0.017552
1719 -0.018609
1720 0.004982
1721 -0.018256
1722 0.004629
1723 -0.018609
1724 -0.018609
1725 -0.018256
1726 0.004982
1727 0.004982
1728 -0.017552
1729 0.004982
1730 -0.018256
1731 -0.018256
1732 0.005334
1733 -0.018609
1734 -0.017200
1735 -0.018256
1736 0.005334
1737 0.005334
1738 -0.017200
1739 0.005334
1740 0.005686
1741 0.005334
1742 0.005334
1743 0.005686
1744 0.005334
1745 0.005686
1746 0.005334
1747 -0.018609
1748 0.003925
1749 -0.018609
1750 -0.017552
1751 -0.017552
1752 0.004277
1753 -0.017552
1754 -0.018256
1755 -0.018609
1756 -0.018256
1757 -0.018256
1758 -0.018609
1759 -0.018256
1760 -0.018609
1761 -0.018256
1762 -0.018256
1763 -0.018256
1764 -0.018609
1765 -0.017552
1766 0.005334
1767 -0.018609
1768 -0.018609
1769 -0.018609
1770 0.003925
1771 -0.017200
1772 -0.018256
1773 -0.018609
1774 0.005334
1775 0.005334
1776 0.005686
1777 0.005686
1778 -0.018256
1779 -0.018609
1780 -0.016848
1781 -0.017200
1782 -0.018256
1783 -0.018609
1784 0.005334
1785 -0.017552
1786 -0.018256
1787 0.004277
1788 -0.018256
1789 0.003925
1790 0.004982
1791 -0.018256
1792 -0.017552
1793 0.004982
1794 -0.018256
1795 -0.017552
1796 -0.018256
1797 -0.018256
1798 -0.017200
1799 -0.017200
1800 -0.017200
1801 -0.018609
1802 -0.017200
1803 -0.018609
1804 -0.018609
1805 -0.018256
1806 -0.018256
1807 0.005334
1808 0.005686
1809 -0.018609
1810 0.005686
1811 -0.016848
1812 -0.017200
1813 -0.018256
1814 -0.018256
1815 -0.018609
1816 -0.018609
1817 -0.018256
1818 -0.018609
1819 -0.018256
1820 -0.018256
1821 -0.017200
1822 0.004277
1823 -0.018256
1824 -0.018256
1825 0.005334
1826 -0.018609
1827 0.004277
1828 0.005334
1829 0.004982
1830 -0.017552
1831 -0.018256
1832 -0.018256
1833 -0.018609
1834 -0.018609
1835 -0.017200
1836 -0.018256
1837 -0.018256
1838 -0.018609
1839 -0.017200
1840 -0.018609
1841 -0.017200
1842 0.005686
1843 0.005686
1844 0.005686
1845 -0.018256
1846 -0.017200
1847 -0.018256
1848 -0.016848
1849 0.003925
1850 -0.018609
1851 -0.018609
1852 -0.018609
1853 -0.017552
1854 -0.018256
1855 -0.018609
1856 -0.018256
1857 -0.018609
1858 -0.017200
1859 -0.018609
1860 -0.018609
1861 -0.018256
1862 -0.018256
1863 -0.018256
1864 -0.018256
1865 -0.017552
1866 -0.018256
1867 0.004277
1868 0.003925
1869 -0.018609
1870 -0.017200
1871 -0.016848
1872 -0.018256
1873 -0.018256
1874 0.005686
1875 0.005686
1876 0.005686
1877 0.006038
1878 -0.016848
1879 -0.018256
1880 -0.018256
1881 -0.016496
1882 -0.016848
1883 -0.018609
1884 -0.018609
1885 0.004277
1886 -0.018256
1887 -0.017552
1888 -0.018609
1889 -0.018256
1890 -0.018256
1891 -0.018256
1892 -0.018256
1893 -0.017552
1894 -0.017552
1895 -0.018256
1896 -0.018256
1897 -0.018609
1898 -0.018256
1899 -0.018256
1900 -0.017552
1901 -0.017200
1902 -0.018609
1903 -0.017200
1904 -0.017200
1905 -0.018256
1906 -0.017200
1907 0.005686
1908 0.005334
1909 0.005334
1910 0.005334
1911 -0.016848
1912 -0.018609
1913 -0.016848
1914 -0.018256
1915 -0.018256
1916 0.005686
1917 -0.017200
1918 0.003925
1919 -0.017200
1920 -0.018256
1921 -0.017552
1922 -0.018256
1923 -0.018256
1924 -0.018256
1925 -0.018256
1926 -0.018256
1927 0.003925
1928 0.004982
1929 -0.018256
1930 -0.018256
1931 0.004277
1932 -0.018256
1933 -0.018256
1934 -0.017552
1935 -0.018609
1936 -0.018256
1937 -0.017200
1938 -0.018609
1939 -0.018609
1940 -0.018609
1941 0.005686
1942 0.005686
1943 0.005686
1944 0.005686
1945 -0.017200
1946 -0.016848
1947 -0.018256
1948 0.004277
1949 0.003925
1950 -0.016848
1951 -0.018256
1952 -0.018609
1953 -0.018256
1954 -0.018609
1955 -0.018256
1956 -0.017552
1957 -0.018256
1958 0.005334
1959 -0.018256
1960 -0.017904
1961 -0.018256
1962 -0.018256
1963 -0.018256
1964 -0.018256
1965 -0.018256
1966 0.003925
1967 -0.018609
1968 0.004982
1969 0.004277
1970 -0.018256
1971 -0.018609
1972 -0.018609
1973 -0.018256
1974 -0.017200
1975 0.005686
1976 0.005686
1977 0.005686
1978 -0.018256
1979 -0.018256
1980 -0.018609
1981 -0.018256
1982 -0.016848
1983 -0.016848
1984 -0.016848
1985 -0.018256
1986 -0.018609
1987 -0.018256
1988 0.003925
1989 -0.018256
1990 -0.018609
1991 -0.018609
1992 -0.017552
1993 -0.018256
1994 -0.017552
1995 -0.018256
1996 -0.018256
1997 0.004982
1998 -0.017552
1999 -0.018609
2000 -0.018256
2001 -0.017552
2002 -0.017552
2003 -0.018609
2004 -0.017552
2005 -0.017200
2006 0.005334
2007 0.005334
2008 0.005334
2009 0.005686
2010 0.006038
2011 0.005686
2012 -0.016848
2013 -0.018256
2014 -0.016848
2015 -0.018256
2016 0.004277
2017 0.005686
2018 -0.016848
2019 0.005686
2020 0.005334
2021 0.005334
2022 0.004982
2023 -0.018256
2024 0.004982
2025 -0.017552
2026 -0.017904
2027 0.004277
2028 0.004982
2029 0.004982
2030 -0.018256
2031 -0.018256
2032 -0.017200
2033 0.005334
2034 0.004982
2035 0.004277
2036 0.004982
2037 0.004982
2038 -0.018256
2039 -0.017200
2040 -0.017200
2041 0.005686
2042 0.005686
2043 0.005334
2044 0.005686
2045 -0.018256
2046 -0.016848
2047 -0.016848
2048 -0.016848
2049 0.005686
2050 -0.016496
2051 0.005686
2052 0.005686
2053 -0.018256
2054 -0.017200
2055 -0.018609
2056 0.004982
2057 0.004982
2058 -0.017552
2059 0.005334
2060 0.004629
2061 0.004982
2062 -0.017200
2063 -0.018256
2064 -0.018256
2065 -0.018256
2066 -0.018609
2067 -0.018256
2068 -0.017552
2069 0.004982
2070 -0.017552
2071 -0.018609
2072 0.005334
2073 -0.018609
2074 0.005334
2075 0.005334
2076 0.005334
2077 0.005686
2078 -0.016848
2079 0.005686
2080 0.005686
2081 -0.018256
2082 -0.016848
2083 -0.016496
2084 0.006038
2085 0.006038
2086 0.005686
2087 -0.018256
2088 0.005686
2089 0.005334
2090 0.005334
2091 -0.017552
2092 0.004982
2093 -0.017552
2094 0.004629
2095 0.005334
2096 -0.017552
2097 0.004982
2098 0.004277
2099 -0.017552
2100 0.004982
2101 -0.017552
2102 0.004277
2103 -0.018256
2104 0.004277
2105 -0.017552
2106 0.005334
2107 0.005334
2108 0.005334
2109 0.005334
2110 0.005686
2111 0.005686
2112 0.005686
2113 -0.018256
2114 -0.018256
2115 0.005686
2116 -0.016496
2117 -0.016848
2118 -0.016848
2119 0.006038
2120 0.005686
2121 -0.017200
2122 0.005334
2123 -0.018609
2124 -0.018256
2125 0.005334
2126 -0.017552
2127 0.004277
2128 0.004982
2129 0.004982
2130 -0.017552
2131 0.004982
2132 0.004982
2133 -0.018256
2134 -0.017552
2135 -0.017552
2136 -0.018609
2137 0.004982
2138 0.004982
2139 0.003925
2140 -0.017200
2141 0.005334
2142 0.005334
2143 0.005686
2144 0.005334
2145 0.005334
2146 -0.018256
2147 -0.016848
2148 0.005686
2149 -0.017904
2150 -0.016496
2151 -0.018256
2152 0.006038
2153 0.006038
2154 -0.016848
2155 0.005334
2156 -0.017200
2157 0.005334
2158 0.005334
2159 -0.018609
2160 0.003925
2161 -0.018256
2162 0.005334
2163 0.004982
2164 -0.017200
2165 -0.017552
2166 -0.018256
2167 -0.018609
2168 -0.018256
2169 -0.018609
2170 0.004277
2171 -0.018256
2172 0.004277
2173 -0.018256
2174 0.004982
2175 0.005334
2176 0.005334
2177 0.005334
2178 0.005686
2179 -0.018256
2180 -0.016848
2181 0.005686
2182 -0.016848
2183 -0.016848
2184 -0.018256
2185 -0.016848
2186 0.005686
2187 -0.018256
2188 0.006038
2189 -0.018256
2190 -0.017552
2191 -0.017200
2192 0.005334
2193 -0.017552
2194 -0.017904
2195 0.004982
2196 0.004982
2197 0.004982
2198 0.004982
2199 -0.017552
2200 0.003925
2201 -0.017552
2202 -0.018256
2203 -0.017552
2204 -0.018609
2205 -0.017552
2206 0.003925
2207 0.004982
2208 0.005334
2209 0.005334
2210 0.005334
2211 -0.018256
2212 -0.018256
2213 -0.018256
2214 -0.018256
2215 -0.018256
2216 -0.017904
2217 -0.018256
2218 -0.017904
2219 -0.017904
2220 -0.018256
2221 -0.018609
2222 -0.018609
2223 -0.018609
2224 -0.018609
2225 -0.018609
2226 -0.018256
2227 -0.017200
2228 0.004629
2229 0.004277
2230 -0.017552
2231 -0.017552
2232 -0.017552
2233 -0.017552
2234 -0.018609
2235 0.005334
2236 0.004277
2237 0.004982
2238 0.004982
2239 0.004629
2240 -0.018256
2241 0.004982
2242 -0.018609
2243 0.005334
2244 0.005334
2245 0.005334
2246 -0.016848
2247 -0.018609
2248 -0.016848
2249 0.005686
2250 0.006038
2251 0.006038
2252 -0.017904
2253 -0.017904
2254 -0.018256
2255 -0.017904
2256 -0.017904
2257 -0.017904
2258 -0.018256
2259 -0.018609
2260 -0.017552
2261 -0.018256
2262 -0.018609
2263 -0.018256
2264 -0.018256
2265 -0.018256
2266 -0.017904
2267 -0.018256
2268 -0.018256
2269 -0.018256
2270 -0.018256
2271 -0.018609
2272 -0.018256
2273 -0.018256
2274 -0.017552
2275 -0.018609
2276 0.005334
2277 0.004982
2278 -0.016848
2279 -0.018609
2280 -0.018609
2281 -0.016848
2282 -0.018256
2283 -0.018256
2284 -0.017904
2285 -0.018256
2286 -0.016848
2287 0.004982
2288 -0.016496
2289 -0.018256
2290 -0.017904
2291 -0.016496
2292 -0.016848
2293 -0.018609
2294 -0.017552
2295 -0.017200
2296 -0.018256
2297 -0.018256
2298 -0.017552
2299 -0.018609
2300 -0.018256
2301 -0.018256
2302 -0.018256
2303 -0.018256
2304 0.004277
2305 -0.018256
2306 -0.017200
2307 0.004982
2308 0.005334
2309 -0.017552
2310 -0.017200
2311 -0.017552
2312 -0.018609
2313 -0.018609
2314 -0.016848
2315 -0.018256
2316 0.004277
2317 -0.018256
2318 0.004629
2319 -0.016848
2320 -0.017904
2321 -0.016496
2322 -0.017904
2323 -0.017904
2324 0.004629
2325 -0.017904
2326 -0.017904
2327 0.005334
2328 0.004277
2329 -0.018256
2330 -0.018256
2331 -0.017552
2332 0.004277
2333 -0.018256
2334 -0.018256
2335 -0.018256
2336 -0.017552
2337 -0.018256
2338 -0.018609
2339 -0.017552
2340 -0.018256
2341 0.004982
2342 0.004982
2343 0.004982
2344 0.004982
2345 -0.018609
2346 -0.017200
2347 -0.017200
2348 -0.018256
2349 -0.018609
2350 -0.018609
2351 -0.018256
2352 -0.016496
2353 -0.016496
2354 -0.018256
2355 -0.016848
2356 -0.016848
2357 -0.017904
2358 -0.016848
2359 -0.017904
2360 -0.018609
2361 -0.018256
2362 -0.018256
2363 -0.018256
2364 -0.018256
2365 -0.018256
2366 -0.018609
2367 -0.018256
2368 -0.017552
2369 -0.018256
2370 -0.018256
2371 -0.018609
2372 -0.018256
2373 -0.018609
2374 0.004982
2375 0.004982
2376 0.004982
2377 0.004982
2378 -0.018256
2379 -0.017904
2380 -0.018256
2381 -0.018609
2382 -0.017200
2383 -0.018609
2384 -0.018256
2385 -0.017904
2386 -0.018256
2387 -0.018256
2388 -0.018256
2389 -0.017904
2390 -0.017904
2391 -0.017904
2392 -0.016496
2393 -0.017904
2394 -0.018256
2395 -0.017200
2396 -0.018609
2397 -0.018256
2398 -0.018609
2399 -0.017904
2400 -0.018256
2401 -0.018609
2402 -0.018256
2403 -0.018609
2404 -0.018256
2405 -0.018256
2406 -0.018609
2407 0.004982
2408 -0.017552
2409 0.004982
2410 0.004982
2411 0.004629
2412 -0.018609
2413 -0.018609
2414 -0.017200
2415 -0.017200
2416 -0.017200
2417 -0.018609
2418 -0.018609
2419 -0.018256
2420 -0.016848
2421 -0.017904
2422 -0.017904
2423 -0.017904
2424 -0.018256
2425 -0.018256
2426 -0.017904
2427 0.004629
2428 -0.018256
2429 0.005334
2430 -0.018256
2431 -0.018609
2432 -0.018256
2433 0.004982
2434 -0.018256
2435 0.004982
2436 -0.018256
2437 -0.018256
2438 0.005334
2439 -0.017904
2440 -0.017552
2441 -0.017552
2442 0.004982
2443 0.004629
2444 -0.017552
2445 -0.018609
2446 -0.018256
2447 -0.018609
2448 -0.017200
2449 -0.018609
2450 -0.017200
2451 -0.018609
2452 -0.018609
2453 -0.018256
2454 -0.016848
2455 -0.017904
2456 -0.016496
2457 -0.016496
2458 -0.017904
2459 -0.018256
2460 -0.017904
2461 -0.017904
2462 -0.018609
2463 -0.018609
2464 -0.018609
2465 0.004982
2466 -0.018256
2467 -0.018256
2468 -0.018256
2469 -0.018256
2470 -0.018256
2471 -0.018256
2472 -0.018256
2473 -0.018256
2474 -0.017904
2475 -0.017552
2476 0.005334
2477 0.004277
2478 -0.017904
2479 -0.018256
2480 -0.018256
2481 -0.017200
2482 -0.017200
2483 -0.017200
2484 -0.018609
2485 -0.018609
2486 -0.018609
2487 -0.018256
2488 0.006038
2489 -0.018256
2490 -0.017904
2491 -0.017904
2492 -0.017904
2493 0.004982
2494 -0.017552
2495 -0.018256
2496 -0.018256
2497 -0.017200
2498 -0.017200
2499 -0.018256
2500 -0.017552
2501 -0.018256
2502 0.004629
2503 -0.017200
2504 -0.017552
2505 0.004982
2506 0.004982
2507 0.005334
2508 0.004982
2509 0.004629
2510 0.004982
2511 0.004982
2512 -0.017552
2513 -0.018256
2514 -0.018609
2515 -0.017200
2516 0.005686
2517 -0.017200
2518 -0.017200
2519 -0.016848
2520 -0.016848
2521 0.006038
2522 0.005686
2523 -0.017904
2524 -0.017904
2525 0.004629
2526 0.004629
2527 -0.016496
2528 -0.016496
2529 -0.017904
2530 -0.016848
2531 -0.016848
2532 0.005334
2533 -0.017200
2534 -0.018256
2535 0.005334
2536 0.004982
2537 -0.018609
2538 0.004982
2539 -0.018256
2540 -0.017552
2541 0.004982
2542 0.005334
2543 0.004982
2544 0.004982
2545 -0.017200
2546 0.004277
2547 -0.018256
2548 0.004982
2549 0.005334
2550 0.005686
2551 -0.017200
2552 -0.016848
2553 0.005686
2554 -0.018609
2555 -0.016848
2556 -0.016848
2557 -0.016496
2558 0.005686
2559 -0.016496
2560 0.006038
2561 0.006038
2562 -0.017904
2563 0.006038
2564 -0.016496
2565 -0.017200
2566 0.004277
2567 0.003925
2568 0.005334
2569 -0.017552
2570 0.004982
2571 0.004277
2572 -0.018256
2573 -0.018609
2574 -0.018609
2575 -0.018609
2576 0.004982
2577 0.004982
2578 0.004982
2579 0.003925
2580 0.004982
2581 0.005334
2582 -0.017552
2583 -0.017200
2584 -0.017200
2585 0.005334
2586 -0.016848
2587 0.005686
2588 -0.016848
2589 0.005334
2590 -0.016848
2591 -0.017904
2592 -0.016496
2593 0.004629
2594 -0.016496
2595 -0.017904
2596 -0.016496
2597 -0.016848
2598 0.005686
2599 0.005686
2600 -0.018609
2601 -0.017200
2602 -0.017552
2603 -0.017552
2604 0.004982
2605 0.004982
2606 -0.017904
2607 0.005334
2608 0.004982
2609 0.004982
2610 0.004982
2611 0.004982
2612 -0.017552
2613 -0.017552
2614 0.004982
2615 0.004982
2616 0.005334
2617 0.004982
2618 0.005334
2619 0.005334
2620 0.005686
2621 0.005686
2622 0.005686
2623 -0.018256
2624 -0.016848
2625 -0.018256
2626 -0.016848
2627 0.005686
2628 0.005686
2629 -0.016496
2630 -0.016144
2631 -0.016496
2632 0.005686
2633 -0.018256
2634 0.003925
2635 -0.017200
2636 -0.017200
2637 -0.018256
2638 -0.018609
2639 -0.018256
2640 -0.018609
2641 0.004982
2642 0.004982
2643 0.005334
2644 0.005334
2645 -0.017552
2646 0.005334
2647 0.004982
2648 -0.017200
2649 0.004982
2650 0.004277
2651 -0.017200
2652 0.004277
2653 -0.017200
2654 -0.017200
2655 -0.017200
2656 0.005334
2657 -0.017200
2658 -0.018609
2659 0.005686
2660 -0.016848
2661 0.005686
2662 0.005686
2663 -0.016496
2664 -0.017904
2665 -0.017904
2666 0.004277
2667 0.005334
2668 0.005334
2669 -0.018609
2670 -0.017200
2671 -0.018256
2672 0.004982
2673 -0.018609
2674 -0.018256
2675 -0.018609
2676 -0.018609
2677 0.004982
2678 0.004982
2679 -0.017552
2680 -0.017904
2681 0.004982
2682 0.004982
2683 0.004982
2684 -0.017904
2685 -0.017200
2686 0.005334
2687 0.005334
2688 0.004982
2689 0.005334
2690 -0.018609
2691 0.005334
2692 -0.016848
2693 -0.017200
2694 0.005686
2695 0.005686
2696 0.005686
2697 0.005686
2698 -0.018256
2699 0.004277
2700 0.005686
2701 -0.016496
2702 -0.016848
2703 -0.018256
2704 -0.018256
2705 0.004982
2706 -0.018609
2707 0.004629
2708 0.004982
2709 0.004982
2710 0.004982
2711 0.004982
2712 -0.017552
2713 -0.018256
2714 -0.017552
2715 -0.017904
2716 0.004982
2717 0.004982
2718 0.004277
2719 0.005334
2720 -0.017200
2721 -0.017200
2722 -0.017200
2723 -0.018609
2724 -0.017552
2725 -0.017200
2726 0.005334
2727 0.005334
2728 -0.016848
2729 0.005686
2730 -0.016848
2731 -0.018256
2732 -0.016848
2733 -0.016496
2734 0.005686
2735 -0.016848
2736 -0.017200
2737 0.005334
2738 -0.017552
2739 -0.017200
2740 -0.018609
2741 0.004982
2742 0.004982
2743 0.004982
2744 0.004982
2745 0.003925
2746 0.004982
2747 0.004982
2748 -0.018256
2749 0.004277
2750 -0.017200
2751 -0.017200
2752 -0.018256
2753 -0.017200
2754 -0.018609
2755 -0.017200
2756 0.003925
2757 -0.017200
2758 -0.018256
2759 -0.018609
2760 0.005334
2761 -0.018609
2762 -0.018256
2763 -0.016848
2764 -0.016848
2765 -0.016848
2766 -0.016848
2767 -0.016496
2768 -0.018256
2769 -0.018256
2770 -0.016848
2771 -0.018256
2772 -0.017200
2773 -0.018609
2774 0.004982
2775 -0.018256
2776 -0.018256
2777 -0.018609
2778 -0.018256
2779 -0.017200
2780 -0.017904
2781 -0.018256
2782 -0.017552
2783 -0.018609
2784 -0.017552
2785 -0.018609
2786 -0.018256
2787 -0.018256
2788 -0.018256
2789 -0.017200
2790 -0.017200
2791 -0.018256
2792 -0.018256
2793 -0.017200
2794 -0.018609
2795 -0.017200
2796 -0.018609
2797 -0.018256
2798 -0.018256
2799 -0.018256
2800 -0.016848
2801 -0.018256
2802 -0.018256
2803 -0.017200
2804 -0.018609
2805 -0.017200
2806 -0.018609
2807 -0.017200
2808 0.004982
2809 0.005334
2810 0.004277
2811 0.004982
2812 -0.018256
2813 -0.018256
2814 -0.018609
2815 0.004629
2816 -0.018256
2817 -0.018256
2818 -0.018256
2819 -0.018256
2820 -0.018256
2821 -0.018609
2822 -0.018256
2823 -0.018609
2824 -0.018609
2825 -0.018609
2826 -0.018256
2827 -0.018609
2828 -0.018609
2829 -0.018609
2830 -0.018609
2831 -0.018609
2832 -0.018609
2833 -0.018609
2834 -0.018609
2835 -0.016848
2836 -0.018256
2837 -0.018609
2838 -0.018256
2839 -0.018609
2840 -0.017200
2841 0.005334
2842 0.004982
2843 0.004982
2844 0.004982
2845 -0.018256
2846 -0.018256
2847 -0.018609
2848 0.004982
2849 -0.018256
2850 -0.018256
2851 -0.018256
2852 -0.018609
2853 -0.018256
2854 -0.018256
2855 -0.018609
2856 -0.018256
2857 -0.018256
2858 -0.017552
2859 -0.018609
2860 -0.017200
2861 -0.018256
2862 -0.017200
2863 -0.018609
2864 -0.018609
2865 -0.017200
2866 -0.018609
2867 0.004277
2868 -0.017200
2869 -0.018256
2870 -0.016848
2871 -0.018256
2872 -0.018609
2873 -0.018609
2874 -0.018609
2875 0.005334
2876 0.004982
2877 -0.018256
2878 -0.018256
2879 -0.018256
2880 -0.018256
2881 -0.017552
2882 -0.018256
2883 -0.018256
2884 -0.018256
2885 -0.017552
2886 -0.017552
2887 -0.018609
2888 -0.018256
2889 -0.018256
2890 -0.018256
2891 -0.018609
2892 -0.018609
2893 -0.018256
2894 -0.018609
2895 -0.018256
2896 -0.017200
2897 -0.018256
2898 -0.018256
2899 -0.018609
2900 -0.016848
2901 -0.018256
2902 -0.018256
2903 -0.018256
2904 -0.018256
2905 -0.018256
2906 -0.018256
2907 0.003925
2908 0.005334
2909 0.005334
2910 0.005334
2911 -0.017552
2912 -0.018609
2913 -0.017552
2914 -0.017552
2915 -0.018256
2916 -0.017200
2917 -0.018609
2918 -0.017200
2919 -0.018256
2920 -0.018256
2921 -0.018256
2922 -0.017552
2923 -0.018256
2924 -0.018609
2925 -0.018609
2926 -0.017200
2927 -0.018256
2928 -0.018609
2929 -0.018256
2930 0.004277
2931 -0.018609
2932 -0.018256
2933 -0.016848
2934 -0.018256
2935 -0.018256
2936 0.005686
2937 -0.016848
2938 -0.017904
2939 -0.018256
2940 -0.017200
2941 0.005334
2942 0.005686
2943 0.004982
2944 0.005334
2945 -0.018256
2946 -0.018256
2947 -0.018256
2948 0.004982
2949 -0.018256
2950 -0.018256
2951 -0.018256
2952 -0.018256
2953 -0.018256
2954 -0.018256
2955 -0.018256
2956 -0.017200
2957 -0.018256
2958 0.003925
2959 0.004982
2960 -0.018609
2961 -0.018256
2962 -0.018256
2963 -0.017200
2964 -0.017200
2965 -0.018609
2966 -0.016848
2967 -0.018256
2968 0.006038
2969 -0.016496
2970 -0.018256
2971 -0.017904
2972 -0.018256
2973 -0.018256
2974 -0.017200
2975 -0.016848
2976 0.005686
2977 0.005334
2978 -0.018609
2979 -0.018609
2980 -0.018256
2981 -0.018609
2982 -0.018256
2983 -0.017552
2984 -0.018256
2985 -0.017552
2986 -0.018256
2987 0.004982
2988 -0.018256
2989 -0.018256
2990 -0.018256
2991 -0.018256
2992 -0.017200
2993 -0.018609
2994 -0.018609
2995 -0.018609
2996 -0.018609
2997 0.003925
2998 -0.018609
2999 -0.018609
3000 -0.018609
3001 0.005686
3002 -0.016496
3003 0.006038
3004 0.005686
3005 -0.016848
3006 -0.018256
3007 0.005686
3008 0.005686
3009 0.005686
3010 0.005334
3011 -0.017552
3012 0.003925
3013 0.003925
3014 -0.017552
3015 -0.017200
3016 0.004277
3017 0.004982
3018 0.004982
3019 0.004982
3020 -0.018256
3021 -0.017200
3022 -0.017552
3023 -0.018256
3024 0.004982
3025 -0.018256
3026 -0.018256
3027 -0.017200
3028 -0.018609
3029 -0.018609
3030 -0.017200
3031 -0.018609
3032 0.005334
3033 -0.016848
3034 0.005686
3035 0.006038
3036 0.005686
3037 -0.016496
3038 -0.018256
3039 -0.016496
3040 -0.016848
3041 -0.016848
3042 0.005686
3043 0.004982
3044 0.005334
3045 -0.017200
3046 -0.017552
3047 -0.017552
3048 0.004277
3049 0.004982
3050 -0.018256
3051 0.004982
3052 -0.018256
3053 -0.017552
3054 0.004982
3055 -0.017552
3056 -0.018256
3057 -0.017552
3058 -0.017552
3059 0.004982
3060 0.005334
3061 0.004982
3062 0.004982
3063 -0.018609
3064 0.005334
3065 0.005334
3066 -0.018609
3067 0.003925
3068 0.004277
3069 0.006038
3070 0.005686
3071 -0.018256
3072 -0.016848
3073 -0.017904
3074 0.006038
3075 0.005686
3076 0.005686
3077 0.005334
3078 0.004982
3079 0.005334
3080 -0.018256
3081 -0.018609
3082 -0.018256
3083 -0.017552
3084 0.004629
3085 -0.017552
3086 -0.017552
3087 0.004982
3088 0.003925
3089 0.004982
3090 0.004982
3091 -0.018256
3092 0.004982
3093 0.004982
3094 -0.017552
3095 0.004277
3096 0.004982
3097 0.004982
3098 0.004982
3099 0.004982
3100 0.005334
3101 0.003925
3102 -0.016848
3103 0.005686
3104 0.005686
3105 0.005686
3106 -0.018256
3107 -0.016848
3108 0.006038
3109 0.005686
3110 0.005334
3111 0.005334
3112 -0.017200
3113 -0.017200
3114 -0.018609
3115 0.004982
3116 0.003925
3117 0.004629
3118 0.004982
3119 -0.018256
3120 0.004629
3121 -0.018256
3122 0.003925
3123 -0.018256
3124 -0.018609
3125 0.004629
3126 0.004982
3127 -0.017904
3128 0.004982
3129 0.004982
3130 0.004982
3131 -0.018256
3132 0.005334
3133 0.005334
3134 -0.016848
3135 0.003925
3136 -0.018256
3137 -0.018256
3138 -0.016496
3139 -0.018256
3140 0.005334
3141 0.005686
3142 0.005686
3143 0.005686
3144 0.005334
3145 0.005334
3146 0.005334
3147 0.005334
3148 -0.017552
3149 0.004277
3150 -0.017552
3151 0.004982
3152 0.004982
3153 0.004982
3154 -0.018609
3155 0.004629
3156 0.004629
3157 0.004629
3158 0.004629
3159 -0.018609
3160 -0.017552
3161 0.004277
3162 0.004277
3163 -0.017552
3164 -0.018256
3165 0.004982
3166 0.004982
3167 -0.017200
3168 0.005334
3169 -0.018609
3170 -0.017200
3171 0.005686
3172 -0.018256
3173 -0.018256
3174 0.005686
3175 0.005686
3176 0.005686
3177 0.005686
3178 0.005686
3179 -0.018609
3180 -0.017200
3181 -0.018256
3182 -0.018256
3183 -0.018256
3184 -0.018256
3185 0.004629
3186 0.004982
3187 0.004982
3188 0.004982
3189 0.004629
3190 -0.017552
3191 -0.017552
3192 -0.017552
3193 0.004982
3194 -0.018609
3195 -0.017552
3196 0.004982
3197 -0.017552
3198 0.004982
3199 -0.017552
3200 0.005334
3201 0.003925
3202 -0.018609
3203 -0.017200
3204 -0.016496
3205 -0.016848
3206 0.005686
3207 -0.016496
3208 0.005686
3209 0.005686
3210 0.005686
3211 0.005686
3212 -0.018609
3213 0.005334
3214 -0.017552
3215 -0.017200
3216 0.004982
3217 -0.017552
3218 0.004982
3219 -0.018609
3220 -0.018256
3221 -0.017552
3222 0.004277
3223 -0.018256
3224 -0.017552
3225 0.004982
3226 0.005334
3227 -0.017552
3228 -0.017552
3229 0.004982
3230 0.004982
3231 -0.017552
3232 -0.017552
3233 0.004277
3234 -0.017552
3235 -0.018609
3236 0.005334
3237 -0.018256
3238 -0.017200
3239 0.005686
3240 0.005686
3241 0.005686
3242 0.005686
3243 0.005334
3244 0.005686
3245 -0.016496
3246 0.005334
3247 -0.017200
3248 -0.018256
3249 0.005334
3250 -0.018256
3251 0.005334
3252 -0.018256
3253 -0.018256
3254 -0.018256
3255 -0.018609
3256 -0.017552
3257 -0.018256
3258 -0.018609
3259 -0.018256
3260 -0.018609
3261 -0.017200
3262 -0.018256
3263 -0.018256
3264 -0.018256
3265 -0.018256
3266 -0.017552
3267 -0.017200
3268 -0.018609
3269 -0.018609
3270 -0.018256
3271 -0.018256
3272 -0.016496
3273 -0.017904
3274 0.004629
3275 0.006038
3276 0.006038
3277 0.006038
3278 -0.016144
3279 -0.016496
3280 -0.016848
3281 0.004277
3282 -0.018609
3283 -0.018609
3284 -0.018256
3285 -0.018256
3286 -0.018256
3287 -0.018256
3288 -0.017552
3289 0.004277
3290 -0.018256
3291 -0.018256
3292 -0.018256
3293 -0.018256
3294 -0.017552
3295 -0.018256
3296 -0.017552
3297 -0.018256
3298 -0.018256
3299 -0.018609
3300 -0.018256
3301 -0.018609
3302 -0.017200
3303 -0.016848
3304 0.005686
3305 -0.018256
3306 -0.016496
3307 0.005686
3308 0.005686
3309 0.005686
3310 -0.016496
3311 -0.016144
3312 -0.017552
3313 -0.016496
3314 -0.018256
3315 -0.017200
3316 -0.018609
3317 0.005334
3318 -0.017552
3319 -0.018256
3320 -0.018609
3321 -0.018609
3322 -0.017200
3323 -0.018256
3324 -0.018609
3325 -0.018256
3326 0.003925
3327 -0.017200
3328 -0.018609
3329 0.004277
3330 0.004277
3331 -0.018609
3332 -0.017552
3333 -0.018256
3334 -0.018609
3335 -0.018609
3336 -0.018609
3337 -0.018609
3338 -0.016848
3339 -0.018256
3340 -0.018256
3341 0.006038
3342 0.006038
3343 0.006038
3344 0.006038
3345 -0.017904
3346 -0.016496
3347 -0.017904
3348 -0.018256
3349 -0.018256
3350 -0.016848
3351 -0.017200
3352 -0.018256
3353 -0.018609
3354 -0.018256
3355 -0.018256
3356 -0.018609
3357 -0.018256
3358 -0.018256
3359 0.004982
3360 -0.017200
3361 -0.018256
3362 -0.018256
3363 -0.018256
3364 -0.018256
3365 -0.018256
3366 -0.018256
3367 -0.018256
3368 -0.018256
3369 0.004277
3370 0.004277
3371 -0.016848
3372 -0.018256
3373 -0.018256
3374 -0.016496
3375 -0.016848
3376 0.005686
3377 0.005686
3378 -0.017904
3379 0.004629
3380 -0.017904
3381 -0.017904
3382 -0.018256
3383 -0.018609
3384 -0.018609
3385 -0.018256
3386 -0.018256
3387 -0.018609
3388 -0.018256
3389 -0.018256
3390 -0.018609
3391 -0.018256
3392 -0.017552
3393 -0.018256
3394 -0.018256
3395 -0.017200
3396 0.005334
3397 0.004982
3398 -0.017200
3399 -0.018256
3400 -0.018256
3401 -0.018609
3402 -0.018256
3403 -0.018609
3404 -0.018609
3405 -0.017200
3406 -0.018256
3407 0.005334
3408 0.005334
3409 0.005686
3410 0.005686
3411 0.005686
3412 -0.017904
3413 -0.018256
3414 -0.018256
3415 -0.018256
3416 -0.018256
3417 -0.017200
3418 -0.018609
3419 -0.018609
3420 -0.018256
3421 -0.018256
3422 -0.017552
3423 -0.018256
3424 -0.017552
3425 -0.017904
3426 -0.018256
3427 -0.018256
3428 -0.018256
3429 -0.018256
3430 -0.018256
3431 -0.018256
3432 -0.018256
3433 -0.018256
3434 -0.018609
3435 -0.018256
3436 -0.018256
3437 -0.018256
3438 -0.018256
3439 -0.018256
3440 -0.018256
3441 -0.018609
3442 -0.018609
3443 -0.018256
3444 -0.017200
3445 -0.016848
3446 -0.018256
3447 -0.016848
3448 0.004277
3449 -0.018609
3450 -0.016848
3451 -0.018609
3452 -0.018609
3453 0.005334
3454 -0.018256
3455 -0.017552
3456 -0.018256
3457 -0.018256
3458 -0.017200
3459 -0.018256
3460 -0.017552
3461 -0.018256
3462 -0.018256
3463 -0.018256
3464 -0.018256
3465 -0.017552
3466 -0.017552
3467 -0.018256
3468 -0.017552
3469 -0.018609
3470 0.004982
3471 -0.018256
3472 -0.018609
3473 -0.018256
3474 0.005334
3475 -0.017200
3476 0.005334
3477 0.005334
3478 0.005686
3479 -0.018256
3480 -0.016848
3481 -0.018609
3482 -0.018256
3483 -0.017200
3484 -0.018256
3485 -0.018256
3486 -0.018256
3487 -0.018256
3488 -0.018256
3489 -0.018256
3490 -0.018256
3491 -0.018609
3492 -0.018256
3493 -0.018256
3494 -0.018256
3495 -0.018609
3496 -0.018256
3497 0.004277
3498 -0.018609
3499 -0.018256
3500 -0.018256
3501 -0.017904
3502 0.004629
3503 0.004982
3504 -0.017904
3505 -0.017552
3506 0.004982
3507 0.004982
3508 0.004982
3509 0.005334
3510 0.005334
3511 0.005334
3512 -0.017200
3513 -0.016848
3514 -0.018256
3515 -0.017200
3516 0.005334
3517 -0.016848
3518 -0.017200
3519 0.004277
3520 0.005334
3521 -0.017552
3522 -0.018256
3523 -0.018256
3524 -0.017552
3525 -0.017552
3526 -0.017904
3527 -0.018256
3528 0.004982
3529 0.004982
3530 0.004982
3531 -0.017904
3532 -0.018256
3533 0.004982
3534 -0.017904
3535 -0.018256
3536 -0.018609
3537 -0.018256
3538 -0.017552
3539 -0.017200
3540 -0.017552
3541 0.004982
3542 0.004982
3543 0.005334
3544 0.005334
3545 -0.016848
3546 0.005686
3547 -0.017200
3548 0.005686
3549 -0.016848
3550 0.005334
3551 0.005686
3552 -0.017200
3553 -0.018256
3554 -0.018256
3555 -0.018256
3556 0.004629
3557 0.004982
3558 0.005334
3559 -0.017552
3560 0.004982
3561 0.005334
3562 -0.017200
3563 -0.017200
3564 0.004982
3565 -0.018256
3566 0.004982
3567 0.004277
3568 -0.017552
3569 0.005334
3570 -0.017552
3571 0.004982
3572 -0.018609
3573 -0.018256
3574 0.004982
3575 0.004982
3576 0.004982
3577 0.005334
3578 0.005334
3579 0.005686
3580 0.005334
3581 0.005686
3582 -0.017200
3583 0.005686
3584 0.005686
3585 -0.018609
3586 -0.017200
3587 -0.018609
3588 -0.018256
3589 -0.018256
3590 -0.018256
3591 -0.018609
3592 -0.017552
3593 -0.018256
3594 -0.017552
3595 -0.018256
3596 0.005334
3597 0.004629
3598 0.004277
3599 -0.017552
3600 -0.017200
3601 -0.017552
3602 -0.018256
3603 0.004982
3604 -0.017552
3605 -0.018256
3606 0.004982
3607 0.004982
3608 0.004982
3609 0.005334
3610 0.005334
3611 0.005334
3612 0.005686
3613 0.005334
3614 0.004277
3615 -0.016848
3616 0.006038
3617 0.006038
3618 -0.017904
3619 -0.016848
3620 -0.018256
3621 0.005334
3622 0.005334
3623 -0.018609
3624 0.004277
3625 0.004277
3626 0.005334
3627 0.004982
3628 0.004982
3629 0.003925
3630 -0.018256
3631 -0.017200
3632 -0.018256
3633 -0.017552
3634 -0.017200
3635 -0.017552
3636 0.004982
3637 0.005334
3638 0.005334
3639 0.005334
3640 -0.018256
3641 0.004982
3642 0.004982
3643 0.004982
3644 0.005334
3645 0.005334
3646 0.005686
3647 0.005686
3648 0.005686
3649 0.005686
3650 -0.017904
3651 -0.018256
3652 -0.016848
3653 -0.016848
3654 0.005686
3655 -0.018256
3656 -0.016848
3657 -0.017552
3658 -0.017552
3659 -0.018609
3660 0.004982
3661 -0.017200
3662 0.004629
3663 -0.017552
3664 0.004982
3665 0.004277
3666 0.004982
3667 0.004982
3668 0.004982
3669 0.003925
3670 0.005334
3671 -0.017200
3672 0.005334
3673 -0.018256
3674 0.004982
3675 0.004982
3676 0.004982
3677 0.005334
3678 -0.017200
3679 0.005334
3680 0.005686
3681 -0.018256
3682 0.005686
3683 -0.016848
3684 -0.016496
3685 -0.016848
3686 0.006038
3687 -0.016848
3688 -0.016496
3689 -0.018609
3690 -0.018609
3691 -0.018609
3692 -0.017200
3693 -0.017200
3694 0.005334
3695 0.004982
3696 -0.018609
3697 0.005334
3698 -0.017200
3699 -0.017200
3700 0.004982
3701 0.004982
3702 0.004982
3703 -0.018609
3704 0.005334
3705 0.004277
3706 -0.017552
3707 0.004982
3708 0.004982
3709 0.004982
3710 0.004982
3711 0.005334
3712 -0.017200
3713 -0.018609
3714 -0.016848
3715 -0.016848
3716 -0.016848
3717 0.005686
3718 0.005686
3719 -0.016848
3720 -0.016496
3721 -0.017904
3722 0.005686
3723 -0.018256
3724 -0.018256
3725 0.005334
3726 0.004982
3727 0.004982
3728 0.005334
3729 -0.017200
3730 0.005334
3731 0.004982
3732 -0.017552
3733 0.004277
3734 -0.017200
3735 -0.017200
3736 -0.017200
3737 0.005334
3738 -0.017552
3739 -0.017552
3740 -0.018609
3741 0.005334
3742 0.004982
3743 0.004982
3744 0.005334
3745 0.005334
3746 -0.018609
3747 -0.017200
3748 -0.017200
3749 0.005334
3750 0.005686
3751 -0.018256
3752 -0.018609
3753 -0.016848
3754 -0.018256
3755 -0.018256
3756 -0.018256
3757 -0.018256
3758 0.003925
3759 -0.018609
3760 -0.018256
3761 -0.018609
3762 -0.018256
3763 -0.018609
3764 -0.017200
3765 -0.018609
3766 -0.018609
3767 -0.017200
3768 -0.018256
3769 -0.017200
3770 -0.018609
3771 -0.018609
3772 -0.018256
3773 -0.018256
3774 0.004982
3775 -0.017552
3776 -0.018256
3777 0.004982
3778 -0.018256
3779 -0.018609
3780 -0.018256
3781 -0.018609
3782 -0.017200
3783 -0.018256
3784 -0.018609
3785 -0.018256
3786 -0.017200
3787 -0.016848
3788 -0.018256
3789 -0.018256
3790 -0.018256
3791 -0.018256
3792 -0.018609
3793 -0.018609
3794 -0.018609
3795 -0.018256
3796 -0.018256
3797 -0.017200
3798 -0.018256
3799 -0.018609
3800 -0.017552
3801 -0.017904
3802 -0.017552
3803 -0.017200
3804 -0.018609
3805 -0.017552
3806 -0.017200
3807 -0.018609
3808 0.004982
3809 -0.017200
3810 0.004982
3811 0.004982
3812 -0.018256
3813 -0.017552
3814 -0.018609
3815 -0.018609
3816 -0.018256
3817 -0.018256
3818 -0.018256
3819 -0.018256
3820 -0.018256
3821 -0.018256
3822 -0.016848
3823 -0.018256
3824 -0.016848
3825 -0.018609
3826 -0.018609
3827 -0.017552
3828 -0.018609
3829 -0.018256
3830 0.004982
3831 -0.018256
3832 -0.018609
3833 -0.018256
3834 -0.018609
3835 -0.018609
3836 -0.018256
3837 -0.018256
3838 -0.017200
3839 -0.017200
3840 -0.018256
3841 0.005334
3842 -0.018256
3843 0.004982
3844 0.004629
3845 -0.018609
3846 -0.018609
3847 -0.018256
3848 -0.018256
3849 -0.018256
3850 -0.018256
3851 -0.016848
3852 -0.018256
3853 -0.018256
3854 -0.018256
3855 -0.018256
3856 -0.018256
3857 -0.018609
3858 -0.018256
3859 -0.018256
3860 -0.017200
3861 -0.018609
3862 -0.018256
3863 -0.018256
3864 -0.018256
3865 -0.018256
3866 -0.018609
3867 -0.018256
3868 -0.017552
3869 0.004982
3870 -0.017552
3871 -0.018256
3872 -0.018609
3873 -0.018256
3874 0.004982
3875 -0.018609
3876 0.004982
3877 -0.018609
3878 -0.018256
3879 -0.018256
3880 -0.018609
3881 -0.017200
3882 -0.018609
3883 -0.018609
3884 -0.018256
3885 -0.018256
3886 -0.016848
3887 -0.017904
3888 0.004277
3889 0.006038
3890 -0.016496
3891 -0.017904
3892 -0.018256
3893 -0.018256
3894 -0.018256
3895 -0.018256
3896 -0.017552
3897 -0.018256
3898 -0.018256
3899 -0.018256
3900 0.003925
3901 -0.017200
3902 -0.018256
3903 -0.018256
3904 -0.018256
3905 -0.018609
3906 -0.018256
3907 0.004982
3908 0.005334
3909 0.004982
3910 0.005686
3911 0.005334
3912 -0.018256
3913 -0.017200
3914 -0.018609
3915 -0.018609
3916 0.005334
3917 -0.017200
3918 -0.016848
3919 0.004629
3920 -0.017904
3921 -0.016496
3922 -0.018256
3923 -0.017904
3924 -0.016848
3925 -0.016848
3926 -0.016848
3927 -0.016848
3928 -0.018609
3929 -0.017552
3930 -0.017200
3931 0.004982
3932 -0.018256
3933 -0.017552
3934 -0.017552
3935 -0.017200
3936 -0.018609
3937 -0.018256
3938 -0.018256
3939 -0.018256
3940 -0.018609
3941 0.005334
3942 0.004982
3943 0.004982
3944 0.005334
3945 -0.018256
3946 -0.017552
3947 -0.018256
3948 -0.017200
3949 0.005334
3950 -0.018609
3951 -0.018609
3952 -0.018609
3953 -0.018609
3954 -0.018256
3955 -0.018609
3956 0.006038
3957 0.004277
3958 -0.016848
3959 -0.018256
3960 -0.017904
3961 -0.018256
3962 -0.017200
3963 -0.018256
3964 -0.018256
3965 -0.018256
3966 -0.017552
3967 -0.017552
3968 -0.018256
3969 -0.018256
3970 0.004277
3971 -0.018256
3972 -0.018256
3973 -0.018609
3974 -0.017552
3975 -0.017552
3976 0.004982
3977 0.005334
3978 -0.018609
3979 -0.018609
3980 -0.018256
3981 -0.018609
3982 -0.018609
3983 -0.018609
3984 -0.018609
3985 -0.018609
3986 -0.018609
3987 -0.018256
3988 -0.018256
3989 -0.018256
3990 -0.018256
3991 -0.018256
3992 -0.018256
3993 -0.018609
3994 -0.017904
3995 -0.018256
3996 -0.017200
3997 -0.017552
3998 -0.018256
3999 0.005334
4000 -0.017200
4001 -0.018609
4002 -0.017552
4003 -0.017552
4004 0.005334
4005 0.005334
4006 -0.018256
4007 0.005334
4008 0.004982
4009 0.004982
4010 0.004982
4011 0.005334
4012 0.004982
4013 -0.018256
4014 0.005334
4015 -0.017552
4016 -0.017200
4017 0.005334
4018 0.005334
4019 0.005334
4020 0.005334
4021 0.005334
4022 0.005686
4023 -0.018256
4024 -0.017200
4025 0.005686
4026 -0.017200
4027 0.005686
4028 0.005686
4029 -0.016848
4030 0.005334
4031 -0.017200
4032 -0.017552
4033 -0.017200
4034 -0.017552
4035 -0.017552
4036 -0.017200
4037 -0.018609
4038 -0.018256
4039 -0.018256
4040 -0.018256
4041 -0.018609
4042 -0.018256
4043 -0.018256
4044 -0.018256
4045 -0.018609
4046 -0.018609
4047 -0.018609
4048 -0.018609
4049 -0.018609
4050 -0.018256
4051 -0.018609
4052 0.004277
4053 -0.018256
4054 -0.018256
4055 0.004277
4056 -0.016496
4057 -0.016848
4058 0.005686
4059 0.005686
4060 0.006038
4061 -0.017552
4062 0.006038
4063 0.005334
4064 0.005334
4065 0.004982
4066 -0.018609
4067 -0.018256
4068 0.004982
4069 0.005334
4070 0.004982
4071 -0.018256
4072 -0.017904
4073 -0.018609
4074 0.004982
4075 0.004982
4076 0.004982
4077 0.004982
4078 0.004982
4079 0.004277
4080 -0.017200
4081 -0.018609
4082 0.005334
4083 0.005334
4084 -0.017200
4085 -0.018609
4086 -0.016848
4087 -0.018609
4088 0.005686
4089 -0.016848
4090 0.006038
4091 -0.016848
4092 0.005686
4093 0.006038
4094 -0.017904
4095 -0.017904
4096 -0.017904
4097 -0.018256
4098 0.003925
4099 -0.018609
4100 0.005334
4101 -0.017552
4102 -0.017552
4103 0.004982
4104 -0.017200
4105 0.004629
4106 0.004982
4107 0.004982
4108 0.004982
4109 0.005334
4110 0.005334
4111 0.005334
4112 -0.018256
4113 -0.018256
4114 -0.017200
4115 -0.017552
4116 0.005334
4117 0.004277
4118 0.004982
4119 0.005334
4120 0.005334
4121 0.005334
4122 0.005686
4123 -0.018256
4124 0.004629
4125 0.006038
4126 -0.016496
4127 -0.016848
4128 0.006038
4129 -0.017904
4130 0.004629
4131 -0.016848
4132 -0.018609
4133 -0.017200
4134 -0.018609
4135 -0.018256
4136 0.003925
4137 0.005334
4138 0.005334
4139 -0.018256
4140 -0.018256
4141 0.005334
4142 0.005334
4143 0.005334
4144 0.005334
4145 -0.018609
4146 0.005334
4147 -0.017552
4148 -0.017200
4149 -0.017552
4150 0.005334
4151 0.005334
4152 -0.017200
4153 0.005334
4154 -0.017200
4155 0.005334
4156 0.005686
4157 0.005686
4158 0.006038
4159 -0.016848
4160 -0.016496
4161 0.006038
4162 -0.018256
4163 -0.017904
4164 -0.016848
4165 0.004277
4166 0.005686
4167 -0.017200
4168 0.005334
4169 0.005334
4170 0.005334
4171 -0.017200
4172 -0.018609
4173 -0.018609
4174 0.005334
4175 0.005334
4176 0.005334
4177 0.004982
4178 0.005334
4179 0.004982
4180 0.004982
4181 0.004982
4182 -0.018256
4183 -0.017200
4184 0.004982
4185 0.005334
4186 -0.017200
4187 -0.018256
4188 0.005334
4189 0.005334
4190 0.005334
4191 -0.016848
4192 -0.016848
4193 0.005686
4194 0.005686
4195 -0.017904
4196 -0.017904
4197 -0.018256
4198 -0.018256
4199 -0.018256
4200 -0.017200
4201 0.005334
4202 0.005686
4203 0.003925
4204 -0.017200
4205 -0.017552
4206 -0.017200
4207 0.003925
4208 0.005334
4209 0.005334
4210 0.004982
4211 0.005334
4212 -0.017200
4213 -0.017200
4214 -0.017200
4215 -0.017200
4216 0.004982
4217 -0.018256
4218 0.004982
4219 -0.017200
4220 -0.017200
4221 0.004277
4222 -0.017200
4223 -0.018609
4224 -0.018609
4225 -0.018256
4226 0.005686
4227 -0.018256
4228 0.005686
4229 0.006038
4230 -0.017904
4231 -0.016848
4232 -0.016496
4233 0.005686
4234 0.005334
4235 -0.018256
4236 -0.017552
4237 0.005334
4238 0.005334
4239 0.004277
4240 -0.017200
4241 0.004982
4242 0.004982
4243 0.005334
4244 0.005334
4245 -0.018609
4246 0.004982
4247 -0.018609
4248 0.005334
4249 0.004277
4250 -0.018609
4251 -0.017552
4252 -0.017200
4253 -0.018609
4254 -0.017200
4255 -0.018609
4256 -0.018256
4257 -0.018256
4258 -0.018609
4259 -0.017200
4260 -0.018256
4261 0.003925
4262 0.006038
4263 -0.018609
4264 -0.017904
4265 -0.018256
4266 -0.018256
4267 -0.018256
4268 0.003925
4269 0.005334
4270 -0.018256
4271 -0.018256
4272 -0.018609
4273 -0.018609
4274 0.004982
4275 -0.018609
4276 0.005334
4277 0.005334
4278 -0.018609
4279 -0.018609
4280 -0.018609
4281 -0.017200
4282 -0.017552
4283 -0.018609
4284 -0.017200
4285 -0.018609
4286 -0.018609
4287 -0.018609
4288 -0.018256
4289 -0.018609
4290 -0.016848
4291 -0.018256
4292 -0.016848
4293 -0.018256
4294 -0.016496
4295 -0.016848
4296 -0.018256
4297 -0.018256
4298 -0.017904
4299 -0.018256
4300 -0.018256
4301 -0.016848
4302 -0.018609
4303 -0.018256
4304 -0.017552
4305 -0.018609
4306 -0.017552
4307 0.004982
4308 0.005334
4309 0.004982
4310 0.004982
4311 -0.017552
4312 -0.018609
4313 -0.018609
4314 -0.018256
4315 -0.017552
4316 -0.018609
4317 0.004277
4318 -0.018256
4319 -0.018256
4320 -0.017200
4321 -0.018256
4322 -0.017200
4323 -0.018256
4324 -0.018256
4325 -0.017200
4326 0.005686
4327 -0.018256
4328 -0.017904
4329 0.004277
4330 0.005686
4331 0.004629
4332 -0.018256
4333 -0.017904
4334 -0.016848
4335 -0.016848
4336 -0.018609
4337 -0.018609
4338 -0.018256
4339 -0.017200
4340 -0.017200
4341 0.005334
4342 0.005334
4343 -0.017200
4344 0.005334
4345 -0.017200
4346 -0.018609
4347 -0.018609
4348 -0.018609
4349 -0.018609
4350 -0.018609
4351 -0.018609
4352 -0.017200
4353 -0.018256
4354 -0.017200
4355 -0.018256
4356 -0.018609
4357 -0.017200
4358 0.005334
4359 -0.018256
4360 -0.017904
4361 -0.017904
4362 -0.016496
4363 -0.017904
4364 -0.017904
4365 -0.017904
4366 -0.016848
4367 -0.018256
4368 -0.018256
4369 -0.018256
4370 0.005334
4371 -0.017200
4372 -0.018609
4373 -0.018609
4374 -0.017200
4375 -0.017200
4376 -0.017552
4377 0.005334
4378 -0.017200
4379 -0.018609
4380 -0.018609
4381 -0.017200
4382 0.003925
4383 -0.018609
4384 -0.018609
4385 -0.018609
4386 -0.018609
4387 -0.018256
4388 -0.018609
4389 -0.018609
4390 -0.018609
4391 -0.018609
4392 -0.016848
4393 -0.018256
4394 -0.018256
4395 -0.017200
4396 -0.016496
4397 -0.018256
4398 -0.018256
4399 -0.017904
4400 -0.017904
4401 -0.018256
4402 -0.017904
4403 -0.018256
4404 -0.018256
4405 -0.017200
4406 -0.017200
4407 -0.017552
4408 0.004982
4409 0.005334
4410 0.005334
4411 -0.018256
4412 0.003925
4413 0.004982
4414 -0.018609
4415 -0.018609
4416 -0.018609
4417 -0.018609
4418 -0.017200
4419 -0.018609
4420 -0.018609
4421 -0.018609
4422 -0.018256
4423 -0.018609
4424 -0.018609
4425 -0.018609
4426 -0.018609
4427 0.004277
4428 -0.018256
4429 -0.018609
4430 -0.018256
4431 -0.016496
4432 -0.016848
4433 -0.016848
4434 -0.017904
4435 -0.018256
4436 -0.016848
4437 -0.016496
4438 -0.018256
4439 -0.018609
4440 -0.018609
4441 0.005334
4442 0.004982
4443 0.004982
4444 -0.017552
4445 -0.018256
4446 -0.018609
4447 -0.018609
4448 -0.018256
4449 -0.018609
4450 -0.018256
4451 -0.018256
4452 -0.018609
4453 -0.018609
4454 -0.017200
4455 -0.018609
4456 -0.017200
4457 -0.018609
4458 -0.018609
4459 -0.018609
4460 -0.018609
4461 -0.018609
4462 -0.018256
4463 -0.016848
4464 -0.018256
4465 -0.016848
4466 0.004277
4467 -0.018256
4468 0.004277
4469 -0.018256
4470 0.005686
4471 -0.018256
4472 -0.018256
4473 -0.018609
4474 -0.017200
4475 -0.017552
4476 0.005334
4477 0.004982
4478 0.005334
4479 -0.018256
4480 -0.018256
4481 -0.018256
4482 -0.018256
4483 -0.018609
4484 -0.018256
4485 -0.018256
4486 -0.017552
4487 -0.018256
4488 -0.018256
4489 -0.018609
4490 -0.018256
4491 -0.017200
4492 -0.018609
4493 -0.016848
4494 -0.016848
4495 0.005334
4496 -0.017200
4497 -0.016848
4498 -0.016848
4499 -0.018256
4500 -0.018609
4501 -0.017904
4502 -0.018256
4503 -0.017904
4504 0.004277
4505 0.005686
4506 0.005686
4507 0.005334
4508 0.005334
4509 0.005334
4510 -0.018256
4511 0.005334
4512 -0.018256
4513 -0.017200
4514 -0.017552
4515 -0.018609
4516 0.005686
4517 0.005334
4518 0.005334
4519 -0.017552
4520 -0.017552
4521 -0.018256
4522 -0.017200
4523 -0.018609
4524 -0.017552
4525 -0.017200
4526 -0.017200
4527 -0.017200
4528 0.005686
4529 0.005686
4530 0.005334
4531 0.005334
4532 -0.018256
4533 0.005686
4534 -0.016848
4535 -0.016848
4536 -0.016848
4537 -0.016848
4538 0.004277
4539 -0.016848
4540 -0.018256
4541 0.005686
4542 0.005686
4543 0.005334
4544 0.004982
4545 -0.018609
4546 -0.017200
4547 -0.018256
4548 0.004982
4549 -0.017552
4550 -0.018609
4551 -0.017552
4552 0.004982
4553 -0.017200
4554 0.004629
4555 -0.018256
4556 -0.017552
4557 0.004982
4558 0.004982
4559 -0.017200
4560 -0.017200
4561 0.005686
4562 -0.018609
4563 -0.017200
4564 -0.017200
4565 -0.018256
4566 0.005686
4567 -0.018256
4568 -0.016848
4569 0.005686
4570 0.005686
4571 0.005686
4572 -0.016848
4573 -0.018256
4574 0.005686
4575 0.005334
4576 0.005334
4577 0.005334
4578 -0.018609
4579 0.004982
4580 0.004982
4581 -0.018256
4582 0.003925
4583 -0.017552
4584 -0.017552
4585 -0.017552
4586 0.005334
4587 0.004629
4588 -0.018256
4589 0.004982
4590 0.004982
4591 0.005334
4592 -0.017552
4593 -0.017200
4594 0.005686
4595 -0.017200
4596 -0.017200
4597 0.005334
4598 0.005686
4599 0.005686
4600 0.005686
4601 0.005686
4602 -0.018609
4603 -0.018256
4604 -0.018256
4605 -0.018256
4606 -0.016848
4607 0.005686
4608 0.005686
4609 0.005686
4610 0.005334
4611 0.005334
4612 0.004982
4613 0.003925
4614 0.004982
4615 -0.018256
4616 -0.017552
4617 0.004982
4618 -0.018256
4619 -0.018256
4620 0.004982
4621 -0.017552
4622 -0.018609
4623 -0.018256
4624 -0.018256
4625 0.005334
4626 -0.017552
4627 -0.017200
4628 0.003925
4629 0.003925
4630 0.005334
4631 -0.017200
4632 -0.017200
4633 -0.018609
4634 0.005334
4635 -0.016848
4636 -0.016848
4637 0.005686
4638 -0.017200
4639 0.005686
4640 0.005686
4641 -0.016848
4642 0.005686
4643 0.005334
4644 0.005334
4645 -0.018609
4646 -0.018609
4647 -0.018256
4648 -0.018609
4649 -0.018256
4650 -0.018256
4651 -0.018256
4652 -0.018256
4653 -0.018609
4654 -0.018256
4655 -0.018256
4656 -0.018256
4657 -0.018256
4658 -0.018609
4659 -0.018256
4660 -0.018256
4661 -0.018609
4662 0.005334
4663 -0.017200
4664 0.005334
4665 0.005334
4666 0.005686
4667 0.005686
4668 0.004277
4669 -0.016848
4670 0.005686
4671 -0.016848
4672 0.005686
4673 -0.018256
4674 -0.018256
4675 0.005686
4676 0.005334
4677 0.005334
4678 0.005334
4679 0.005334
4680 0.004982
4681 0.005334
4682 0.005334
4683 -0.018256
4684 -0.017552
4685 -0.018256
4686 -0.018256
4687 -0.017552
4688 0.004982
4689 0.004982
4690 0.004277
4691 -0.018609
4692 0.004982
4693 -0.018609
4694 0.005334
4695 0.005334
4696 -0.018256
4697 0.005334
4698 -0.016848
4699 0.005334
4700 -0.016848
4701 -0.018256
4702 0.006038
4703 -0.016848
4704 -0.017904
4705 -0.018256
4706 -0.018256
4707 -0.018256
4708 0.006038
4709 0.005686
4710 0.005686
4711 -0.016848
4712 -0.017200
4713 0.005334
4714 -0.017200
4715 0.004982
4716 -0.017552
4717 0.004277
4718 0.005334
4719 0.004982
4720 -0.017552
4721 -0.017552
4722 0.004982
4723 -0.018609
4724 -0.017552
4725 -0.018256
4726 -0.017552
4727 -0.017200
4728 0.005334
4729 0.005334
4730 -0.016848
4731 0.004277
4732 0.005334
4733 0.005686
4734 0.005686
4735 -0.017200
4736 -0.018256
4737 -0.016848
4738 0.006038
4739 -0.017904
4740 0.006038
4741 0.005686
4742 0.005686
4743 0.006038
4744 0.005686
4745 0.005334
4746 0.005334
4747 0.005686
4748 -0.017200
4749 0.003925
4750 -0.017200
4751 -0.018256
4752 -0.018256
4753 -0.018609
4754 -0.018256
4755 -0.018256
4756 -0.018256
4757 -0.018256
4758 -0.018256
4759 -0.018256
4760 -0.017552
4761 -0.018256
4762 -0.018609
4763 -0.018609
4764 -0.018609
4765 -0.018609
4766 -0.018256
4767 -0.016848
4768 0.005686
4769 -0.018256
4770 -0.017904
4771 0.005334
4772 -0.018256
4773 -0.017904
4774 0.006038
4775 0.005686
4776 0.006038
4777 0.006038
4778 -0.018256
4779 -0.018256
4780 -0.018609
4781 -0.018256
4782 -0.017200
4783 -0.018256
4784 -0.018256
4785 -0.018609
4786 -0.017552
4787 -0.017552
4788 -0.018256
4789 -0.018256
4790 0.004277
4791 -0.018256
4792 -0.017552
4793 -0.018256
4794 -0.018609
4795 -0.017200
4796 -0.018256
4797 0.005334
4798 -0.018609
4799 -0.018609
4800 -0.016848
4801 -0.018256
4802 -0.018256
4803 -0.018256
4804 -0.016848
4805 -0.018256
4806 -0.017904
4807 -0.017904
4808 -0.017904
4809 0.006038
4810 0.006038
4811 0.006038
4812 -0.017904
4813 0.005334
4814 -0.017200
4815 -0.018609
4816 -0.017200
4817 -0.018256
4818 -0.018256
4819 -0.017200
4820 -0.018256
4821 -0.018256
4822 -0.018256
4823 -0.018609
4824 -0.018256
4825 -0.017552
4826 -0.018256
4827 -0.018256
4828 -0.018609
4829 -0.018256
4830 -0.018256
4831 -0.018609
4832 -0.018256
4833 -0.016848
4834 -0.016848
4835 -0.018256
4836 -0.016848
4837 -0.017200
4838 -0.016848
4839 -0.018256
4840 -0.017904
4841 0.005686
4842 0.006038
4843 0.006038
4844 0.006038
4845 -0.017904
4846 -0.017904
4847 -0.018609
4848 -0.018609
4849 0.005334
4850 -0.017200
4851 -0.018609
4852 -0.018609
4853 -0.018609
4854 -0.018609
4855 -0.017200
4856 -0.018256
4857 -0.018609
4858 -0.018256
4859 -0.017200
4860 -0.018609
4861 -0.018609
4862 -0.018609
4863 -0.018256
4864 0.004982
4865 -0.018609
4866 -0.017200
4867 -0.016848
4868 0.005334
4869 -0.018609
4870 -0.018609
4871 -0.018256
4872 -0.016848
4873 -0.018256
4874 0.005686
4875 -0.016496
4876 0.006038
4877 0.006038
4878 0.005686
4879 -0.017904
4880 -0.016848
4881 -0.016848
4882 -0.017200
4883 -0.016848
4884 -0.017200
4885 -0.018609
4886 -0.018609
4887 -0.017552
4888 -0.018609
4889 -0.018256
4890 -0.018256
4891 -0.018609
4892 -0.018256
4893 -0.017552
4894 0.005334
4895 -0.018256
4896 -0.017552
4897 -0.018256
4898 -0.018609
4899 -0.018609
4900 -0.018609
4901 -0.016848
4902 -0.018609
4903 -0.018256
4904 -0.016848
4905 -0.018256
4906 0.005686
4907 -0.018256
4908 -0.018256
4909 -0.018256
4910 0.006038
4911 0.006038
4912 -0.016496
4913 -0.017904
4914 -0.017904
4915 -0.018256
4916 -0.016848
4917 -0.017200
4918 -0.018609
4919 -0.018256
4920 0.004982
4921 -0.018256
4922 -0.018256
4923 -0.018256
4924 -0.018609
4925 -0.018256
4926 -0.018256
4927 -0.018256
4928 -0.018256
4929 -0.018256
4930 0.004982
4931 -0.018609
4932 0.003925
4933 -0.017200
4934 -0.017200
4935 -0.018609
4936 -0.018609
4937 -0.018609
4938 -0.018609
4939 -0.018256
4940 -0.018256
4941 0.005686
4942 0.005686
4943 -0.016848
4944 0.006038
4945 -0.017904
4946 -0.017904
4947 0.005686
4948 -0.016848
4949 -0.017904
4950 -0.016848
4951 -0.018609
4952 -0.018609
4953 -0.018609
4954 -0.018609
4955 -0.017200
4956 -0.018256
4957 0.005334
4958 -0.018256
4959 -0.017200
4960 0.004277
4961 -0.018609
4962 -0.017552
4963 -0.018256
4964 -0.018256
4965 -0.018609
4966 -0.017552
4967 -0.016848
4968 0.005334
4969 -0.016848
4970 -0.017200
4971 0.005334
4972 -0.016848
4973 -0.018256
4974 -0.016848
4975 0.006038
4976 0.006038
4977 0.006038
4978 -0.017904
4979 -0.017904
4980 -0.017904
4981 -0.018256
4982 -0.018256
4983 -0.018256
4984 -0.016848
4985 -0.017200
4986 -0.018609
4987 -0.017200
4988 -0.017200
4989 0.003925
4990 -0.018609
4991 -0.018609
4992 -0.017552
4993 -0.018609
4994 -0.018609
4995 -0.018256
4996 -0.018256
4997 -0.018256
4998 -0.018256
4999 -0.017200
5000 -0.017200
