1 1.085550
2 1.085550
3 1.088718
4 1.085902
5 1.089775
6 1.086254
7 1.085550
8 1.086254
9 1.073931
10 1.065128
11 1.063016
12 1.065833
13 1.067241
14 1.063368
15 1.084845
16 1.079916
17 1.076747
18 1.079916
19 1.079916
20 1.074283
21 1.066185
22 1.063016
23 1.074283
24 1.075339
25 1.076043
26 1.074283
27 1.074283
28 1.079916
29 1.085198
30 1.084493
31 1.064776
32 1.063720
33 1.065833
34 1.063016
35 1.064776
36 1.069001
37 1.069353
38 1.069001
39 1.087662
40 1.086606
41 1.085550
42 1.087662
43 1.088718
44 1.086606
45 1.085550
46 1.087662
47 1.085550
48 1.085550
49 1.088014
50 1.072874
51 1.064424
52 1.063016
53 1.065833
54 1.065833
55 1.064424
56 1.063016
57 1.079916
58 1.079916
59 1.074987
60 1.074283
61 1.068297
62 1.066185
63 1.074283
64 1.074283
65 1.074283
66 1.074283
67 1.065833
68 1.075339
69 1.079916
70 1.063016
71 1.063016
72 1.064424
73 1.064072
74 1.063368
75 1.063720
76 1.063016
77 1.069353
78 1.072874
79 1.086958
80 1.085550
81 2.528068
82 1.085550
83 1.085902
84 1.089775
85 1.088366
86 1.085550
87 1.085550
88 1.085902
89 1.085902
90 1.071818
91 1.069353
92 1.064424
93 1.068297
94 1.063368
95 1.066185
96 1.064776
97 1.080972
98 1.074283
99 1.074283
100 1.079916
101 1.074635
102 1.074283
103 1.067945
104 1.063368
105 1.074635
106 1.076747
107 1.083085
108 1.074283
109 1.074283
110 1.080620
111 1.084141
112 2.505182
113 1.063016
114 2.507998
115 1.063720
116 1.065480
117 1.069001
118 1.069353
119 1.073931
120 1.085550
121 1.087662
122 1.087662
123 1.086958
124 1.090127
125 1.085902
126 1.085902
127 1.088366
128 1.085550
129 1.085550
130 1.087662
131 1.072874
132 1.068649
133 1.067945
134 1.065833
135 1.067241
136 1.065833
137 1.063016
138 1.079916
139 1.074635
140 1.080268
141 1.074283
142 1.074635
143 1.064776
144 1.067945
145 1.074987
146 2.516801
147 2.516449
148 1.075691
149 1.074635
150 1.080620
151 1.063368
152 1.063368
153 1.063368
154 1.063016
155 1.065833
156 1.063720
157 1.063016
158 1.065128
159 1.073579
160 1.085550
161 1.087662
162 1.086606
163 1.086958
164 2.530180
165 1.097521
166 1.090127
167 1.090127
168 1.085550
169 1.085550
170 1.085902
171 1.086606
172 1.073226
173 1.071466
174 1.064424
175 1.066185
176 1.065480
177 1.063016
178 1.085198
179 2.522434
180 1.074987
181 1.079916
182 1.075691
183 1.074635
184 1.064072
185 1.063016
186 1.074283
187 1.074987
188 1.067593
189 1.074635
190 1.080268
191 1.079916
192 1.063016
193 1.083085
194 1.063368
195 1.063368
196 1.063368
197 1.063368
198 1.069001
199 1.071466
200 1.073226
201 1.086254
202 1.085902
203 1.086606
204 1.085902
205 1.086606
206 1.087662
207 1.096817
208 1.086254
209 1.085550
210 1.073579
211 1.086606
212 1.085550
213 1.071466
214 2.505534
215 1.067945
216 1.065480
217 1.064072
218 1.063016
219 1.063016
220 1.076043
221 1.074283
222 1.080268
223 1.076395
224 1.065833
225 1.064072
226 1.067945
227 1.074635
228 1.076395
229 1.074987
230 1.067945
231 1.079916
232 1.080268
233 1.063016
234 1.084845
235 1.065128
236 1.063016
237 1.063016
238 1.063720
239 1.064424
240 1.071818
241 1.085550
242 1.085550
243 1.085902
244 2.529476
245 1.087310
246 1.085550
247 1.086606
248 2.532293
249 1.086254
250 1.085550
251 1.085902
252 1.085550
253 1.085902
254 1.071818
255 1.064072
256 1.068297
257 1.065128
258 1.067241
259 1.063016
260 1.063016
261 1.076043
262 1.080268
263 1.080268
264 1.074635
265 1.074635
266 1.068297
267 1.074283
268 1.074283
269 1.074283
270 1.074987
271 1.074283
272 1.079916
273 1.063016
274 1.084493
275 1.063720
276 1.064776
277 1.063720
278 1.063016
279 1.063368
280 2.511167
281 1.069353
282 1.085550
283 1.085902
284 1.085902
285 1.085902
286 1.088014
287 1.097169
288 1.090831
289 1.088366
290 1.085902
291 1.085902
292 1.086254
293 1.086254
294 1.071466
295 1.069706
296 1.063016
297 1.066185
298 1.065833
299 1.063016
300 1.063368
301 1.082733
302 1.067241
303 1.074283
304 1.063016
305 1.065833
306 1.063720
307 1.065128
308 1.065833
309 1.076043
310 1.079916
311 1.066185
312 1.074635
313 1.079916
314 1.063016
315 1.063016
316 1.064424
317 1.063016
318 1.067241
319 1.063016
320 1.063368
321 1.069001
322 1.071466
323 1.085550
324 1.085902
325 1.085902
326 1.088366
327 1.085902
328 1.088718
329 1.085550
330 1.086254
331 1.088014
332 1.086958
333 1.087662
334 1.073226
335 1.073931
336 1.063016
337 1.066185
338 1.063016
339 1.063368
340 1.063720
341 1.064072
342 1.079916
343 1.079916
344 1.076395
345 1.096817
346 1.065833
347 1.068297
348 1.063368
349 1.074283
350 1.067241
351 1.074283
352 1.067593
353 1.076395
354 1.079916
355 1.084493
356 1.063368
357 1.063016
358 1.063016
359 1.063368
360 1.068297
361 1.064424
362 1.071466
363 1.071466
364 1.086254
365 1.085550
366 1.088014
367 1.085550
368 1.088366
369 1.089775
370 1.088718
371 1.088718
372 1.086958
373 1.085902
374 1.085550
375 1.071818
376 1.071818
377 1.063720
378 2.505182
379 1.065833
380 1.063016
381 1.063016
382 1.080268
383 1.074283
384 1.079916
385 1.074635
386 1.075691
387 1.074635
388 1.064424
389 1.067593
390 1.074635
391 1.074283
392 1.074283
393 1.063720
394 1.080268
395 1.083085
396 1.083085
397 1.063016
398 1.063016
399 1.067945
400 1.066185
401 1.068649
402 1.063016
403 1.063368
404 1.073931
405 1.085902
406 1.085902
407 1.085550
408 1.085550
409 1.090127
410 1.090127
411 1.086958
412 2.530180
413 1.088014
414 1.086958
415 1.085550
416 1.073931
417 1.068649
418 1.063016
419 1.066185
420 1.067593
421 1.063720
422 1.063016
423 1.080268
424 1.075691
425 1.079916
426 1.074283
427 1.074635
428 1.063016
429 1.065833
430 1.074283
431 1.074987
432 1.074635
433 1.074635
434 1.074283
435 1.076395
436 1.063368
437 1.065128
438 1.063368
439 1.064776
440 1.065833
441 1.067945
442 1.063368
443 1.064424
444 1.068649
445 1.071818
446 2.527715
447 2.572783
448 1.090127
449 1.085550
450 1.088718
451 1.088366
452 1.086606
453 1.088014
454 1.085550
455 1.087662
456 1.085902
457 1.071466
458 1.071466
459 1.063016
460 1.063016
461 1.066185
462 1.063368
463 1.064072
464 1.079916
465 1.074987
466 1.076747
467 1.075691
468 1.074283
469 1.064072
470 1.066185
471 1.067945
472 1.074635
473 1.074635
474 1.067241
475 1.074987
476 1.063016
477 1.063016
478 1.085198
479 2.506238
480 1.064072
481 1.064072
482 1.067945
483 1.063016
484 1.068649
485 1.071466
486 1.085902
487 1.085550
488 1.086254
489 1.086254
490 1.086254
491 1.096817
492 1.097169
493 1.087662
494 1.085550
495 1.087662
496 1.085550
497 1.086254
498 1.071466
499 1.065480
500 1.066185
501 1.063016
502 1.063720
503 1.063368
504 1.063016
505 1.074987
506 1.076395
507 1.083085
508 1.074283
509 1.063368
510 1.063720
511 2.509407
512 1.074635
513 1.075691
514 1.068297
515 2.516449
516 1.075691
517 1.079916
518 1.063016
519 1.063368
520 1.063368
521 1.063720
522 1.067241
523 1.063368
524 1.064776
525 1.069001
526 1.085550
527 1.085550
528 1.085550
529 1.087662
530 1.086958
531 1.086606
532 1.088366
533 1.088366
534 1.085550
535 1.086254
536 1.085550
537 1.085902
538 1.071818
539 1.065128
540 1.063368
541 1.063016
542 1.063368
543 1.063720
544 1.063016
545 1.080972
546 1.074987
547 1.074987
548 2.516801
549 1.074635
550 1.065833
551 1.063720
552 1.068297
553 1.074635
554 1.074283
555 1.074283
556 1.074283
557 1.075691
558 1.084493
559 1.063016
560 1.063720
561 1.064072
562 1.065480
563 1.063016
564 1.065128
565 1.068649
566 1.065480
567 1.085550
568 1.085902
569 1.086958
570 1.087662
571 1.085902
572 1.090831
573 1.088366
574 1.088366
575 1.087662
576 1.085902
577 1.085902
578 2.516096
579 1.085902
580 2.512576
581 1.063016
582 1.065833
583 1.066185
584 1.064072
585 1.084493
586 1.076747
587 1.076395
588 1.074283
589 1.080972
590 1.074283
591 1.066185
592 1.066185
593 1.065833
594 1.075339
595 1.074283
596 1.068297
597 1.075691
598 1.082733
599 1.085198
600 1.063016
601 1.063368
602 1.064776
603 1.063368
604 1.063016
605 1.063720
606 1.069001
607 1.069001
608 1.085902
609 1.085550
610 1.087310
611 1.085550
612 2.532293
613 1.098225
614 1.085550
615 1.085550
616 1.088718
617 1.085550
618 1.085902
619 1.085550
620 1.072874
621 1.068649
622 1.066185
623 1.063368
624 1.065833
625 1.064776
626 1.085198
627 1.074635
628 1.076747
629 1.074283
630 1.075339
631 1.068297
632 1.063016
633 1.063368
634 1.074635
635 1.080268
636 1.076043
637 1.074283
638 1.074635
639 1.063368
640 1.063016
641 1.065480
642 1.064424
643 1.063016
644 1.066185
645 1.063368
646 2.511167
647 1.069001
648 1.085902
649 1.086606
650 1.087662
651 1.086958
652 1.085902
653 1.088014
654 1.086606
655 1.088718
656 1.085550
657 1.085902
658 1.087310
659 1.085902
660 1.085550
661 1.069001
662 1.063016
663 1.066185
664 1.065833
665 1.067241
666 1.084493
667 1.080268
668 1.074283
669 1.079916
670 1.079916
671 2.517857
672 1.067241
673 1.064072
674 1.065833
675 1.075339
676 1.074283
677 1.076395
678 2.516449
679 2.517857
680 2.523138
681 2.550601
682 1.063720
683 1.064776
684 1.067593
685 1.063368
686 1.068649
687 1.065128
688 1.068649
689 1.085902
690 1.085550
691 1.085902
692 1.086254
693 1.085902
694 1.097169
695 1.097169
696 1.086254
697 1.088014
698 1.073579
699 1.085550
700 2.528068
701 1.071466
702 1.068649
703 1.063016
704 1.067241
705 1.063016
706 1.063368
707 1.063016
708 1.080972
709 1.074635
710 1.076747
711 1.102802
712 1.074635
713 1.071818
714 2.505534
715 1.074635
716 1.074635
717 1.075691
718 1.074283
719 1.066185
720 1.080268
721 1.082733
722 1.063368
723 1.064072
724 1.064776
725 1.065833
726 1.063016
727 1.063720
728 1.069001
729 1.073579
730 1.085550
731 1.085550
732 1.085550
733 1.085550
734 1.085550
735 1.089775
736 1.085550
737 1.090127
738 1.085902
739 1.087310
740 1.073579
741 1.069706
742 1.073579
743 1.064072
744 2.510111
745 1.066185
746 1.063368
747 1.063016
748 2.505182
749 1.080620
750 1.075691
751 1.080972
752 1.068297
753 1.074635
754 1.064072
755 1.067945
756 1.074635
757 1.074283
758 1.074635
759 1.074987
760 1.075691
761 1.084141
762 1.064776
763 1.063016
764 1.064072
765 1.065833
766 1.064072
767 1.065128
768 1.063368
769 1.069001
770 1.085550
771 1.085550
772 1.085550
773 1.085550
774 1.087310
775 1.085550
776 1.096817
777 1.088366
778 1.085550
779 1.086606
780 1.087310
781 1.087310
782 1.085550
783 1.085550
784 1.069001
785 1.066185
786 1.063368
787 1.064072
788 1.063016
789 1.084141
790 1.079916
791 1.079916
792 1.079916
793 1.076043
794 1.074283
795 1.063368
796 1.065833
797 1.074635
798 1.074987
799 1.074283
800 1.068297
801 1.076043
802 1.082733
803 1.084845
804 1.063016
805 1.064424
806 1.067241
807 1.063368
808 1.064072
809 1.064424
810 1.071466
811 2.528068
812 1.086254
813 1.085902
814 1.085902
815 1.088718
816 1.090127
817 1.086254
818 1.088718
819 1.085550
820 1.088014
821 1.085550
822 1.087310
823 1.069706
824 1.069001
825 1.063016
826 1.065833
827 1.065833
828 1.066185
829 1.085198
830 1.080268
831 1.074283
832 1.076747
833 1.074283
834 1.075691
835 1.065128
836 1.065833
837 1.074283
838 1.074635
839 1.075691
840 1.074283
841 1.076043
842 1.082733
843 1.063016
844 2.505182
845 1.109844
846 1.065128
847 1.067241
848 1.063016
849 1.063016
850 1.063016
851 1.071466
852 1.071466
853 1.086958
854 1.085902
855 1.085902
856 1.087662
857 1.086606
858 1.088718
859 1.088718
860 1.088366
861 1.085902
862 1.087662
863 1.073579
864 1.069353
865 1.068649
866 1.063016
867 1.067241
868 1.065833
869 1.065833
870 1.064072
871 1.080268
872 1.074635
873 1.079916
874 1.075691
875 1.075691
876 1.074283
877 1.065833
878 2.509759
879 1.074283
880 2.516449
881 1.074283
882 1.074987
883 1.079916
884 1.063368
885 1.080620
886 1.063016
887 1.063368
888 1.063368
889 1.063016
890 1.064776
891 1.063016
892 1.085902
893 1.086254
894 1.085902
895 1.085902
896 1.088014
897 1.088718
898 1.085550
899 1.090127
900 1.088014
901 1.086958
902 1.085902
903 1.086254
904 1.086606
905 1.069706
906 1.063016
907 1.066185
908 1.065833
909 1.065833
910 1.063016
911 1.082733
912 1.074635
913 1.080268
914 1.079916
915 1.075691
916 1.064072
917 1.063368
918 1.065833
919 1.074635
920 1.074635
921 1.074635
922 1.074635
923 1.074283
924 1.080268
925 1.063368
926 1.063016
927 1.064424
928 1.063720
929 1.063016
930 1.063368
931 1.064072
932 1.068649
933 1.069001
934 1.086958
935 1.085550
936 1.088014
937 1.085902
938 1.088718
939 1.096817
940 1.085902
941 1.087310
942 1.085902
943 1.085550
944 1.085550
945 1.068649
946 1.064424
947 2.505182
948 1.063016
949 1.067945
950 1.065833
951 1.064776
952 1.083085
953 1.075339
954 1.074283
955 1.074635
956 1.074283
957 1.067241
958 1.065833
959 1.068297
960 1.074283
961 1.074283
962 1.074283
963 1.074283
964 1.080268
965 1.063368
966 1.063368
967 1.063016
968 1.063720
969 1.063368
970 1.066185
971 1.065480
972 1.068649
973 1.071818
974 1.085550
975 1.072874
976 1.085550
977 1.086606
978 1.086606
979 1.090479
980 2.530884
981 1.088366
982 1.086958
983 1.085902
984 1.085902
985 1.086254
986 1.086254
987 1.085550
988 1.063368
989 1.065833
990 1.065833
991 1.064072
992 1.063368
993 1.079916
994 1.074283
995 1.074283
996 1.075691
997 1.074283
998 1.065128
999 1.066185
1000 1.074283
1001 1.075691
1002 1.074283
1003 1.074635
1004 1.074635
1005 1.080268
1006 1.083085
1007 1.084141
1008 1.064072
1009 1.066185
1010 1.063368
1011 1.064072
1012 2.505534
1013 1.068649
1014 2.513632
1015 2.528068
1016 1.085902
1017 1.085550
1018 1.085550
1019 1.087310
1020 1.090831
1021 1.088366
1022 1.086254
1023 1.085550
1024 1.088014
1025 1.085550
1026 1.085550
1027 1.073579
1028 1.064072
1029 1.066185
1030 1.063016
1031 1.066185
1032 1.063016
1033 1.063368
1034 1.074635
1035 1.079916
1036 1.076747
1037 1.075691
1038 1.074635
1039 1.066185
1040 1.065833
1041 1.074283
1042 1.074987
1043 1.074635
1044 2.510463
1045 1.076043
1046 2.524547
1047 2.505534
1048 1.063368
1049 1.063368
1050 1.066185
1051 1.063016
1052 1.065128
1053 1.065480
1054 1.069001
1055 1.071466
1056 1.085550
1057 1.085902
1058 1.085550
1059 1.086254
1060 1.085902
1061 1.090479
1062 1.085550
1063 1.085902
1064 1.085902
1065 1.086958
1066 1.085550
1067 1.085550
1068 1.085550
1069 1.063016
1070 1.063016
1071 1.063016
1072 1.065833
1073 1.063368
1074 1.079916
1075 1.074987
1076 1.074283
1077 1.074635
1078 1.075691
1079 1.067241
1080 1.063016
1081 1.063368
1082 1.074635
1083 1.074635
1084 1.067241
1085 1.074283
1086 1.074635
1087 1.083085
1088 1.084845
1089 1.063016
1090 1.063368
1091 1.066185
1092 1.063016
1093 1.063016
1094 1.064424
1095 1.071818
1096 1.085902
1097 1.086606
1098 1.085902
1099 1.086606
1100 1.097169
1101 1.097169
1102 1.088366
1103 1.088718
1104 1.085902
1105 1.086958
1106 1.085902
1107 1.085902
1108 1.085902
1109 1.069706
1110 1.063016
1111 1.064072
1112 2.560460
1113 1.065480
1114 2.552714
1115 1.080972
1116 1.074987
1117 1.079916
1118 1.080268
1119 1.074987
1120 1.064072
1121 1.065128
1122 1.075339
1123 1.074283
1124 1.074283
1125 1.074635
1126 1.074283
1127 1.080268
1128 1.084493
1129 1.063016
1130 1.063368
1131 1.064072
1132 1.063016
1133 1.065833
1134 1.063016
1135 1.065128
1136 1.071466
1137 1.085550
1138 1.085550
1139 1.088014
1140 1.088014
1141 1.088366
1142 1.085550
1143 1.090831
1144 2.530884
1145 2.529124
1146 1.086958
1147 2.528068
1148 2.515392
1149 1.085550
1150 1.068649
1151 1.067593
1152 1.068297
1153 1.065833
1154 1.063368
1155 1.080620
1156 1.076395
1157 1.075339
1158 1.080268
1159 1.074987
1160 1.074283
1161 1.065833
1162 1.066185
1163 1.074283
1164 1.074283
1165 1.074635
1166 1.074283
1167 1.079916
1168 1.079916
1169 1.064072
1170 1.064072
1171 1.085198
1172 1.064776
1173 1.063368
1174 1.063016
1175 1.068649
1176 1.065128
1177 1.085550
1178 1.085550
1179 1.085550
1180 2.527715
1181 1.085550
1182 1.088366
1183 1.085902
1184 1.090479
1185 1.088718
1186 1.086958
1187 1.085902
1188 1.085902
1189 1.071466
1190 1.071466
1191 1.064072
1192 1.063016
1193 1.066185
1194 1.064776
1195 1.063016
1196 1.084141
1197 1.074283
1198 1.075691
1199 1.079916
1200 1.075691
1201 1.066185
1202 1.063720
1203 1.063016
1204 1.074283
1205 1.080268
1206 1.075691
1207 1.074283
1208 1.079916
1209 1.084493
1210 1.084141
1211 1.063368
1212 2.505534
1213 2.508350
1214 1.063016
1215 1.063016
1216 1.065128
1217 1.071818
1218 1.085550
1219 1.085550
1220 1.087310
1221 1.087662
1222 1.086254
1223 1.089775
1224 1.088366
1225 1.088366
1226 1.088366
1227 1.085550
1228 1.086254
1229 1.087310
1230 1.085550
1231 1.069001
1232 1.063016
1233 1.067241
1234 1.063368
1235 1.065833
1236 1.063368
1237 1.075691
1238 2.516801
1239 1.074635
1240 1.074987
1241 1.074283
1242 1.066185
1243 1.063368
1244 1.067593
1245 2.510463
1246 2.516801
1247 1.074283
1248 1.074635
1249 1.079916
1250 1.063368
1251 1.064072
1252 1.063016
1253 1.063016
1254 1.068297
1255 1.068297
1256 1.065128
1257 1.069353
1258 1.072874
1259 1.085902
1260 1.086958
1261 1.085550
1262 1.085550
1263 1.085550
1264 1.085550
1265 1.088718
1266 1.088718
1267 1.085550
1268 1.086606
1269 1.085550
1270 1.073579
1271 1.085902
1272 1.069001
1273 1.063368
1274 1.065128
1275 1.063368
1276 1.064776
1277 1.084493
1278 1.075691
1279 1.076395
1280 2.522434
1281 1.075339
1282 1.074283
1283 1.067945
1284 1.064072
1285 1.074283
1286 1.074635
1287 1.075691
1288 1.074635
1289 1.074283
1290 1.082733
1291 1.063368
1292 1.084845
1293 1.063368
1294 1.063720
1295 1.068297
1296 1.064424
1297 1.065128
1298 1.071466
1299 1.072874
1300 1.088014
1301 1.085550
1302 1.088014
1303 1.085550
1304 1.090479
1305 1.090127
1306 1.096817
1307 1.085550
1308 1.085550
1309 1.085902
1310 1.085550
1311 1.073579
1312 1.071466
1313 2.506590
1314 1.063368
1315 1.063368
1316 1.065833
1317 1.064072
1318 1.063016
1319 1.075339
1320 1.074635
1321 1.080268
1322 1.080268
1323 1.064072
1324 1.063016
1325 1.065833
1326 1.076043
1327 1.079916
1328 1.074283
1329 1.074283
1330 1.080268
1331 1.080268
1332 1.063368
1333 1.063016
1334 1.063016
1335 1.063368
1336 1.067945
1337 1.063368
1338 1.063720
1339 1.069001
1340 1.072874
1341 1.085550
1342 1.086254
1343 1.088366
1344 2.529828
1345 1.088366
1346 1.088718
1347 1.088014
1348 2.528068
1349 1.085902
1350 1.073579
1351 1.086958
1352 1.071818
1353 1.065480
1354 1.067945
1355 1.067945
1356 1.063720
1357 1.065833
1358 1.085198
1359 1.075691
1360 1.075691
1361 1.074283
1362 1.074283
1363 1.074635
1364 1.063016
1365 1.066185
1366 1.066185
1367 1.074635
1368 1.074283
1369 1.067241
1370 1.075339
1371 1.076395
1372 1.083085
1373 1.063720
1374 1.063016
1375 1.063720
1376 1.063016
1377 1.063016
1378 1.064072
1379 1.071818
1380 1.069001
1381 1.073226
1382 1.085550
1383 1.085550
1384 1.085902
1385 1.085550
1386 1.089775
1387 1.090831
1388 1.085902
1389 1.085550
1390 1.086958
1391 1.086958
1392 1.085550
1393 1.085550
1394 1.071818
1395 1.063016
1396 1.067945
1397 1.066185
1398 1.065128
1399 1.063368
1400 1.074283
1401 1.079916
1402 1.080620
1403 1.082733
1404 1.074635
1405 1.068297
1406 1.063368
1407 1.074635
1408 1.074283
1409 1.074283
1410 1.076043
1411 1.076043
1412 1.082733
1413 1.080972
1414 1.063368
1415 1.063016
1416 1.063368
1417 1.066185
1418 1.063720
1419 1.064072
1420 1.069001
1421 1.069001
1422 1.085902
1423 1.086606
1424 1.085550
1425 1.088366
1426 1.086254
1427 1.088718
1428 1.088718
1429 1.088366
1430 1.085550
1431 1.085550
1432 1.087310
1433 1.073579
1434 1.073226
1435 1.063016
1436 1.064072
1437 1.065833
1438 1.067593
1439 1.063368
1440 1.084141
1441 1.074635
1442 1.079916
1443 1.074283
1444 1.074635
1445 1.066185
1446 1.066185
1447 1.089071
1448 1.065833
1449 1.074635
1450 1.074987
1451 1.066185
1452 1.074635
1453 1.079916
1454 1.084493
1455 1.065128
1456 1.063016
1457 1.067593
1458 1.063016
1459 1.063368
1460 1.063016
1461 1.072874
1462 1.069706
1463 1.085550
1464 1.088014
1465 1.085902
1466 1.087662
1467 1.086958
1468 1.089775
1469 1.085550
1470 1.090127
1471 1.088014
1472 1.087662
1473 1.085902
1474 1.073226
1475 1.069001
1476 1.063368
1477 1.067593
1478 2.505182
1479 2.507998
1480 1.063720
1481 1.084141
1482 1.076043
1483 1.076395
1484 1.075339
1485 1.076747
1486 1.064072
1487 1.064776
1488 1.064072
1489 1.074635
1490 1.074635
1491 1.074283
1492 1.066185
1493 1.079916
1494 1.063016
1495 1.084493
1496 1.064072
1497 1.063016
1498 1.065833
1499 1.065833
1500 1.068649
1501 1.069001
1502 1.071466
1503 1.072874
1504 1.085550
1505 1.085550
1506 1.085902
1507 1.085902
1508 1.090479
1509 1.085902
1510 2.528068
1511 2.527715
1512 1.085902
1513 2.572783
1514 2.527715
1515 2.528068
1516 1.063016
1517 1.063016
1518 1.065833
1519 1.065833
1520 1.063016
1521 1.063720
1522 1.080268
1523 1.076395
1524 1.080620
1525 1.080268
1526 1.067241
1527 1.063016
1528 1.063368
1529 1.068297
1530 2.518913
1531 1.067945
1532 1.074283
1533 1.074283
1534 2.522082
1535 1.082733
1536 1.084493
1537 1.064424
1538 1.064072
1539 1.065833
1540 1.063016
1541 1.063016
1542 1.065128
1543 1.071466
1544 1.086254
1545 2.574192
1546 2.527715
1547 2.580529
1548 1.085550
1549 1.088718
1550 1.088718
1551 1.085902
1552 1.086606
1553 1.086254
1554 1.086606
1555 1.073226
1556 1.073931
1557 1.063368
1558 1.068297
1559 1.067593
1560 1.064072
1561 1.065833
1562 1.063016
1563 1.080268
1564 1.074283
1565 1.080268
1566 1.074283
1567 1.068297
1568 1.067945
1569 1.067241
1570 1.068297
1571 1.074635
1572 2.516449
1573 1.074635
1574 1.074635
1575 1.080972
1576 1.083085
1577 1.063016
1578 1.063720
1579 2.505182
1580 2.563277
1581 2.550249
1582 1.069001
1583 1.069001
1584 1.071818
1585 1.085550
1586 1.085902
1587 1.085902
1588 2.529124
1589 1.085550
1590 1.090479
1591 1.088718
1592 1.085902
1593 1.085902
1594 1.071466
1595 1.086606
1596 1.085902
1597 2.510815
1598 1.063368
1599 1.063368
1600 2.507294
1601 1.063016
1602 1.063016
1603 1.063016
1604 1.074283
1605 1.076747
1606 1.079916
1607 1.076747
1608 2.505534
1609 1.063016
1610 1.074283
1611 2.517505
1612 1.074283
1613 1.097873
1614 2.516801
1615 1.074635
1616 1.085198
1617 1.084493
1618 1.063368
1619 1.064424
1620 1.065833
1621 1.063016
1622 1.064776
1623 1.069001
1624 1.069001
1625 2.513984
1626 1.087310
1627 1.085550
1628 1.085550
1629 1.086606
1630 1.089775
1631 1.086606
1632 1.088366
1633 1.088718
1634 1.087310
1635 1.088014
1636 1.085902
1637 1.073226
1638 1.065128
1639 1.063368
1640 1.063368
1641 1.065833
1642 1.064072
1643 1.063368
1644 1.080268
1645 1.075339
1646 1.079916
1647 1.076043
1648 2.516449
1649 1.063368
1650 1.066185
1651 1.067945
1652 1.074987
1653 1.074987
1654 2.516801
1655 1.075339
1656 1.080268
1657 1.063016
1658 1.063016
1659 1.065480
1660 1.064776
1661 1.064072
1662 1.063720
1663 1.063016
1664 1.064776
1665 1.069001
1666 2.528772
1667 1.085550
1668 1.086958
1669 1.088014
1670 1.088014
1671 1.087662
1672 1.088366
1673 1.085902
1674 1.088014
1675 1.085550
1676 1.086254
1677 1.085550
1678 1.073579
1679 1.068649
1680 1.063016
1681 1.063016
1682 1.063016
1683 1.063720
1684 1.085198
1685 1.080268
1686 1.074283
1687 1.074283
1688 1.074283
1689 1.068297
1690 1.065833
1691 1.074635
1692 1.067945
1693 1.074635
1694 1.074283
1695 1.074987
1696 1.074283
1697 1.082733
1698 1.063720
1699 1.063016
1700 1.063368
1701 1.064776
1702 1.067593
1703 1.063368
1704 1.065128
1705 1.065480
1706 1.071818
1707 1.086606
1708 1.087662
1709 1.085902
1710 1.085902
1711 2.528068
1712 1.088014
1713 1.091535
1714 2.530180
1715 1.087662
1716 1.085902
1717 1.086958
1718 1.085550
1719 1.073226
1720 1.069001
1721 1.065833
1722 1.064424
1723 1.063016
1724 1.063016
1725 1.083085
1726 1.075339
1727 1.080620
1728 1.079916
1729 2.517153
1730 1.066185
1731 1.063368
1732 1.066185
1733 1.075339
1734 1.074283
1735 1.074635
1736 1.074635
1737 1.079916
1738 1.084845
1739 1.084845
1740 1.084845
1741 1.063016
1742 1.063016
1743 1.063016
1744 2.505534
1745 1.069706
1746 1.071466
1747 1.072170
1748 1.086606
1749 1.087310
1750 1.085550
1751 1.088014
1752 1.088366
1753 1.088718
1754 1.088366
1755 1.085550
1756 1.088366
1757 1.085902
1758 1.087310
1759 1.069001
1760 1.063368
1761 1.063368
1762 1.067945
1763 1.065833
1764 1.068297
1765 1.063368
1766 1.079916
1767 1.075339
1768 1.082733
1769 1.074635
1770 1.074283
1771 1.063016
1772 1.063016
1773 1.066185
1774 1.076043
1775 1.076747
1776 1.074635
1777 1.074283
1778 1.079916
1779 1.063016
1780 1.064776
1781 1.064424
1782 1.065128
1783 1.063016
1784 1.068297
1785 1.064776
1786 1.068649
1787 1.068649
1788 1.086254
1789 1.085550
1790 1.085550
1791 1.086254
1792 1.086606
1793 1.088366
1794 1.085902
1795 1.088366
1796 1.085550
1797 1.085902
1798 1.086606
1799 1.071818
1800 1.069353
1801 1.065128
1802 1.063016
1803 1.064424
1804 1.065833
1805 1.063016
1806 1.063016
1807 1.082733
1808 1.075691
1809 1.076395
1810 1.080268
1811 1.074283
1812 1.063016
1813 1.063368
1814 1.074635
1815 1.074283
1816 1.074283
1817 1.068297
1818 1.067945
1819 1.083085
1820 1.080972
1821 1.063016
1822 1.064072
1823 1.065833
1824 1.063016
1825 1.063016
1826 1.064072
1827 1.064424
1828 1.071466
1829 1.085550
1830 1.085902
1831 1.087662
1832 1.088718
1833 1.085902
1834 1.086254
1835 1.085902
1836 1.085902
1837 1.085902
1838 1.087310
1839 1.088014
1840 1.085550
1841 1.073226
1842 1.063016
1843 1.065833
1844 1.065833
1845 1.067593
1846 2.507646
1847 1.063368
1848 2.517857
1849 1.079916
1850 1.079916
1851 1.074283
1852 1.074283
1853 1.067241
1854 1.065128
1855 1.074987
1856 1.075339
1857 1.074283
1858 1.074283
1859 1.080268
1860 1.080972
1861 1.084845
1862 1.063720
1863 1.063368
1864 1.063016
1865 1.067593
1866 1.064072
1867 1.068649
1868 1.063016
1869 1.071818
1870 1.085902
1871 1.086958
1872 1.087662
1873 1.085902
1874 1.085902
1875 1.088366
1876 1.085902
1877 1.086254
1878 1.086606
1879 1.086606
1880 1.086254
1881 1.069001
1882 1.071818
1883 1.063016
1884 1.067593
1885 1.063368
1886 1.066185
1887 1.063016
1888 1.084845
1889 1.074283
1890 1.075339
1891 1.076395
1892 1.074635
1893 1.074283
1894 1.067593
1895 1.064072
1896 1.075339
1897 1.076395
1898 1.074283
1899 1.074635
1900 1.076747
1901 1.083085
1902 1.063016
1903 1.063016
1904 1.063368
1905 1.063016
1906 1.063368
1907 1.063368
1908 1.069706
1909 1.069001
1910 1.086606
1911 1.085550
1912 2.528068
1913 1.086606
1914 1.097521
1915 1.088366
1916 1.090127
1917 1.096817
1918 1.085902
1919 1.088014
1920 1.085902
1921 1.086606
1922 1.072874
1923 1.068649
1924 1.063016
1925 1.065833
1926 1.067241
1927 1.063368
1928 1.063016
1929 1.079916
1930 1.074635
1931 1.079916
1932 1.080268
1933 1.074635
1934 1.065833
1935 1.065833
1936 1.066185
1937 1.074283
1938 1.074987
1939 1.074283
1940 1.079916
1941 1.076747
1942 1.084845
1943 1.064072
1944 1.065480
1945 1.065833
1946 2.505534
1947 2.505534
1948 1.064776
1949 1.065128
1950 1.071818
1951 1.085550
1952 1.085550
1953 1.086606
1954 1.088718
1955 1.085550
1956 1.089775
1957 1.085550
1958 1.088366
1959 1.085550
1960 1.085550
1961 1.072874
1962 1.069001
1963 1.063016
1964 1.063720
1965 1.065833
1966 1.063016
1967 1.064424
1968 1.063016
1969 1.063720
1970 1.080972
1971 1.079916
1972 1.083085
1973 1.074283
1974 1.079916
1975 1.074635
1976 1.074283
1977 1.074283
1978 2.522082
1979 2.518209
1980 1.076395
1981 2.522082
1982 1.079916
1983 1.063720
1984 1.063016
1985 1.063368
1986 1.063368
1987 1.066185
1988 1.068297
1989 1.063016
1990 1.068649
1991 1.073226
1992 1.071466
1993 1.086254
1994 1.085550
1995 1.085902
1996 1.085550
1997 1.087310
1998 1.085550
1999 1.085902
2000 1.088014
2001 1.086958
2002 1.085550
2003 1.085902
2004 1.085550
2005 1.071466
2006 1.064776
2007 1.063016
2008 1.063368
2009 1.065833
2010 1.063016
2011 1.080268
2012 2.524547
2013 2.526307
2014 2.517857
2015 1.075339
2016 1.063368
2017 1.063368
2018 1.074283
2019 1.074635
2020 1.067241
2021 1.063016
2022 1.074283
2023 1.074283
2024 1.083085
2025 1.063368
2026 2.552010
2027 1.063368
2028 2.509407
2029 1.063016
2030 1.069353
2031 1.069706
2032 2.527715
2033 1.086254
2034 1.088014
2035 1.097521
2036 1.096817
2037 1.098577
2038 1.096817
2039 1.096817
2040 1.088366
2041 1.097169
2042 1.085550
2043 1.085550
2044 2.573135
2045 2.511519
2046 1.109844
2047 2.554826
2048 1.063720
2049 1.063016
2050 1.084141
2051 1.080268
2052 1.074283
2053 1.074635
2054 1.065833
2055 1.063368
2056 1.063016
2057 2.507294
2058 1.067241
2059 1.066185
2060 1.074283
2061 1.074283
2062 2.517505
2063 1.079916
2064 1.065128
2065 1.063720
2066 2.505182
2067 1.063016
2068 1.068297
2069 1.064072
2070 1.069001
2071 1.069353
2072 2.513632
2073 1.087310
2074 1.085550
2075 1.085550
2076 1.085902
2077 1.088014
2078 1.090479
2079 2.527715
2080 1.091535
2081 1.134138
2082 1.085902
2083 1.085550
2084 1.073579
2085 1.069001
2086 1.065128
2087 1.068297
2088 1.063368
2089 1.065128
2090 1.064072
2091 1.063368
2092 2.522082
2093 1.080268
2094 1.080268
2095 1.079916
2096 1.076043
2097 1.074283
2098 1.074283
2099 1.075339
2100 1.075339
2101 1.079916
2102 1.075691
2103 1.076395
2104 2.524899
2105 1.065480
2106 1.063016
2107 1.063016
2108 1.063368
2109 1.063016
2110 1.063016
2111 1.065128
2112 1.064072
2113 1.064424
2114 2.527715
2115 1.085902
2116 1.088014
2117 1.085902
2118 1.086606
2119 1.088718
2120 2.530884
2121 1.088718
2122 1.085902
2123 1.086254
2124 1.086606
2125 1.086254
2126 1.072874
2127 1.068649
2128 1.067241
2129 1.067945
2130 2.510463
2131 1.064072
2132 2.507294
2133 1.085198
2134 1.080620
2135 1.076043
2136 1.075691
2137 2.509407
2138 1.065833
2139 1.065833
2140 1.074635
2141 1.074635
2142 1.074635
2143 1.065833
2144 2.522082
2145 1.080268
2146 1.084493
2147 2.505182
2148 1.063368
2149 1.066185
2150 2.509407
2151 1.067593
2152 1.068649
2153 1.068649
2154 1.072874
2155 1.086254
2156 1.087310
2157 1.085550
2158 1.088366
2159 1.090831
2160 1.086254
2161 1.088366
2162 1.085902
2163 1.085902
2164 1.085550
2165 1.087662
2166 1.085550
2167 1.085902
2168 1.063720
2169 1.063016
2170 1.063368
2171 1.065833
2172 1.064072
2173 1.083085
2174 1.074283
2175 1.075339
2176 1.074283
2177 1.074283
2178 2.505886
2179 1.063368
2180 1.071818
2181 1.074283
2182 1.074635
2183 1.066185
2184 1.074635
2185 1.080268
2186 1.083085
2187 2.505182
2188 2.505534
2189 1.063368
2190 1.066185
2191 1.063016
2192 1.065480
2193 1.069706
2194 1.071466
2195 1.085902
2196 1.085902
2197 1.085902
2198 1.085550
2199 1.085902
2200 1.090479
2201 1.088718
2202 1.088718
2203 1.085902
2204 1.085550
2205 1.086958
2206 1.085902
2207 1.085902
2208 1.071818
2209 1.063720
2210 1.064072
2211 1.064072
2212 1.063016
2213 1.063016
2214 1.080268
2215 2.516449
2216 1.074283
2217 1.074635
2218 1.066185
2219 1.063368
2220 1.063016
2221 1.074635
2222 1.076395
2223 1.074283
2224 1.074635
2225 1.074635
2226 1.080620
2227 1.084493
2228 1.063720
2229 1.063368
2230 2.505534
2231 1.063016
2232 1.063368
2233 1.065128
2234 1.064776
2235 1.073579
2236 1.085550
2237 1.085550
2238 1.086254
2239 1.087662
2240 1.085902
2241 1.096817
2242 1.088366
2243 1.085550
2244 2.528068
2245 1.086606
2246 2.530180
2247 1.085902
2248 1.071466
2249 1.063016
2250 1.067241
2251 1.063720
2252 1.065833
2253 1.063368
2254 1.080620
2255 1.074635
2256 1.080268
2257 1.075339
2258 1.074987
2259 1.063720
2260 1.074283
2261 1.063368
2262 1.074635
2263 1.074635
2264 1.076043
2265 1.074635
2266 1.076043
2267 1.083085
2268 1.063016
2269 1.063368
2270 1.063016
2271 1.064424
2272 1.063720
2273 1.063016
2274 1.063368
2275 1.068649
2276 1.069353
2277 1.086254
2278 1.086254
2279 1.086254
2280 1.085550
2281 2.527715
2282 1.097169
2283 1.085550
2284 1.086958
2285 1.085902
2286 1.086606
2287 1.085550
2288 1.073931
2289 1.073931
2290 1.063016
2291 1.063016
2292 1.063016
2293 1.063016
2294 1.063016
2295 1.084845
2296 1.079916
2297 1.076395
2298 1.075339
2299 1.074987
2300 1.065833
2301 1.065128
2302 1.065833
2303 1.074283
2304 1.074283
2305 1.074635
2306 1.075691
2307 1.075691
2308 1.080268
2309 1.063368
2310 1.063368
2311 1.063016
2312 1.066185
2313 1.068297
2314 1.064424
2315 1.069706
2316 1.069001
2317 1.073579
2318 1.085550
2319 1.085550
2320 1.085550
2321 1.088718
2322 1.090127
2323 1.088366
2324 1.090127
2325 1.087310
2326 1.085550
2327 1.085550
2328 1.085550
2329 1.085550
2330 1.069001
2331 1.067945
2332 1.063720
2333 1.065833
2334 1.064424
2335 1.063016
2336 1.080268
2337 1.075691
2338 1.074635
2339 1.082733
2340 1.075339
2341 1.063016
2342 1.064072
2343 1.075339
2344 1.074635
2345 2.518913
2346 1.074635
2347 1.074283
2348 1.074283
2349 1.063016
2350 1.064072
2351 1.063368
2352 1.065480
2353 1.063368
2354 1.063368
2355 1.063368
2356 1.063016
2357 1.085550
2358 1.085902
2359 1.085550
2360 1.085550
2361 1.085550
2362 1.087310
2363 1.087310
2364 1.088366
2365 1.085902
2366 1.088366
2367 1.086958
2368 1.085550
2369 1.085902
2370 1.085550
2371 1.065128
2372 1.063016
2373 1.064072
2374 1.065480
2375 1.063368
2376 1.063368
2377 1.074635
2378 2.518209
2379 2.516449
2380 1.075691
2381 1.075339
2382 1.067593
2383 1.067593
2384 1.074635
2385 1.074283
2386 1.075691
2387 1.075339
2388 1.076043
2389 1.083085
2390 1.063368
2391 1.063016
2392 1.063016
2393 1.063016
2394 1.064072
2395 1.063016
2396 1.063016
2397 1.065128
2398 1.069001
2399 1.085550
2400 1.085550
2401 1.085902
2402 1.085902
2403 1.086606
2404 1.088718
2405 1.096817
2406 1.085902
2407 1.088366
2408 1.085550
2409 1.085902
2410 1.085902
2411 2.513984
2412 1.068649
2413 1.064072
2414 1.063368
2415 1.063016
2416 1.065128
2417 1.082733
2418 1.076395
2419 1.076747
2420 1.074635
2421 1.079916
2422 1.068297
2423 1.063368
2424 1.066185
2425 1.074283
2426 1.067593
2427 1.074283
2428 1.067593
2429 1.076747
2430 1.074635
2431 1.063368
2432 1.065480
2433 1.063016
2434 1.066185
2435 1.068297
2436 1.063720
2437 1.065128
2438 1.068649
2439 1.073931
2440 1.085550
2441 1.085550
2442 1.086254
2443 1.086958
2444 1.090479
2445 2.530180
2446 1.085902
2447 1.085550
2448 1.088014
2449 1.085902
2450 1.085550
2451 1.069706
2452 1.068649
2453 1.063016
2454 1.065833
2455 1.063016
2456 1.065833
2457 1.063016
2458 1.083085
2459 1.075339
2460 1.076747
2461 1.074987
2462 1.075691
2463 1.066185
2464 1.067241
2465 1.075691
2466 1.075691
2467 1.076395
2468 1.074635
2469 1.074635
2470 1.075691
2471 1.084845
2472 1.063720
2473 1.063368
2474 1.063016
2475 1.066185
2476 1.063368
2477 1.069001
2478 2.505182
2479 1.085902
2480 2.527715
2481 1.085550
2482 1.085902
2483 1.088366
2484 1.085902
2485 1.085550
2486 1.090831
2487 1.096817
2488 1.088014
2489 1.087662
2490 1.085902
2491 1.085550
2492 1.069706
2493 1.069001
2494 1.063016
2495 1.067241
2496 1.063368
2497 1.063368
2498 1.063368
2499 1.079916
2500 1.076395
2501 1.075339
2502 1.076395
2503 2.517153
2504 1.074283
2505 1.063368
2506 1.074283
2507 1.074283
2508 1.079916
2509 1.074283
2510 1.075691
2511 1.084845
2512 1.084845
2513 1.085198
2514 1.064072
2515 1.063368
2516 1.065833
2517 1.068649
2518 1.068297
2519 1.069001
2520 1.071466
2521 1.085550
2522 1.085550
2523 1.085550
2524 1.085550
2525 1.097169
2526 1.088718
2527 1.090127
2528 1.086606
2529 1.086606
2530 1.088014
2531 1.085550
2532 1.085550
2533 1.073579
2534 1.063016
2535 1.063720
2536 1.066185
2537 1.063016
2538 1.063016
2539 1.082733
2540 1.079916
2541 1.079916
2542 1.076043
2543 1.082733
2544 1.074283
2545 2.506942
2546 1.063368
2547 1.074635
2548 2.516449
2549 1.075339
2550 1.068297
2551 2.518209
2552 1.079916
2553 2.527011
2554 1.063368
2555 1.063016
2556 2.507646
2557 1.064072
2558 2.505534
2559 1.063016
2560 1.073931
2561 1.086958
2562 1.086606
2563 1.085902
2564 1.085550
2565 1.088718
2566 2.530884
2567 1.096817
2568 1.089775
2569 1.085902
2570 2.528068
2571 1.086606
2572 1.085902
2573 1.071818
2574 1.069001
2575 1.063720
2576 1.063368
2577 1.067593
2578 2.507294
2579 1.063368
2580 2.549545
2581 2.522434
2582 1.074283
2583 1.074635
2584 1.074635
2585 1.075691
2586 1.063368
2587 1.067241
2588 2.517153
2589 1.075339
2590 1.074635
2591 1.074635
2592 1.074635
2593 1.063368
2594 1.063368
2595 1.063368
2596 2.505182
2597 1.064072
2598 2.507998
2599 1.064424
2600 1.064776
2601 1.068649
2602 1.072874
2603 1.086254
2604 1.085550
2605 1.085902
2606 1.088366
2607 1.088718
2608 1.088366
2609 1.085902
2610 1.085550
2611 1.085550
2612 2.528420
2613 1.072874
2614 2.513632
2615 1.064776
2616 1.063368
2617 1.064072
2618 1.063016
2619 1.063016
2620 1.063368
2621 1.079916
2622 1.075339
2623 1.074635
2624 2.516449
2625 1.068297
2626 1.067241
2627 1.064776
2628 1.063368
2629 1.074635
2630 1.074635
2631 1.074987
2632 1.074987
2633 1.080972
2634 2.505182
2635 1.063016
2636 1.085198
2637 1.063720
2638 1.063368
2639 1.063016
2640 1.064776
2641 1.069001
2642 1.072874
2643 1.086254
2644 1.086254
2645 2.528068
2646 1.094352
2647 1.088366
2648 2.528772
2649 1.088366
2650 1.085550
2651 1.085902
2652 1.085550
2653 1.085902
2654 1.085550
2655 1.069001
2656 1.068649
2657 1.064424
2658 1.064072
2659 1.063720
2660 1.063016
2661 1.084845
2662 1.076395
2663 1.075339
2664 1.080268
2665 1.076043
2666 1.065833
2667 2.508350
2668 1.074283
2669 1.074283
2670 1.074635
2671 1.067945
2672 1.074635
2673 1.074635
2674 1.080268
2675 1.064072
2676 1.063720
2677 1.064424
2678 1.065128
2679 2.562925
2680 1.063368
2681 1.111956
2682 2.511519
2683 1.085550
2684 1.086958
2685 1.085902
2686 1.085902
2687 1.085550
2688 1.088366
2689 1.085550
2690 1.097169
2691 1.085550
2692 1.085902
2693 1.085550
2694 1.086606
2695 1.085550
2696 1.071466
2697 1.063368
2698 1.066537
2699 1.066185
2700 1.064424
2701 1.063368
2702 1.080268
2703 1.074283
2704 1.074283
2705 1.076043
2706 1.076747
2707 1.074283
2708 1.065833
2709 1.067945
2710 1.068297
2711 2.523842
2712 2.518209
2713 1.074635
2714 1.079916
2715 1.083085
2716 1.063016
2717 1.084141
2718 1.063368
2719 1.065833
2720 1.068649
2721 1.063016
2722 1.064424
2723 1.068649
2724 1.073226
2725 1.085902
2726 1.086254
2727 1.086606
2728 1.086606
2729 1.086606
2730 2.528772
2731 1.085550
2732 1.086958
2733 2.527715
2734 1.086606
2735 1.071818
2736 1.085550
2737 1.068649
2738 1.068297
2739 1.068297
2740 2.508350
2741 1.064072
2742 1.064072
2743 1.082733
2744 2.524195
2745 2.517505
2746 2.522786
2747 1.074283
2748 1.065480
2749 1.065480
2750 1.074635
2751 1.074635
2752 1.076395
2753 1.074283
2754 1.074635
2755 1.085198
2756 1.082733
2757 1.063720
2758 1.063368
2759 1.063368
2760 1.063016
2761 1.063016
2762 1.063368
2763 1.069001
2764 1.068649
2765 1.085550
2766 1.086606
2767 1.085902
2768 1.086254
2769 1.085550
2770 1.090127
2771 1.088366
2772 1.085902
2773 1.088718
2774 1.085902
2775 1.085550
2776 1.087310
2777 1.071466
2778 2.507294
2779 2.505886
2780 2.505182
2781 1.063368
2782 1.064776
2783 1.063720
2784 1.080268
2785 1.074283
2786 1.066185
2787 1.076747
2788 1.067945
2789 1.066185
2790 1.067945
2791 1.074635
2792 1.065833
2793 1.074283
2794 1.067593
2795 1.076043
2796 1.084141
2797 1.063368
2798 1.063368
2799 1.063368
2800 1.063368
2801 1.067241
2802 1.064424
2803 1.063368
2804 1.069001
2805 1.069353
2806 1.085902
2807 1.085902
2808 1.085902
2809 1.086254
2810 1.088366
2811 1.088014
2812 1.088718
2813 1.086606
2814 2.531941
2815 1.073579
2816 1.085902
2817 1.085902
2818 1.071466
2819 1.068649
2820 1.063016
2821 1.063368
2822 1.065833
2823 1.063016
2824 1.079916
2825 1.074283
2826 1.076747
2827 1.079916
2828 1.074987
2829 1.074283
2830 1.063720
2831 1.067593
2832 1.067241
2833 1.074635
2834 1.074635
2835 1.066185
2836 1.076395
2837 1.083085
2838 1.064072
2839 1.063368
2840 1.065128
2841 1.065833
2842 1.067241
2843 1.064424
2844 1.064776
2845 1.069001
2846 2.515040
2847 2.574544
2848 2.527715
2849 1.085550
2850 1.085550
2851 1.090127
2852 1.085550
2853 1.088366
2854 1.085902
2855 1.085902
2856 1.086254
2857 1.087662
2858 1.085902
2859 1.068649
2860 1.064072
2861 1.063368
2862 1.063368
2863 1.063720
2864 1.064072
2865 1.083085
2866 1.074283
2867 1.076747
2868 1.076747
2869 1.067241
2870 1.063368
2871 1.063016
2872 1.067945
2873 1.074283
2874 1.075691
2875 1.074283
2876 1.074987
2877 1.080268
2878 2.523138
2879 1.063720
2880 1.063016
2881 1.063368
2882 1.066185
2883 1.063368
2884 1.064776
2885 1.065128
2886 1.071466
2887 1.085902
2888 1.085902
2889 1.085902
2890 1.085550
2891 1.088014
2892 1.088366
2893 1.086254
2894 1.090479
2895 1.088366
2896 1.088014
2897 1.085550
2898 1.085550
2899 1.071466
2900 1.068649
2901 1.063720
2902 1.063720
2903 1.063368
2904 1.064424
2905 1.063016
2906 1.079916
2907 1.074283
2908 1.074635
2909 1.074635
2910 1.074283
2911 1.067593
2912 1.063368
2913 2.516801
2914 1.075339
2915 1.074635
2916 1.074635
2917 1.076043
2918 1.079916
2919 1.063016
2920 1.063368
2921 1.063016
2922 1.064424
2923 1.066185
2924 1.063016
2925 1.064424
2926 1.071466
2927 1.069706
2928 1.088014
2929 1.087662
2930 1.088014
2931 1.086958
2932 1.089775
2933 1.088718
2934 1.088366
2935 1.085550
2936 1.085550
2937 1.088014
2938 1.085550
2939 1.085902
2940 1.073226
2941 1.065480
2942 1.065833
2943 1.067241
2944 1.067945
2945 1.063368
2946 1.084845
2947 2.516449
2948 1.080268
2949 1.076395
2950 1.076043
2951 1.067593
2952 1.063016
2953 1.064072
2954 1.076043
2955 1.074635
2956 1.067945
2957 1.068297
2958 1.076747
2959 1.080268
2960 1.063368
2961 1.063368
2962 1.063016
2963 1.065833
2964 1.067945
2965 1.063016
2966 1.069001
2967 1.069001
2968 1.071818
2969 1.085902
2970 1.085550
2971 1.085550
2972 1.088718
2973 1.090831
2974 1.088366
2975 1.085902
2976 1.085550
2977 1.088014
2978 1.085902
2979 1.085902
2980 1.085550
2981 2.510815
2982 1.067945
2983 1.063368
2984 1.063368
2985 1.065833
2986 1.063720
2987 1.079916
2988 1.075691
2989 1.074283
2990 1.076747
2991 1.074635
2992 1.063368
2993 1.065833
2994 1.068297
2995 1.075339
2996 1.074635
2997 1.074635
2998 1.074635
2999 1.079916
3000 1.064072
3001 1.063016
3002 1.064424
3003 1.063368
3004 1.065833
3005 1.065833
3006 2.507294
3007 1.063368
3008 1.085550
3009 1.085902
3010 1.085550
3011 1.086958
3012 1.086254
3013 1.086254
3014 2.583698
3015 1.088366
3016 1.085550
3017 1.085902
3018 1.086254
3019 1.085902
3020 1.073931
3021 1.072874
3022 1.071466
3023 1.065480
3024 1.063016
3025 1.063016
3026 1.063720
3027 2.506238
3028 1.079916
3029 1.075691
3030 1.074987
3031 1.074987
3032 1.074283
3033 1.063720
3034 1.063720
3035 1.063720
3036 1.074635
3037 1.074635
3038 1.074283
3039 2.516801
3040 1.063016
3041 1.063368
3042 1.084141
3043 1.063016
3044 2.505534
3045 1.063016
3046 1.063368
3047 2.567502
3048 2.511167
3049 1.086254
3050 1.085902
3051 1.085550
3052 1.087662
3053 1.085902
3054 1.090831
3055 1.088366
3056 1.085550
3057 1.088366
3058 1.087310
3059 2.528068
3060 1.087662
3061 1.085902
3062 1.069001
3063 1.064776
3064 1.065833
3065 1.064424
3066 1.063368
3067 1.063016
3068 1.084141
3069 1.076043
3070 1.080268
3071 1.076043
3072 2.522434
3073 1.065833
3074 1.063368
3075 1.066185
3076 1.074283
3077 1.075339
3078 2.516449
3079 1.074283
3080 2.516449
3081 1.109844
3082 1.082733
3083 1.063368
3084 1.065480
3085 1.067593
3086 1.063368
3087 1.063368
3088 1.069001
3089 1.069001
3090 1.072522
3091 1.086958
3092 1.071818
3093 1.087662
3094 1.088366
3095 2.530884
3096 1.090479
3097 1.085550
3098 1.085550
3099 1.088014
3100 1.087662
3101 1.087662
3102 1.072874
3103 1.069353
3104 1.064424
3105 1.068297
3106 1.067593
3107 1.067241
3108 1.064424
3109 1.080268
3110 1.075691
3111 2.518561
3112 2.516801
3113 1.066185
3114 2.505182
3115 1.063720
3116 1.074635
3117 1.074987
3118 1.074635
3119 1.065833
3120 1.074635
3121 1.074283
3122 1.063720
3123 1.063016
3124 1.063368
3125 1.063016
3126 1.064424
3127 1.063016
3128 1.063016
3129 1.063016
3130 2.513984
3131 1.071818
3132 1.085902
3133 1.085550
3134 1.087662
3135 1.085550
3136 1.085902
3137 1.097169
3138 1.088366
3139 1.087310
3140 1.085550
3141 1.086254
3142 1.086254
3143 1.071466
3144 1.069001
3145 1.063016
3146 2.509407
3147 1.063368
3148 2.552010
3149 1.063016
3150 1.082733
3151 1.076395
3152 1.074635
3153 1.075691
3154 1.064072
3155 1.063016
3156 1.063016
3157 1.067241
3158 1.068297
3159 1.074283
3160 1.074987
3161 1.074283
3162 1.080268
3163 1.063016
3164 1.080972
3165 1.064776
3166 1.063368
3167 1.068297
3168 1.063016
3169 1.064424
3170 1.064776
3171 1.086254
3172 1.086958
3173 1.087310
3174 1.087310
3175 1.086606
3176 1.090831
3177 1.088366
3178 1.090127
3179 1.086254
3180 2.528068
3181 1.086958
3182 1.085902
3183 1.085550
3184 1.072874
3185 1.068649
3186 1.066185
3187 1.065833
3188 1.063720
3189 1.063016
3190 1.063368
3191 1.076043
3192 1.079916
3193 1.074635
3194 1.074635
3195 1.067593
3196 1.063016
3197 1.074283
3198 1.074283
3199 1.079916
3200 1.074635
3201 1.065833
3202 1.079916
3203 1.082733
3204 1.085198
3205 1.063016
3206 1.064776
3207 1.066185
3208 1.063016
3209 1.063368
3210 1.068649
3211 1.071466
3212 1.072170
3213 1.073931
3214 2.527715
3215 1.085550
3216 1.085550
3217 1.085550
3218 1.086606
3219 1.086606
3220 1.085902
3221 1.085550
3222 1.085902
3223 1.085550
3224 1.086606
3225 1.069353
3226 1.063368
3227 1.063016
3228 1.065833
3229 1.065480
3230 1.065480
3231 1.080972
3232 1.080268
3233 1.074635
3234 1.074987
3235 1.075339
3236 1.067593
3237 1.063720
3238 1.074283
3239 1.074635
3240 1.075339
3241 1.074635
3242 1.074283
3243 1.076747
3244 1.079916
3245 1.063368
3246 1.065833
3247 1.063016
3248 1.063016
3249 1.067241
3250 1.064776
3251 1.069001
3252 1.069706
3253 1.085550
3254 1.085902
3255 1.085902
3256 1.088014
3257 1.088366
3258 1.088366
3259 1.090831
3260 1.090479
3261 1.085550
3262 1.086254
3263 1.085550
3264 1.085902
3265 1.085550
3266 1.071466
3267 1.063368
3268 1.063368
3269 1.063016
3270 1.065128
3271 1.063720
3272 1.080972
3273 1.074635
3274 1.074283
3275 1.080268
3276 1.074635
3277 1.067593
3278 1.063368
3279 1.074283
3280 1.074283
3281 1.076395
3282 1.065833
3283 1.074635
3284 1.079916
3285 1.064072
3286 1.063368
3287 1.065128
3288 1.063368
3289 1.065833
3290 1.063016
3291 1.063016
3292 1.071818
3293 1.071466
3294 1.085550
3295 1.072874
3296 1.086254
3297 1.085550
3298 1.097521
3299 1.086606
3300 1.097521
3301 1.085550
3302 1.085550
3303 1.085550
3304 1.087662
3305 1.086606
3306 1.085902
3307 1.065128
3308 1.063016
3309 1.063720
3310 1.065128
3311 1.063368
3312 1.063368
3313 1.074283
3314 1.080620
3315 1.080972
3316 1.079916
3317 1.074283
3318 1.065833
3319 1.065833
3320 1.074635
3321 1.074283
3322 1.074635
3323 1.074283
3324 1.075691
3325 1.085198
3326 1.082733
3327 1.063720
3328 1.063016
3329 1.063016
3330 1.067241
3331 1.063016
3332 1.069353
3333 1.069001
3334 1.073579
3335 1.085902
3336 1.087310
3337 1.086606
3338 1.087310
3339 1.085550
3340 1.085550
3341 1.085550
3342 1.088718
3343 1.085902
3344 1.088014
3345 1.085550
3346 1.072874
3347 1.071818
3348 1.068649
3349 1.065833
3350 1.066185
3351 1.063368
3352 1.063016
3353 1.079916
3354 1.080268
3355 1.074987
3356 1.074283
3357 1.079916
3358 1.067593
3359 1.063368
3360 1.065833
3361 1.067945
3362 1.074987
3363 1.074283
3364 1.074283
3365 1.074987
3366 1.083085
3367 1.064072
3368 1.064072
3369 1.063368
3370 1.063368
3371 1.067241
3372 1.064424
3373 1.071466
3374 1.071466
3375 1.073579
3376 1.085550
3377 1.088014
3378 1.085902
3379 1.088014
3380 2.538982
3381 1.086254
3382 1.085902
3383 1.085550
3384 1.085550
3385 1.085550
3386 1.085902
3387 1.069706
3388 1.069353
3389 1.068649
3390 1.063016
3391 1.063368
3392 1.063368
3393 1.084845
3394 1.080620
3395 1.074635
3396 1.080268
3397 1.082733
3398 1.067945
3399 1.063368
3400 1.063016
3401 1.066185
3402 1.074987
3403 1.074987
3404 1.066185
3405 1.074635
3406 1.079916
3407 1.083085
3408 1.063016
3409 1.063368
3410 1.063720
3411 1.064072
3412 1.063016
3413 1.063368
3414 2.507646
3415 1.071818
3416 1.085902
3417 1.085902
3418 1.085550
3419 1.086958
3420 1.097169
3421 1.085902
3422 1.088718
3423 1.085550
3424 1.088014
3425 1.085902
3426 1.085550
3427 1.085550
3428 1.071818
3429 1.063368
3430 1.067241
3431 1.065833
3432 1.063016
3433 1.063720
3434 1.082733
3435 1.079916
3436 1.075691
3437 1.079916
3438 1.075691
3439 1.064072
3440 1.063720
3441 1.063368
3442 1.067593
3443 1.074635
3444 1.074987
3445 1.067945
3446 1.074635
3447 2.525251
3448 1.063016
3449 1.063016
3450 1.063368
3451 1.063016
3452 1.063016
3453 1.063720
3454 1.064424
3455 1.063368
3456 1.073579
3457 1.085902
3458 1.086958
3459 1.087662
3460 1.087662
3461 1.087662
3462 1.089775
3463 1.085550
3464 1.086254
3465 1.087662
3466 1.086254
3467 1.086606
3468 1.073931
3469 1.071466
3470 1.063368
3471 1.063016
3472 1.064072
3473 1.063368
3474 1.065128
3475 1.063368
3476 1.074283
3477 1.074635
3478 1.076395
3479 1.079916
3480 2.508350
3481 1.065833
3482 1.067593
3483 1.074635
3484 1.074635
3485 1.066185
3486 1.074283
3487 1.076395
3488 1.082733
3489 1.085198
3490 1.063368
3491 1.063016
3492 1.066185
3493 1.067241
3494 1.063368
3495 1.069001
3496 1.071466
3497 1.072874
3498 1.085902
3499 1.085902
3500 1.085550
3501 1.088366
3502 1.089775
3503 1.088366
3504 1.089775
3505 1.085902
3506 1.085550
3507 1.085550
3508 1.086254
3509 1.085550
3510 1.071818
3511 1.063016
3512 1.066185
3513 1.067241
3514 1.063720
3515 1.063720
3516 1.079916
3517 1.074283
3518 1.076747
3519 1.082733
3520 1.074635
3521 1.065480
3522 1.063016
3523 1.074283
3524 1.080268
3525 1.074635
3526 1.068297
3527 1.074283
3528 1.080268
3529 1.063368
3530 1.085198
3531 1.063368
3532 1.064424
3533 1.065833
3534 1.065833
3535 1.063368
3536 1.068649
3537 1.071466
3538 1.073579
3539 1.087310
3540 2.527715
3541 1.088014
3542 1.085902
3543 1.088366
3544 1.089775
3545 1.086606
3546 2.529828
3547 2.527715
3548 2.527715
3549 1.073931
3550 1.071818
3551 1.063368
3552 1.064072
3553 1.066185
3554 1.067945
3555 1.065128
3556 1.084845
3557 1.074283
3558 1.074635
3559 1.076747
3560 1.075339
3561 1.067241
3562 1.064424
3563 1.063720
3564 1.075691
3565 1.067945
3566 1.074283
3567 1.074283
3568 1.079916
3569 1.082733
3570 1.064424
3571 1.063016
3572 1.063368
3573 1.064424
3574 1.068297
3575 1.063720
3576 1.069001
3577 1.068649
3578 1.086254
3579 2.527715
3580 1.088366
3581 1.087310
3582 1.085902
3583 1.085550
3584 1.097169
3585 1.090127
3586 1.088366
3587 1.085550
3588 1.086606
3589 1.085550
3590 1.071466
3591 1.072874
3592 1.069001
3593 1.067241
3594 1.068297
3595 1.063016
3596 1.063720
3597 1.084493
3598 1.074283
3599 1.074635
3600 1.076043
3601 1.074635
3602 1.074635
3603 1.065833
3604 1.065833
3605 1.074283
3606 1.074987
3607 1.074283
3608 1.069706
3609 1.074635
3610 1.080620
3611 2.552714
3612 1.063016
3613 1.063368
3614 2.512223
3615 1.063720
3616 2.505534
3617 1.063016
3618 1.071818
3619 1.085550
3620 1.085550
3621 1.086958
3622 1.085550
3623 1.086254
3624 1.090127
3625 1.088366
3626 1.088718
3627 1.085902
3628 1.086958
3629 1.085550
3630 1.072874
3631 1.085550
3632 1.069001
3633 1.063016
3634 1.065833
3635 1.067241
3636 1.063016
3637 1.063016
3638 1.080972
3639 1.074635
3640 1.076043
3641 1.080620
3642 1.074987
3643 1.063720
3644 1.066185
3645 2.510111
3646 1.075339
3647 1.075339
3648 2.516801
3649 1.074283
3650 1.074635
3651 1.082733
3652 1.063368
3653 1.064424
3654 1.063368
3655 1.063368
3656 1.067945
3657 1.064424
3658 1.064424
3659 1.071818
3660 1.088014
3661 1.086958
3662 1.085902
3663 1.089775
3664 1.088366
3665 1.090479
3666 1.090127
3667 1.088366
3668 1.085550
3669 1.085550
3670 1.085902
3671 1.072874
3672 1.068649
3673 1.063368
3674 2.510111
3675 1.067593
3676 1.066185
3677 1.063016
3678 1.063016
3679 2.522434
3680 1.074987
3681 1.097873
3682 1.067945
3683 1.065833
3684 1.064072
3685 1.063016
3686 1.074635
3687 1.074987
3688 1.074283
3689 1.074635
3690 1.074283
3691 1.084845
3692 1.063368
3693 1.063368
3694 1.064776
3695 1.063016
3696 1.067945
3697 1.067945
3698 1.069001
3699 1.064776
3700 1.072874
3701 1.085902
3702 2.528068
3703 1.085902
3704 1.090127
3705 1.086958
3706 1.096817
3707 1.090479
3708 1.086254
3709 1.085550
3710 1.085902
3711 1.085902
3712 1.086606
3713 1.085550
3714 2.507294
3715 2.506238
3716 1.067593
3717 1.063016
3718 1.065128
3719 1.082733
3720 1.074283
3721 1.074283
3722 1.079916
3723 1.074635
3724 1.074635
3725 1.063720
3726 1.063368
3727 1.074283
3728 1.074987
3729 1.074283
3730 1.074635
3731 1.074635
3732 1.083085
3733 1.085198
3734 1.085198
3735 1.065128
3736 1.067241
3737 1.063016
3738 1.064072
3739 1.069001
3740 1.069001
3741 1.085902
3742 1.073931
3743 1.087662
3744 1.087662
3745 1.097169
3746 1.088718
3747 1.085550
3748 2.531941
3749 1.085550
3750 1.085550
3751 1.085902
3752 1.085550
3753 1.085902
3754 1.071818
3755 1.063368
3756 1.066185
3757 1.063016
3758 1.063368
3759 1.063016
3760 1.082733
3761 1.074987
3762 1.076043
3763 1.080268
3764 1.068297
3765 1.063368
3766 1.067945
3767 1.066185
3768 1.074635
3769 1.074283
3770 1.074635
3771 1.067593
3772 1.076043
3773 1.080268
3774 1.063368
3775 1.063016
3776 1.066185
3777 1.065833
3778 1.063368
3779 1.063368
3780 2.510815
3781 1.073931
3782 1.071818
3783 1.086958
3784 1.085550
3785 1.086254
3786 1.085902
3787 1.089775
3788 1.088366
3789 1.086254
3790 1.085550
3791 1.085550
3792 1.086254
3793 1.073579
3794 1.071466
3795 1.063016
3796 1.065833
3797 1.067593
3798 1.065128
3799 1.063368
3800 1.084493
3801 1.080268
3802 1.075339
3803 1.076747
3804 1.074635
3805 1.074635
3806 1.064072
3807 1.065833
3808 1.074635
3809 1.074283
3810 1.074283
3811 1.068297
3812 1.076747
3813 1.080268
3814 1.063016
3815 1.063016
3816 1.063368
3817 1.063368
3818 1.066185
3819 1.063016
3820 1.063016
3821 1.063016
3822 1.085550
3823 1.085902
3824 1.086958
3825 1.088014
3826 1.087310
3827 1.089775
3828 1.088366
3829 1.090127
3830 1.090127
3831 1.086254
3832 1.086958
3833 1.086254
3834 1.071466
3835 1.072874
3836 1.064776
3837 1.063016
3838 1.063368
3839 1.063016
3840 1.063016
3841 1.082733
3842 1.076395
3843 1.074283
3844 1.079916
3845 1.074635
3846 2.509759
3847 1.067593
3848 1.074283
3849 1.074283
3850 1.074283
3851 1.074283
3852 1.074987
3853 1.074283
3854 1.084493
3855 1.063720
3856 1.084845
3857 1.063368
3858 1.067945
3859 1.063368
3860 1.065480
3861 1.063016
3862 1.069001
3863 1.073579
3864 1.085902
3865 1.087310
3866 1.086254
3867 1.097169
3868 1.090479
3869 1.089775
3870 1.088014
3871 1.085550
3872 1.088366
3873 1.085902
3874 1.086254
3875 1.085550
3876 1.069001
3877 1.067945
3878 1.063368
3879 2.505182
3880 2.506590
3881 1.063016
3882 1.076043
3883 1.080268
3884 1.079916
3885 1.079916
3886 1.068297
3887 1.063368
3888 1.063016
3889 1.074635
3890 1.074635
3891 1.074283
3892 1.067241
3893 1.074987
3894 1.079916
3895 1.063368
3896 1.063016
3897 1.063368
3898 1.065480
3899 1.066185
3900 1.063016
3901 1.065480
3902 1.068649
3903 1.071818
3904 1.085550
3905 1.088014
3906 1.085902
3907 1.088366
3908 1.088014
3909 1.097169
3910 1.087662
3911 1.085902
3912 1.086606
3913 2.527715
3914 2.575248
3915 1.073579
3916 1.073931
3917 1.063016
3918 1.063016
3919 1.065833
3920 1.066185
3921 1.063016
3922 1.083085
3923 1.079916
3924 1.074987
3925 1.079916
3926 1.074635
3927 1.074283
3928 1.064072
3929 1.063368
3930 1.066185
3931 1.067241
3932 1.068297
3933 1.074283
3934 1.076395
3935 1.080268
3936 1.063720
3937 1.063368
3938 1.063016
3939 1.063016
3940 1.068297
3941 1.065480
3942 1.068649
3943 1.068649
3944 1.071818
3945 1.087662
3946 1.088366
3947 1.088014
3948 1.088014
3949 1.088366
3950 1.088366
3951 1.088366
3952 1.086606
3953 1.085550
3954 1.073579
3955 1.086606
3956 1.073931
3957 1.069706
3958 1.069001
3959 1.067241
3960 1.065833
3961 1.063368
3962 1.084845
3963 1.083085
3964 1.074635
3965 1.076747
3966 1.076747
3967 1.068297
3968 1.068297
3969 1.065480
3970 1.063016
3971 1.074283
3972 1.079916
3973 1.074283
3974 1.067241
3975 1.080268
3976 1.080620
3977 1.063016
3978 2.505886
3979 1.065480
3980 1.063016
3981 1.063368
3982 1.063368
3983 1.068649
3984 1.068649
3985 1.086254
3986 1.085550
3987 1.085902
3988 1.085902
3989 1.085902
3990 1.090127
3991 1.090479
3992 1.088366
3993 1.087310
3994 1.085550
3995 1.088014
3996 1.085902
3997 1.073579
3998 1.068649
3999 1.063016
4000 1.067593
4001 1.063016
4002 1.063368
4003 1.064424
4004 1.075691
4005 1.074635
4006 1.083085
4007 1.076043
4008 1.066185
4009 1.066185
4010 1.065128
4011 2.509407
4012 1.075339
4013 1.076747
4014 1.074283
4015 1.074987
4016 1.079916
4017 1.084141
4018 1.063720
4019 1.063016
4020 1.063016
4021 1.063720
4022 1.067593
4023 1.063016
4024 1.065128
4025 1.068649
4026 1.086606
4027 1.085902
4028 1.086254
4029 1.085902
4030 2.528068
4031 1.097169
4032 1.088366
4033 1.088718
4034 1.085550
4035 1.085902
4036 1.087662
4037 1.073931
4038 1.072874
4039 1.069001
4040 1.064424
4041 1.067945
4042 1.063016
4043 1.063016
4044 1.084845
4045 2.517857
4046 2.523138
4047 1.074283
4048 1.074283
4049 1.074283
4050 1.074283
4051 1.064072
4052 1.074635
4053 1.068297
4054 1.068297
4055 1.074987
4056 1.080620
4057 1.082733
4058 1.063016
4059 1.063016
4060 1.063368
4061 1.064072
4062 2.506238
4063 1.063016
4064 1.064776
4065 2.511167
4066 1.085550
4067 1.086254
4068 1.085550
4069 1.085550
4070 1.085902
4071 1.085902
4072 1.090127
4073 1.090127
4074 1.088014
4075 1.085550
4076 1.085902
4077 1.087310
4078 1.071466
4079 1.072874
4080 1.063016
4081 1.063016
4082 1.065833
4083 1.063368
4084 1.063016
4085 1.083085
4086 1.079916
4087 1.075339
4088 1.080268
4089 1.080268
4090 1.074635
4091 1.065480
4092 1.063720
4093 1.076043
4094 1.074283
4095 1.068297
4096 1.074635
4097 1.080268
4098 2.524899
4099 1.063016
4100 1.064776
4101 1.064776
4102 1.067945
4103 1.066185
4104 1.063368
4105 1.068649
4106 1.069706
4107 1.072874
4108 1.086606
4109 1.086606
4110 1.086254
4111 1.085550
4112 1.096817
4113 1.090479
4114 1.088366
4115 1.088014
4116 1.085550
4117 1.085550
4118 1.086958
4119 1.085550
4120 1.068649
4121 1.063720
4122 1.065833
4123 1.066185
4124 1.063016
4125 1.063016
4126 1.079916
4127 1.074283
4128 1.079916
4129 1.079916
4130 1.066185
4131 1.065833
4132 1.064424
4133 1.067593
4134 1.074635
4135 1.075691
4136 1.065833
4137 1.074987
4138 1.079916
4139 1.082733
4140 1.063016
4141 1.064776
4142 1.063016
4143 1.063720
4144 1.063368
4145 1.065128
4146 1.063016
4147 1.071818
4148 2.529124
4149 1.085550
4150 1.087662
4151 1.088014
4152 1.090127
4153 1.088718
4154 1.090127
4155 1.085902
4156 1.085550
4157 1.085902
4158 1.085902
4159 1.085550
4160 1.068649
4161 1.069001
4162 1.067593
4163 1.067241
4164 1.065128
4165 1.063720
4166 1.082733
4167 1.075691
4168 1.074635
4169 1.074283
4170 1.074987
4171 1.064072
4172 1.066185
4173 1.065833
4174 1.074635
4175 1.075691
4176 1.076747
4177 1.074283
4178 2.522082
4179 1.080268
4180 1.063368
4181 1.063368
4182 1.065128
4183 1.064776
4184 1.066185
4185 2.506590
4186 1.063368
4187 1.069706
4188 1.085902
4189 1.085902
4190 2.527715
4191 1.088014
4192 1.086606
4193 1.086254
4194 1.088718
4195 1.086606
4196 1.085550
4197 1.088014
4198 1.085550
4199 1.086606
4200 2.513984
4201 1.068649
4202 1.064776
4203 1.063368
4204 1.066185
4205 1.063016
4206 2.505182
4207 1.063368
4208 1.075691
4209 1.074283
4210 1.074283
4211 1.075339
4212 2.509407
4213 1.065833
4214 1.063720
4215 1.067593
4216 1.074987
4217 2.516801
4218 1.074635
4219 1.079916
4220 1.080268
4221 1.083085
4222 1.065128
4223 1.063016
4224 1.063368
4225 1.063720
4226 1.064072
4227 1.063016
4228 2.505182
4229 1.071818
4230 1.073931
4231 1.085902
4232 1.086958
4233 2.527715
4234 1.086254
4235 1.088366
4236 1.097169
4237 1.086254
4238 1.086958
4239 1.085550
4240 1.085550
4241 1.085550
4242 1.068649
4243 1.066185
4244 1.109844
4245 1.066185
4246 1.063720
4247 1.084141
4248 1.076043
4249 1.079916
4250 1.075691
4251 1.080620
4252 1.074635
4253 1.065128
4254 1.063368
4255 1.074283
4256 1.075691
4257 1.074283
4258 1.074635
4259 1.074283
4260 1.076043
4261 1.080972
4262 1.063368
4263 1.063016
4264 1.064424
4265 1.066185
4266 1.063016
4267 1.065128
4268 1.065128
4269 1.073931
4270 1.085902
4271 1.086606
4272 1.085550
4273 1.085550
4274 1.090831
4275 1.097169
4276 1.085550
4277 1.086606
4278 1.085902
4279 1.086606
4280 2.528068
4281 1.085550
4282 1.085550
4283 1.068649
4284 1.067593
4285 1.065833
4286 1.065480
4287 1.063368
4288 1.063016
4289 1.075339
4290 1.079916
4291 1.079916
4292 1.067593
4293 1.064072
4294 1.065833
4295 1.064072
4296 1.068297
4297 1.075691
4298 1.067945
4299 1.067241
4300 1.075691
4301 1.083085
4302 1.063016
4303 1.063016
4304 1.063368
4305 1.063368
4306 1.063368
4307 1.063368
4308 1.064072
4309 1.068649
4310 1.073931
4311 2.530180
4312 2.528068
4313 2.529828
4314 1.087310
4315 1.086606
4316 1.097169
4317 1.089775
4318 1.088366
4319 1.088366
4320 1.086958
4321 1.073226
4322 1.069706
4323 1.085550
4324 1.063368
4325 1.067241
4326 1.067241
4327 1.066185
4328 1.063368
4329 1.084141
4330 1.080268
4331 1.075339
4332 1.074635
4333 1.074635
4334 1.064072
4335 1.063016
4336 1.065833
4337 1.074283
4338 1.074635
4339 1.074283
4340 1.074635
4341 1.079916
4342 1.063016
4343 1.063368
4344 2.505182
4345 1.063016
4346 2.505534
4347 1.063016
4348 1.063016
4349 1.064424
4350 1.085550
4351 1.085902
4352 1.088014
4353 1.085550
4354 1.085550
4355 1.088718
4356 1.086254
4357 1.089775
4358 1.085550
4359 1.085902
4360 1.087310
4361 1.085902
4362 1.073226
4363 1.085550
4364 1.071818
4365 1.063016
4366 1.063368
4367 1.065833
4368 1.063720
4369 1.063016
4370 1.076395
4371 1.074635
4372 1.080268
4373 1.080268
4374 1.074635
4375 1.065833
4376 1.063368
4377 1.065833
4378 2.518209
4379 2.517505
4380 1.067593
4381 1.076043
4382 1.080268
4383 1.063720
4384 1.063368
4385 1.063368
4386 1.063016
4387 1.066185
4388 1.063368
4389 1.064776
4390 1.065480
4391 1.071466
4392 1.086606
4393 1.085550
4394 1.087310
4395 1.088366
4396 1.088366
4397 1.088718
4398 1.088718
4399 1.085550
4400 1.088014
4401 1.085550
4402 1.085902
4403 1.085902
4404 1.071466
4405 1.063016
4406 1.063016
4407 1.063720
4408 1.063368
4409 1.063368
4410 1.063368
4411 1.076395
4412 1.075691
4413 1.076395
4414 1.074635
4415 1.068297
4416 1.063368
4417 1.063368
4418 1.074283
4419 1.074283
4420 1.074283
4421 1.074283
4422 1.074283
4423 1.063016
4424 1.084493
4425 1.063368
4426 1.063368
4427 1.063016
4428 1.063368
4429 1.068297
4430 1.068649
4431 1.071466
4432 1.072874
4433 1.085550
4434 1.085550
4435 1.087310
4436 1.085550
4437 1.086606
4438 1.088718
4439 1.085550
4440 1.085902
4441 1.087662
4442 1.085550
4443 1.085550
4444 1.073579
4445 1.071466
4446 1.068649
4447 1.063016
4448 1.066185
4449 1.064072
4450 1.063016
4451 1.080972
4452 1.067945
4453 1.074635
4454 1.074283
4455 1.074283
4456 1.068297
4457 1.063016
4458 1.068297
4459 1.074987
4460 1.075339
4461 1.074987
4462 1.074635
4463 1.082733
4464 1.063016
4465 1.083085
4466 1.063720
4467 1.063016
4468 1.063368
4469 1.065833
4470 1.064776
4471 1.069001
4472 1.071818
4473 1.085550
4474 1.087310
4475 1.085902
4476 1.087310
4477 1.085550
4478 1.088366
4479 1.089775
4480 1.090127
4481 2.528068
4482 1.086958
4483 1.085550
4484 1.072874
4485 1.085902
4486 1.071818
4487 1.063016
4488 1.066185
4489 1.063368
4490 1.063016
4491 1.064424
4492 1.080620
4493 1.076395
4494 1.075339
4495 1.076747
4496 1.066185
4497 1.063016
4498 1.063368
4499 1.074987
4500 1.074283
4501 1.076747
4502 1.074635
4503 1.074987
4504 1.079916
4505 1.080268
4506 1.084493
4507 1.063016
4508 2.507294
4509 1.065833
4510 1.063016
4511 1.065128
4512 1.069001
4513 2.515040
4514 1.073931
4515 1.085902
4516 1.086958
4517 1.085902
4518 1.086254
4519 1.097169
4520 1.085902
4521 1.085550
4522 1.085902
4523 1.085550
4524 1.073931
4525 1.085550
4526 1.072874
4527 1.064424
4528 1.063368
4529 1.065480
4530 1.064072
4531 1.063016
4532 1.079916
4533 1.079916
4534 1.079916
4535 1.076395
4536 1.074283
4537 1.063720
4538 1.063720
4539 1.074635
4540 2.517153
4541 1.076395
4542 1.075339
4543 1.074283
4544 1.076395
4545 1.079916
4546 2.505534
4547 2.507646
4548 1.065128
4549 1.065833
4550 1.063016
4551 1.063016
4552 1.065480
4553 1.072874
4554 1.073579
4555 1.085902
4556 1.085550
4557 1.088366
4558 1.085902
4559 1.097521
4560 1.088366
4561 1.085902
4562 1.085550
4563 1.085902
4564 1.085550
4565 1.086606
4566 1.073226
4567 1.068649
4568 2.505534
4569 1.063016
4570 1.063368
4571 1.066185
4572 1.065480
4573 1.079916
4574 1.079916
4575 1.074635
4576 1.074283
4577 1.074283
4578 1.065833
4579 2.510111
4580 1.066537
4581 1.063368
4582 2.516449
4583 1.074987
4584 1.074283
4585 1.076395
4586 1.063016
4587 1.063368
4588 1.063368
4589 1.064072
4590 1.067945
4591 1.068297
4592 1.063368
4593 1.068649
4594 1.069001
4595 1.085550
4596 1.087310
4597 1.085902
4598 1.085902
4599 1.088366
4600 1.090831
4601 1.097169
4602 1.088014
4603 1.087662
4604 1.085550
4605 1.073931
4606 2.528772
4607 1.071466
4608 1.071818
4609 2.505534
4610 1.066185
4611 1.065833
4612 1.064072
4613 1.064072
4614 2.516801
4615 1.075339
4616 1.076395
4617 1.075691
4618 1.075339
4619 1.067945
4620 1.063016
4621 1.067593
4622 1.075691
4623 1.074987
4624 1.074635
4625 1.075691
4626 1.084493
4627 1.063368
4628 2.505182
4629 1.064776
4630 1.064776
4631 1.068297
4632 1.063016
4633 1.064776
4634 1.068649
4635 1.071466
4636 2.527715
4637 1.087662
4638 1.086958
4639 1.085902
4640 1.085902
4641 1.097169
4642 1.086606
4643 1.085902
4644 1.085550
4645 1.088014
4646 2.574192
4647 1.086254
4648 2.515392
4649 1.069001
4650 2.509759
4651 1.065833
4652 1.063016
4653 1.063016
4654 1.080268
4655 1.074635
4656 1.075691
4657 1.079916
4658 1.074635
4659 1.067945
4660 1.064072
4661 1.067593
4662 1.074635
4663 1.074635
4664 2.518561
4665 1.067241
4666 2.522434
4667 1.079916
4668 1.083085
4669 1.065128
4670 1.063368
4671 1.064776
4672 1.065833
4673 1.064776
4674 1.065480
4675 1.071466
4676 1.069001
4677 1.085902
4678 1.086958
4679 1.085550
4680 1.085902
4681 1.090831
4682 2.531941
4683 1.085902
4684 1.088366
4685 1.085902
4686 1.087310
4687 1.086254
4688 1.073579
4689 1.069001
4690 1.063016
4691 1.068297
4692 1.067593
4693 1.064072
4694 1.063016
4695 1.084493
4696 1.074635
4697 1.076043
4698 1.074283
4699 1.074635
4700 1.065833
4701 1.063368
4702 1.074283
4703 1.074283
4704 1.074283
4705 1.067945
4706 1.074283
4707 1.075691
4708 1.084845
4709 1.063016
4710 2.505886
4711 2.505534
4712 1.067945
4713 2.505534
4714 1.064424
4715 1.069001
4716 1.069706
4717 1.073579
4718 1.085550
4719 1.085550
4720 1.085550
4721 1.085550
4722 1.085550
4723 1.085550
4724 1.085550
4725 1.086958
4726 1.086254
4727 1.085550
4728 1.085550
4729 1.073931
4730 1.069353
4731 1.067945
4732 1.063016
4733 1.065833
4734 1.063016
4735 1.063368
4736 1.079916
4737 1.074283
4738 1.075339
4739 1.066185
4740 1.074283
4741 1.063720
4742 1.065128
4743 1.068297
4744 1.074283
4745 1.074635
4746 2.516449
4747 1.079916
4748 1.083085
4749 1.063368
4750 1.064072
4751 1.084845
4752 1.063016
4753 1.063016
4754 1.067241
4755 1.068649
4756 1.068649
4757 1.071466
4758 1.085902
4759 1.085550
4760 1.085902
4761 1.088014
4762 1.089775
4763 1.088718
4764 1.088718
4765 1.088718
4766 1.085902
4767 1.085902
4768 1.085902
4769 1.086254
4770 1.073931
4771 1.068649
4772 1.063016
4773 1.063368
4774 1.067241
4775 1.065128
4776 1.082733
4777 1.075339
4778 1.079916
4779 1.074987
4780 2.518561
4781 1.074283
4782 1.064424
4783 1.063720
4784 1.074283
4785 1.074283
4786 1.074283
4787 1.067241
4788 1.079916
4789 1.076043
4790 1.063016
4791 1.063720
4792 1.063368
4793 1.063368
4794 1.067945
4795 1.063368
4796 1.064776
4797 1.068649
4798 1.073579
4799 1.085902
4800 1.087662
4801 1.087310
4802 1.086606
4803 1.085902
4804 1.089775
4805 1.090479
4806 1.087662
4807 1.086254
4808 1.085902
4809 1.087310
4810 1.085902
4811 2.513984
4812 1.063368
4813 1.063016
4814 1.063016
4815 1.063016
4816 1.085198
4817 1.080620
4818 1.075691
4819 1.076395
4820 1.080268
4821 1.074283
4822 1.065833
4823 1.063368
4824 1.074635
4825 1.074283
4826 1.074987
4827 1.074635
4828 1.067593
4829 1.076747
4830 1.084845
4831 1.063368
4832 1.063720
4833 1.063368
4834 1.064072
4835 1.063016
4836 1.069001
4837 1.068649
4838 1.085902
4839 1.085550
4840 1.085550
4841 1.085902
4842 1.085902
4843 1.087662
4844 1.096817
4845 1.086606
4846 2.577360
4847 1.086958
4848 1.085550
4849 1.085550
4850 1.069706
4851 1.068649
4852 1.068649
4853 1.065833
4854 1.063368
4855 1.063368
4856 1.063016
4857 1.063016
4858 1.079916
4859 1.075339
4860 1.076043
4861 1.076747
4862 1.067241
4863 1.067945
4864 1.067241
4865 1.067241
4866 1.074635
4867 1.074283
4868 1.066185
4869 1.075339
4870 1.079916
4871 1.063368
4872 1.063368
4873 1.064072
4874 1.064776
4875 1.067945
4876 1.065480
4877 1.071818
4878 1.069706
4879 1.069706
4880 1.086958
4881 1.085550
4882 1.086254
4883 1.087662
4884 1.086606
4885 1.086606
4886 1.088718
4887 1.088718
4888 1.085902
4889 1.087310
4890 1.085902
4891 1.071466
4892 1.073931
4893 1.069001
4894 1.063016
4895 1.067593
4896 1.064072
4897 2.505182
4898 1.083085
4899 1.074283
4900 1.075691
4901 1.074635
4902 1.074283
4903 1.067241
4904 1.065480
4905 1.063016
4906 1.074283
4907 1.074283
4908 1.076043
4909 1.074635
4910 1.074283
4911 1.063016
4912 1.063368
4913 1.063720
4914 1.063368
4915 1.065480
4916 1.063368
4917 1.065480
4918 1.063368
4919 1.069706
4920 1.071818
4921 1.085550
4922 1.085550
4923 1.085550
4924 1.085902
4925 1.088718
4926 1.096817
4927 1.085902
4928 1.085902
4929 1.085902
4930 1.085550
4931 1.085902
4932 1.086254
4933 1.071818
4934 1.063368
4935 1.065833
4936 1.067241
4937 1.063368
4938 1.064072
4939 1.075691
4940 1.075339
4941 1.074283
4942 1.076043
4943 1.074283
4944 1.063016
4945 1.063016
4946 1.065833
4947 1.074987
4948 1.079916
4949 1.066185
4950 1.074635
4951 1.082733
4952 1.084845
4953 1.063720
4954 1.063368
4955 1.064072
4956 1.067593
4957 1.063016
4958 1.063016
4959 1.068649
4960 1.069353
4961 1.085550
4962 1.085550
4963 1.086958
4964 1.087662
4965 1.085902
4966 1.090831
4967 1.089775
4968 1.086606
4969 1.085902
4970 1.085550
4971 1.085550
4972 1.086254
4973 1.071466
4974 1.064776
4975 1.064072
4976 1.063016
4977 1.065128
4978 1.063016
4979 1.064424
4980 1.075339
4981 1.074635
4982 1.074635
4983 1.079916
4984 1.068297
4985 1.064072
4986 1.064072
4987 1.074987
4988 1.075339
4989 1.067945
4990 1.067593
4991 1.074283
4992 1.082733
4993 1.084141
4994 1.063016
4995 1.063368
4996 1.063368
4997 1.067593
4998 1.064072
4999 1.063368
5000 1.071818
