1 -0.018256
2 -0.018256
3 -0.017904
4 -0.006990
5 -0.007694
6 -0.014031
7 -0.014736
8 -0.015792
9 -0.018609
10 -0.017904
11 -0.018609
12 -0.014031
13 -0.014383
14 -0.013679
15 -0.014383
16 -0.013679
17 -0.014383
18 -0.014383
19 -0.014383
20 -0.014031
21 -0.014383
22 -0.014031
23 -0.014031
24 -0.014383
25 -0.014383
26 -0.015440
27 -0.015792
28 -0.015440
29 -0.017552
30 -0.015792
31 -0.018609
32 -0.017552
33 -0.018609
34 -0.018609
35 -0.018609
36 -0.018609
37 -0.018609
38 -0.006990
39 -0.018256
40 -0.018609
41 -0.018609
42 -0.018256
43 -0.018256
44 -0.018609
45 -0.013327
46 -0.014383
47 -0.014383
48 -0.015440
49 -0.017904
50 -0.018609
51 -0.018609
52 -0.018609
53 -0.015440
54 -0.014383
55 -0.014383
56 -0.014383
57 -0.015440
58 -0.014383
59 -0.015440
60 -0.015440
61 -0.015440
62 -0.015440
63 -0.015440
64 -0.015792
65 -0.015440
66 -0.015792
67 -0.015792
68 -0.015792
69 -0.015792
70 -0.015792
71 -0.013327
72 -0.017552
73 -0.018256
74 -0.018609
75 -0.018609
76 -0.018609
77 -0.018609
78 -0.018609
79 -0.018256
80 -0.017552
81 -0.018256
82 -0.018609
83 -0.018256
84 -0.018256
85 -0.013327
86 -0.013679
87 -0.015440
88 -0.015792
89 -0.015792
90 -0.018609
91 -0.018609
92 -0.014031
93 -0.008046
94 -0.018256
95 -0.018256
96 -0.018609
97 -0.018609
98 -0.013327
99 -0.013327
100 -0.013327
101 -0.018609
102 -0.013327
103 -0.013327
104 0.037374
105 0.037374
106 0.031740
107 -0.014031
108 -0.014383
109 -0.014383
110 -0.015440
111 -0.014383
112 -0.018609
113 -0.017200
114 -0.017552
115 -0.017552
116 -0.018256
117 -0.018256
118 -0.006990
119 -0.018256
120 -0.018609
121 -0.018609
122 -0.018609
123 -0.018256
124 -0.017904
125 -0.018256
126 -0.013327
127 -0.013679
128 -0.014383
129 -0.015792
130 -0.017904
131 -0.018609
132 -0.018609
133 -0.014383
134 -0.013679
135 -0.013679
136 -0.013327
137 0.036670
138 0.036670
139 -0.014031
140 -0.014383
141 -0.014031
142 -0.014031
143 -0.014031
144 -0.014383
145 -0.014031
146 -0.014383
147 -0.015440
148 -0.014736
149 -0.015792
150 -0.015440
151 -0.015792
152 -0.015792
153 -0.018609
154 -0.017552
155 -0.018609
156 -0.018256
157 -0.018256
158 -0.018609
159 -0.018609
160 -0.018609
161 -0.018609
162 -0.018609
163 -0.013327
164 -0.013327
165 -0.013327
166 -0.013679
167 -0.014383
168 -0.015440
169 -0.015792
170 -0.018256
171 -0.018256
172 -0.016848
173 -0.017552
174 -0.014383
175 -0.014031
176 -0.014383
177 -0.015440
178 -0.015792
179 -0.015792
180 -0.015792
181 -0.015792
182 -0.015792
183 -0.015440
184 -0.015088
185 -0.015792
186 -0.015440
187 -0.015440
188 -0.015440
189 -0.015440
190 -0.015792
191 -0.017552
192 -0.017552
193 -0.013679
194 -0.007342
195 -0.014031
196 -0.018256
197 -0.018609
198 -0.018609
199 -0.018609
200 -0.018256
201 -0.018256
202 -0.006990
203 -0.018256
204 -0.007342
205 0.026459
206 -0.013679
207 -0.014031
208 -0.015440
209 -0.015792
210 -0.015792
211 -0.018609
212 -0.018609
213 -0.016144
214 -0.015440
215 -0.015088
216 -0.015792
217 -0.015792
218 -0.015792
219 -0.015792
220 -0.017552
221 -0.015792
222 -0.015792
223 -0.015792
224 -0.017552
225 -0.015792
226 -0.017552
227 -0.017552
228 -0.017552
229 -0.017552
230 -0.017552
231 -0.017904
232 -0.017552
233 -0.015440
234 -0.014383
235 -0.018609
236 -0.014383
237 -0.007694
238 -0.007694
239 -0.013327
240 -0.013679
241 -0.013327
242 -0.013679
243 -0.013679
244 -0.014031
245 -0.014031
246 -0.014031
247 -0.014383
248 -0.015792
249 -0.015792
250 -0.017552
251 -0.018609
252 -0.018609
253 -0.017200
254 -0.018256
255 -0.015792
256 -0.015792
257 -0.015792
258 -0.015792
259 -0.017552
260 -0.017904
261 -0.017904
262 -0.017904
263 -0.017904
264 -0.017904
265 -0.017904
266 -0.017904
267 -0.017904
268 -0.017904
269 -0.011215
270 -0.018256
271 -0.018256
272 -0.018609
273 -0.017552
274 -0.015440
275 -0.015792
276 -0.015792
277 -0.015440
278 -0.013679
279 -0.013679
280 -0.013679
281 -0.013679
282 -0.013679
283 -0.013679
284 -0.014031
285 -0.014031
286 -0.015440
287 -0.015440
288 -0.015792
289 -0.015792
290 0.028572
291 -0.018256
292 -0.018609
293 -0.016848
294 -0.016496
295 -0.018256
296 -0.015792
297 -0.015792
298 -0.017904
299 -0.017904
300 -0.018609
301 -0.018609
302 -0.018609
303 -0.018609
304 -0.012975
305 -0.017200
306 -0.018609
307 -0.018609
308 -0.018256
309 -0.018256
310 -0.018256
311 -0.018256
312 -0.018256
313 -0.018256
314 -0.015792
315 -0.015792
316 -0.017552
317 -0.017552
318 -0.015440
319 -0.014031
320 -0.014383
321 -0.015440
322 -0.014383
323 -0.015440
324 -0.015440
325 -0.015440
326 -0.015440
327 -0.015792
328 -0.015440
329 -0.017552
330 -0.017904
331 -0.018256
332 -0.018256
333 -0.016144
334 -0.018256
335 -0.016496
336 -0.015440
337 -0.009806
338 0.028572
339 -0.018609
340 -0.018256
341 -0.018609
342 -0.018609
343 -0.018609
344 -0.018609
345 -0.018256
346 -0.018609
347 -0.018609
348 -0.018609
349 -0.018256
350 -0.018256
351 -0.018256
352 -0.018609
353 -0.018256
354 -0.018609
355 -0.015792
356 -0.017552
357 -0.015792
358 -0.015792
359 -0.015440
360 -0.015440
361 -0.015440
362 -0.015792
363 -0.015440
364 -0.015792
365 -0.015792
366 -0.015440
367 -0.015440
368 -0.015792
369 -0.015792
370 -0.017552
371 -0.018609
372 -0.018609
373 -0.016144
374 -0.017200
375 -0.018256
376 -0.018609
377 -0.015792
378 -0.018256
379 -0.018609
380 -0.018256
381 -0.018256
382 -0.018256
383 -0.018256
384 -0.018256
385 -0.018609
386 -0.018256
387 -0.018256
388 -0.018256
389 -0.018609
390 -0.018609
391 -0.018256
392 -0.018256
393 -0.018256
394 -0.018609
395 -0.017904
396 -0.017904
397 -0.018256
398 -0.017904
399 -0.015792
400 -0.015440
401 -0.015792
402 -0.015792
403 -0.015792
404 -0.016144
405 -0.017552
406 -0.017552
407 -0.017552
408 -0.017904
409 -0.018256
410 -0.018256
411 -0.018256
412 -0.018256
413 -0.016496
414 -0.017200
415 -0.018256
416 -0.018256
417 -0.017552
418 -0.017552
419 -0.018609
420 -0.018609
421 -0.018256
422 -0.018609
423 -0.018609
424 -0.018609
425 -0.018609
426 -0.018609
427 -0.018256
428 -0.018609
429 -0.018609
430 -0.018256
431 -0.018609
432 -0.018256
433 -0.018256
434 -0.018609
435 -0.018256
436 -0.018256
437 -0.017552
438 -0.018609
439 -0.017904
440 -0.015792
441 -0.015792
442 -0.015792
443 -0.015792
444 -0.015792
445 -0.015792
446 -0.015792
447 -0.017552
448 -0.017904
449 -0.017904
450 -0.018256
451 -0.018609
452 -0.018609
453 -0.018256
454 -0.016496
455 -0.017200
456 -0.018609
457 -0.016144
458 -0.017904
459 -0.018609
460 -0.018609
461 -0.018256
462 -0.018256
463 -0.018256
464 -0.018609
465 -0.018609
466 -0.018609
467 -0.018609
468 -0.018256
469 -0.018256
470 -0.018609
471 -0.018256
472 -0.018609
473 -0.016144
474 -0.016496
475 -0.018609
476 -0.018609
477 -0.018256
478 -0.018256
479 -0.018609
480 -0.017904
481 -0.015792
482 -0.017552
483 -0.017904
484 -0.017904
485 -0.017904
486 -0.018609
487 -0.017904
488 -0.018256
489 -0.018609
490 -0.018609
491 -0.018609
492 -0.018609
493 -0.018609
494 -0.016496
495 -0.017200
496 -0.018256
497 -0.018256
498 -0.018609
499 -0.018256
500 -0.018609
501 -0.016144
502 -0.016144
503 -0.016144
504 0.032093
505 -0.013327
506 -0.016144
507 -0.016144
508 -0.016144
509 -0.016144
510 -0.016144
511 -0.016144
512 -0.016496
513 -0.016496
514 -0.016496
515 -0.016496
516 -0.018609
517 -0.018609
518 -0.018256
519 -0.018609
520 -0.017552
521 -0.015440
522 -0.015440
523 -0.015440
524 -0.015440
525 -0.015792
526 -0.015792
527 -0.015440
528 -0.017552
529 -0.017552
530 -0.017552
531 -0.017904
532 -0.018256
533 -0.018256
534 -0.018609
535 -0.018609
536 -0.016848
537 0.026459
538 -0.017200
539 -0.016848
540 -0.018256
541 -0.018609
542 -0.018256
543 -0.018256
544 -0.018609
545 -0.018609
546 -0.018609
547 -0.018256
548 -0.018256
549 -0.018256
550 -0.018609
551 -0.018256
552 -0.018609
553 -0.016144
554 -0.018609
555 -0.016144
556 -0.018609
557 -0.017552
558 -0.018256
559 -0.018256
560 -0.018609
561 -0.017552
562 -0.015088
563 -0.015440
564 -0.015088
565 -0.015792
566 -0.015440
567 -0.015440
568 -0.015792
569 0.034909
570 -0.010158
571 0.027515
572 -0.016496
573 -0.018609
574 -0.018609
575 -0.018609
576 -0.016144
577 -0.018256
578 -0.017200
579 -0.018256
580 -0.017904
581 -0.018609
582 -0.018256
583 -0.018609
584 -0.018256
585 -0.018256
586 -0.018609
587 -0.018256
588 -0.012623
589 -0.018609
590 -0.018256
591 -0.018256
592 -0.018256
593 -0.018609
594 -0.018609
595 -0.018609
596 -0.016144
597 -0.018256
598 -0.018256
599 -0.018256
600 -0.018609
601 -0.018256
602 -0.016848
603 -0.017904
604 -0.010863
605 -0.012271
606 -0.017904
607 -0.018256
608 -0.018256
609 -0.017904
610 -0.018609
611 -0.018609
612 -0.017552
613 -0.018609
614 -0.018256
615 -0.016144
616 -0.016848
617 -0.018609
618 -0.018609
619 -0.018609
620 -0.017552
621 -0.018256
622 -0.018609
623 -0.018609
624 -0.016144
625 -0.016496
626 -0.016496
627 -0.016496
628 -0.016496
629 -0.016496
630 -0.016496
631 -0.016496
632 -0.016496
633 -0.016496
634 -0.016848
635 -0.016848
636 -0.017200
637 -0.014031
638 0.032093
639 -0.012271
640 -0.018256
641 -0.018256
642 -0.018256
643 -0.017552
644 -0.017552
645 -0.017552
646 -0.017904
647 -0.017904
648 -0.018256
649 -0.017904
650 -0.018256
651 -0.018256
652 -0.018609
653 -0.018256
654 -0.018609
655 -0.018609
656 -0.016144
657 -0.018256
658 -0.018609
659 -0.018609
660 -0.018256
661 -0.018609
662 -0.018256
663 -0.018609
664 -0.016144
665 -0.016496
666 -0.016496
667 -0.016496
668 -0.016848
669 -0.016496
670 -0.013679
671 0.028572
672 -0.016496
673 -0.016848
674 -0.016848
675 -0.016496
676 -0.017200
677 -0.016848
678 -0.016496
679 -0.018256
680 -0.017904
681 -0.018609
682 -0.018256
683 -0.017552
684 -0.017552
685 -0.017552
686 -0.017552
687 -0.017904
688 -0.017904
689 -0.017904
690 -0.017904
691 -0.017904
692 -0.018256
693 -0.018609
694 -0.018256
695 -0.018256
696 -0.016144
697 -0.016496
698 -0.016848
699 -0.018609
700 -0.017200
701 -0.018256
702 -0.018256
703 0.031740
704 0.028924
705 0.031388
706 -0.016496
707 -0.016496
708 -0.016496
709 -0.016496
710 -0.016496
711 -0.016496
712 -0.016496
713 -0.016496
714 -0.016496
715 -0.016848
716 -0.016848
717 -0.017200
718 -0.017552
719 -0.016496
720 -0.018256
721 -0.017904
722 -0.018256
723 -0.015792
724 -0.015792
725 -0.015440
726 -0.015440
727 -0.015792
728 -0.015440
729 -0.015440
730 -0.015440
731 -0.015792
732 -0.015792
733 -0.017552
734 -0.017904
735 -0.018609
736 -0.018256
737 -0.018256
738 0.031740
739 -0.017200
740 -0.018609
741 -0.017904
742 -0.018609
743 -0.018256
744 -0.018609
745 -0.016144
746 -0.016144
747 -0.016144
748 -0.016496
749 -0.016144
750 -0.016496
751 -0.016496
752 -0.016144
753 -0.016144
754 -0.016144
755 -0.016496
756 -0.016848
757 -0.016848
758 -0.016848
759 -0.017200
760 -0.018256
761 -0.018256
762 -0.018609
763 -0.017904
764 -0.015440
765 -0.014383
766 -0.015440
767 -0.014383
768 -0.015440
769 -0.015792
770 -0.015792
771 -0.015440
772 -0.015440
773 -0.015792
774 -0.015440
775 -0.017552
776 -0.018256
777 -0.018256
778 -0.018256
779 -0.016496
780 -0.018256
781 -0.017200
782 -0.018256
783 -0.018256
784 -0.016144
785 -0.016496
786 -0.016496
787 -0.016848
788 -0.016496
789 -0.016848
790 -0.016496
791 -0.016496
792 -0.016496
793 -0.016848
794 -0.016848
795 -0.016848
796 -0.016848
797 -0.017200
798 -0.017200
799 -0.018256
800 -0.016848
801 -0.018609
802 -0.018256
803 -0.015792
804 -0.015792
805 -0.008398
806 -0.014383
807 -0.014383
808 -0.014383
809 -0.014383
810 -0.014383
811 -0.014383
812 -0.015440
813 -0.015792
814 -0.015440
815 -0.015440
816 -0.017552
817 -0.018256
818 -0.018256
819 -0.016144
820 -0.017200
821 -0.018256
822 -0.018609
823 -0.018256
824 -0.018609
825 -0.018256
826 -0.018256
827 -0.018256
828 -0.018609
829 -0.018609
830 -0.018609
831 -0.018609
832 -0.018609
833 -0.018609
834 -0.018609
835 -0.018609
836 -0.018609
837 -0.013679
838 -0.016496
839 -0.016848
840 -0.016848
841 -0.018609
842 -0.017552
843 -0.017904
844 -0.017552
845 -0.015792
846 -0.014383
847 -0.014031
848 -0.014383
849 -0.014383
850 -0.014383
851 -0.015440
852 -0.014383
853 -0.015440
854 -0.015440
855 -0.015440
856 -0.015792
857 -0.017552
858 -0.018609
859 -0.018609
860 -0.016496
861 -0.018256
862 -0.017200
863 -0.017904
864 -0.018609
865 -0.018609
866 -0.018609
867 -0.018609
868 -0.016144
869 -0.016144
870 -0.016144
871 -0.016144
872 -0.016144
873 -0.016144
874 -0.016144
875 -0.016144
876 -0.016496
877 -0.016496
878 -0.016496
879 -0.016848
880 -0.017200
881 -0.017200
882 -0.018256
883 -0.015792
884 -0.015792
885 -0.015792
886 -0.013679
887 -0.013327
888 -0.013327
889 -0.013679
890 -0.013679
891 -0.013679
892 -0.013679
893 -0.014031
894 -0.014383
895 -0.015440
896 -0.015440
897 -0.015792
898 -0.017552
899 -0.018609
900 -0.018256
901 -0.016848
902 -0.018256
903 -0.018256
904 -0.018256
905 0.032093
906 -0.018256
907 -0.018609
908 -0.018256
909 -0.018609
910 -0.018256
911 -0.018609
912 -0.018256
913 -0.018256
914 -0.018256
915 -0.018256
916 -0.018256
917 -0.018609
918 -0.018609
919 -0.016144
920 -0.016496
921 -0.016848
922 -0.016144
923 -0.017904
924 -0.017552
925 -0.015440
926 -0.015440
927 -0.014383
928 -0.014031
929 -0.014383
930 -0.014383
931 -0.014383
932 -0.014383
933 -0.015440
934 -0.015440
935 -0.015440
936 -0.015792
937 -0.010158
938 -0.011919
939 -0.018256
940 -0.018609
941 -0.016144
942 -0.016848
943 -0.016144
944 -0.017904
945 -0.018256
946 -0.018256
947 -0.018609
948 -0.016144
949 -0.016144
950 -0.016144
951 -0.016496
952 -0.016144
953 -0.016144
954 -0.016144
955 -0.016496
956 -0.016144
957 -0.016496
958 -0.016496
959 -0.016496
960 -0.017200
961 -0.017200
962 -0.016848
963 -0.018256
964 -0.015440
965 -0.014383
966 -0.013327
967 -0.018256
968 -0.018609
969 -0.018609
970 0.026459
971 -0.018256
972 -0.017552
973 -0.018256
974 -0.018609
975 -0.018609
976 -0.018609
977 -0.018609
978 -0.013679
979 -0.014383
980 -0.015440
981 -0.017904
982 -0.018609
983 -0.016144
984 -0.018609
985 -0.015440
986 -0.018256
987 -0.018256
988 -0.018256
989 -0.018609
990 -0.016144
991 -0.016144
992 -0.016144
993 -0.016496
994 -0.018609
995 -0.016144
996 -0.016144
997 -0.018609
998 -0.016496
999 -0.016496
1000 -0.016848
1001 -0.017200
1002 -0.017200
1003 -0.013327
1004 -0.015440
1005 0.035261
1006 -0.013327
1007 -0.017904
1008 -0.018609
1009 -0.018256
1010 -0.018256
1011 -0.018256
1012 -0.018256
1013 -0.018609
1014 -0.018256
1015 -0.017552
1016 -0.006637
1017 -0.018256
1018 -0.018256
1019 -0.018256
1020 -0.013679
1021 -0.015792
1022 -0.018256
1023 -0.018609
1024 -0.018609
1025 -0.014031
1026 -0.017904
1027 -0.018609
1028 -0.018609
1029 -0.018256
1030 -0.017552
1031 -0.018256
1032 -0.018609
1033 -0.018256
1034 -0.018256
1035 -0.017552
1036 -0.018256
1037 -0.018609
1038 -0.012271
1039 0.032445
1040 -0.018256
1041 -0.016144
1042 -0.016848
1043 -0.016848
1044 -0.017904
1045 -0.014383
1046 -0.014031
1047 -0.017552
1048 -0.018609
1049 -0.017200
1050 -0.016848
1051 -0.017200
1052 -0.016848
1053 -0.005933
1054 -0.006990
1055 -0.018256
1056 -0.018609
1057 -0.018256
1058 -0.018609
1059 -0.018256
1060 -0.018609
1061 -0.013327
1062 -0.014736
1063 -0.017552
1064 -0.017552
1065 -0.017904
1066 -0.015792
1067 -0.017904
1068 -0.018609
1069 -0.018256
1070 -0.012271
1071 0.033501
1072 -0.018256
1073 -0.018609
1074 -0.018609
1075 -0.018609
1076 -0.017552
1077 -0.018256
1078 -0.017552
1079 -0.018609
1080 -0.017904
1081 -0.018256
1082 -0.016144
1083 -0.016496
1084 -0.016496
1085 -0.018256
1086 -0.018609
1087 -0.018256
1088 -0.017552
1089 -0.018256
1090 -0.018256
1091 -0.018609
1092 -0.018609
1093 -0.017552
1094 -0.018609
1095 -0.017552
1096 -0.017904
1097 -0.018256
1098 -0.018256
1099 -0.018256
1100 -0.018609
1101 -0.013679
1102 -0.015440
1103 0.034909
1104 -0.011215
1105 -0.018609
1106 -0.014383
1107 -0.018256
1108 -0.018609
1109 -0.018609
1110 -0.018609
1111 -0.018609
1112 -0.018256
1113 -0.018256
1114 -0.018609
1115 -0.018256
1116 -0.018256
1117 -0.018609
1118 -0.018609
1119 -0.018609
1120 -0.018609
1121 -0.018609
1122 -0.018609
1123 -0.016144
1124 -0.016848
1125 -0.018609
1126 -0.014383
1127 -0.014031
1128 -0.017904
1129 -0.016496
1130 -0.016496
1131 -0.016848
1132 -0.017200
1133 -0.016848
1134 -0.017200
1135 -0.017200
1136 -0.017200
1137 0.041247
1138 0.038078
1139 -0.018609
1140 -0.018256
1141 -0.018609
1142 -0.013327
1143 -0.015440
1144 -0.015440
1145 -0.017552
1146 -0.016144
1147 -0.015440
1148 -0.018256
1149 -0.018609
1150 -0.018256
1151 -0.018256
1152 -0.018609
1153 -0.018609
1154 -0.018256
1155 -0.018609
1156 -0.018609
1157 -0.018609
1158 -0.018609
1159 -0.018609
1160 -0.018256
1161 -0.018256
1162 -0.018609
1163 -0.016496
1164 -0.016848
1165 -0.016144
1166 -0.017904
1167 -0.014031
1168 -0.018609
1169 -0.013327
1170 -0.012975
1171 -0.012623
1172 0.043712
1173 -0.012975
1174 -0.012623
1175 -0.012623
1176 -0.012975
1177 -0.012975
1178 -0.016496
1179 -0.016848
1180 -0.018256
1181 -0.018609
1182 -0.018609
1183 -0.018609
1184 -0.014383
1185 -0.015792
1186 -0.017904
1187 -0.018609
1188 -0.014383
1189 -0.017552
1190 -0.017904
1191 -0.018256
1192 -0.018256
1193 -0.018256
1194 -0.018256
1195 -0.018609
1196 -0.018256
1197 -0.018256
1198 -0.018256
1199 -0.018609
1200 -0.018609
1201 -0.018256
1202 -0.012271
1203 -0.018256
1204 0.032093
1205 0.031740
1206 -0.018609
1207 0.026459
1208 -0.018256
1209 -0.017552
1210 -0.012623
1211 -0.012623
1212 -0.012623
1213 -0.012623
1214 -0.001356
1215 -0.012975
1216 -0.012975
1217 -0.016144
1218 -0.016496
1219 -0.016848
1220 -0.017200
1221 -0.018256
1222 -0.017552
1223 -0.017552
1224 -0.018609
1225 -0.014031
1226 -0.015792
1227 -0.014383
1228 -0.018609
1229 -0.015440
1230 -0.015792
1231 -0.015440
1232 -0.015440
1233 -0.015440
1234 -0.015792
1235 -0.015792
1236 -0.015792
1237 -0.010158
1238 -0.010158
1239 -0.010158
1240 -0.017552
1241 -0.017552
1242 -0.016496
1243 -0.018256
1244 -0.018609
1245 -0.018609
1246 -0.018256
1247 -0.015440
1248 -0.018609
1249 -0.018609
1250 -0.016144
1251 -0.012975
1252 -0.012975
1253 -0.012975
1254 -0.012623
1255 -0.012623
1256 -0.012975
1257 -0.012975
1258 -0.012623
1259 -0.016144
1260 -0.016144
1261 -0.017200
1262 -0.018609
1263 -0.017904
1264 -0.018256
1265 -0.018609
1266 -0.014031
1267 -0.015440
1268 -0.017904
1269 -0.013679
1270 -0.015088
1271 -0.015440
1272 -0.015792
1273 -0.015792
1274 -0.017552
1275 -0.015792
1276 -0.015792
1277 -0.015792
1278 -0.015792
1279 -0.015792
1280 -0.015792
1281 -0.017552
1282 -0.017552
1283 -0.017904
1284 -0.018256
1285 -0.018609
1286 -0.018609
1287 -0.017904
1288 -0.018609
1289 -0.017904
1290 -0.017552
1291 -0.012975
1292 -0.012975
1293 -0.001356
1294 -0.012623
1295 -0.012623
1296 -0.012623
1297 -0.012975
1298 -0.012975
1299 -0.012975
1300 -0.016144
1301 -0.016496
1302 -0.017200
1303 -0.018609
1304 -0.018256
1305 -0.018256
1306 -0.014031
1307 -0.015792
1308 -0.014383
1309 -0.018609
1310 -0.013327
1311 -0.013679
1312 -0.014383
1313 -0.014383
1314 -0.014383
1315 -0.014383
1316 -0.014383
1317 -0.015440
1318 -0.014383
1319 -0.014383
1320 -0.014383
1321 -0.015440
1322 -0.015792
1323 -0.015792
1324 -0.015440
1325 -0.015792
1326 -0.017904
1327 -0.017904
1328 -0.015440
1329 -0.018609
1330 -0.018256
1331 -0.017200
1332 -0.012623
1333 -0.001356
1334 -0.012975
1335 -0.012975
1336 -0.012623
1337 -0.012623
1338 0.043359
1339 -0.012975
1340 -0.012623
1341 -0.016144
1342 -0.016848
1343 -0.018609
1344 -0.018609
1345 -0.018609
1346 -0.018256
1347 -0.014031
1348 -0.017552
1349 -0.017904
1350 -0.018609
1351 -0.018609
1352 -0.007342
1353 -0.018609
1354 -0.013327
1355 -0.013327
1356 -0.013327
1357 -0.013327
1358 -0.013327
1359 -0.013327
1360 -0.013327
1361 -0.013327
1362 -0.013679
1363 -0.014031
1364 -0.014383
1365 -0.015440
1366 -0.015440
1367 -0.017552
1368 -0.015440
1369 -0.013327
1370 0.026459
1371 -0.006990
1372 -0.017200
1373 -0.016144
1374 -0.012975
1375 -0.016144
1376 -0.016144
1377 -0.016496
1378 -0.016496
1379 -0.016496
1380 -0.016848
1381 -0.016848
1382 -0.018256
1383 -0.018256
1384 -0.017904
1385 -0.018609
1386 -0.018609
1387 -0.013679
1388 -0.015792
1389 -0.014383
1390 -0.018256
1391 -0.018609
1392 -0.018256
1393 -0.018609
1394 -0.018609
1395 -0.018609
1396 -0.013327
1397 -0.018609
1398 -0.013327
1399 -0.018609
1400 -0.018609
1401 -0.013327
1402 -0.013327
1403 -0.013679
1404 -0.014031
1405 -0.014031
1406 -0.014736
1407 -0.015440
1408 -0.015792
1409 -0.014383
1410 -0.017904
1411 -0.018609
1412 -0.018256
1413 -0.001708
1414 -0.012623
1415 -0.012975
1416 -0.012975
1417 -0.012975
1418 -0.012623
1419 -0.012623
1420 -0.012975
1421 -0.012975
1422 -0.016144
1423 -0.016848
1424 -0.017904
1425 -0.018609
1426 -0.018609
1427 -0.018256
1428 -0.015440
1429 -0.015792
1430 -0.017904
1431 -0.017904
1432 -0.018609
1433 -0.018256
1434 -0.018256
1435 -0.018256
1436 -0.018609
1437 -0.018609
1438 -0.007342
1439 -0.007694
1440 -0.013327
1441 -0.018609
1442 -0.013327
1443 -0.013327
1444 -0.013679
1445 -0.013679
1446 -0.014383
1447 -0.015088
1448 -0.015792
1449 -0.014031
1450 -0.018609
1451 -0.016496
1452 -0.018256
1453 -0.012975
1454 -0.012975
1455 -0.012623
1456 -0.012975
1457 -0.012623
1458 -0.012623
1459 -0.012975
1460 -0.016144
1461 -0.016144
1462 -0.016848
1463 -0.016848
1464 -0.018256
1465 -0.018609
1466 -0.018609
1467 -0.018609
1468 -0.013679
1469 -0.015440
1470 -0.013327
1471 -0.018256
1472 -0.017904
1473 -0.018609
1474 -0.018609
1475 -0.018609
1476 -0.018609
1477 -0.013327
1478 -0.013327
1479 -0.013327
1480 -0.013327
1481 -0.018609
1482 -0.013679
1483 -0.013327
1484 -0.013679
1485 -0.014383
1486 -0.014383
1487 -0.015440
1488 -0.015792
1489 -0.014383
1490 -0.018609
1491 -0.018609
1492 -0.012975
1493 -0.016496
1494 -0.012975
1495 -0.012623
1496 -0.012975
1497 -0.012975
1498 -0.012975
1499 -0.012623
1500 -0.012623
1501 -0.012975
1502 0.032093
1503 -0.013327
1504 0.027867
1505 0.027163
1506 -0.017552
1507 -0.018609
1508 -0.018609
1509 -0.014383
1510 -0.014383
1511 -0.018609
1512 -0.018609
1513 -0.017904
1514 -0.018609
1515 -0.018609
1516 -0.018609
1517 -0.018256
1518 -0.018609
1519 -0.018256
1520 -0.018256
1521 -0.018256
1522 -0.018609
1523 -0.018609
1524 -0.018609
1525 -0.013327
1526 -0.018609
1527 -0.008398
1528 -0.014383
1529 -0.015440
1530 -0.013327
1531 -0.018609
1532 -0.018609
1533 -0.012623
1534 -0.012975
1535 -0.001356
1536 -0.012975
1537 0.044416
1538 -0.012623
1539 -0.011919
1540 -0.012975
1541 -0.012975
1542 -0.012975
1543 -0.012975
1544 -0.016496
1545 -0.016848
1546 -0.018609
1547 -0.017552
1548 -0.018256
1549 -0.013679
1550 -0.015440
1551 -0.018256
1552 -0.018256
1553 -0.017904
1554 -0.017904
1555 -0.018609
1556 -0.014031
1557 -0.013679
1558 -0.014031
1559 -0.014031
1560 -0.014031
1561 -0.014383
1562 -0.014031
1563 -0.014383
1564 -0.014383
1565 -0.015440
1566 -0.015440
1567 -0.015792
1568 -0.015440
1569 -0.015792
1570 0.035261
1571 -0.013679
1572 -0.006990
1573 -0.016496
1574 -0.012975
1575 -0.012623
1576 -0.012623
1577 -0.012623
1578 -0.012975
1579 -0.012623
1580 -0.012623
1581 -0.012975
1582 -0.012975
1583 -0.016144
1584 -0.016496
1585 -0.017200
1586 -0.018609
1587 -0.017552
1588 -0.018609
1589 -0.018609
1590 -0.013679
1591 -0.018609
1592 -0.018256
1593 -0.018609
1594 -0.013327
1595 -0.014383
1596 -0.015440
1597 -0.015792
1598 -0.015440
1599 -0.015440
1600 -0.015440
1601 -0.015440
1602 -0.015440
1603 -0.015440
1604 -0.015792
1605 0.034909
1606 0.034909
1607 -0.015792
1608 -0.017552
1609 -0.018256
1610 -0.018609
1611 -0.017904
1612 -0.015440
1613 -0.018609
1614 -0.016848
1615 0.003925
1616 -0.009102
1617 -0.011919
1618 -0.012623
1619 -0.012623
1620 -0.012623
1621 -0.012623
1622 -0.012975
1623 -0.012975
1624 -0.012975
1625 -0.012623
1626 -0.016144
1627 -0.016848
1628 -0.017904
1629 -0.018609
1630 -0.017552
1631 -0.018609
1632 -0.018256
1633 -0.018609
1634 -0.015440
1635 -0.015792
1636 -0.015440
1637 -0.010158
1638 -0.010158
1639 -0.015792
1640 -0.017552
1641 -0.015792
1642 -0.015792
1643 -0.017552
1644 -0.015792
1645 -0.017552
1646 -0.017552
1647 -0.017552
1648 -0.018256
1649 -0.018256
1650 -0.018256
1651 -0.018609
1652 -0.018609
1653 -0.018256
1654 -0.014031
1655 -0.016848
1656 -0.012623
1657 -0.012623
1658 -0.012975
1659 -0.012975
1660 -0.016144
1661 -0.016144
1662 -0.016496
1663 -0.016496
1664 -0.016848
1665 -0.018256
1666 -0.018609
1667 -0.018256
1668 -0.017904
1669 -0.018609
1670 -0.006637
1671 -0.007342
1672 -0.014383
1673 -0.015440
1674 -0.018256
1675 -0.015792
1676 -0.015440
1677 -0.015440
1678 -0.015792
1679 -0.015792
1680 -0.015440
1681 -0.017552
1682 -0.015792
1683 -0.015792
1684 -0.015792
1685 -0.015792
1686 -0.015792
1687 -0.017904
1688 -0.017904
1689 -0.018256
1690 -0.018609
1691 -0.017552
1692 -0.018609
1693 -0.016144
1694 -0.016144
1695 -0.018256
1696 -0.018609
1697 -0.018609
1698 -0.007342
1699 -0.018609
1700 -0.018609
1701 -0.018256
1702 -0.007342
1703 0.026811
1704 0.026459
1705 -0.006990
1706 -0.007694
1707 -0.013679
1708 -0.014031
1709 -0.014736
1710 -0.015440
1711 -0.017552
1712 -0.018256
1713 -0.017904
1714 -0.018609
1715 -0.018256
1716 -0.018256
1717 -0.018256
1718 -0.018256
1719 -0.018256
1720 -0.018609
1721 -0.018609
1722 -0.018256
1723 -0.018256
1724 -0.018609
1725 -0.018256
1726 -0.018609
1727 -0.018609
1728 -0.018256
1729 -0.018256
1730 -0.018609
1731 -0.018609
1732 -0.018609
1733 -0.016144
1734 -0.016496
1735 -0.016496
1736 -0.016144
1737 0.026811
1738 0.033501
1739 0.026459
1740 -0.018609
1741 -0.018609
1742 -0.018256
1743 -0.018256
1744 -0.018256
1745 -0.018256
1746 -0.018609
1747 -0.018609
1748 -0.018609
1749 -0.016144
1750 -0.016496
1751 -0.017200
1752 -0.018256
1753 -0.018256
1754 -0.018609
1755 -0.016496
1756 -0.016144
1757 -0.018609
1758 -0.018256
1759 -0.018609
1760 -0.018609
1761 -0.018609
1762 -0.016144
1763 -0.018609
1764 -0.018609
1765 -0.018609
1766 -0.018609
1767 -0.016144
1768 -0.018609
1769 -0.016144
1770 -0.016496
1771 0.031388
1772 -0.016848
1773 -0.016848
1774 -0.018256
1775 -0.018256
1776 -0.017200
1777 -0.016848
1778 -0.016848
1779 -0.016848
1780 -0.016848
1781 -0.016848
1782 -0.016848
1783 -0.016848
1784 -0.016848
1785 -0.017200
1786 -0.016848
1787 -0.017200
1788 -0.018256
1789 -0.018609
1790 -0.018256
1791 -0.018609
1792 -0.018609
1793 -0.017552
1794 -0.018609
1795 -0.018609
1796 -0.017200
1797 -0.016496
1798 -0.016496
1799 -0.016848
1800 -0.016496
1801 -0.016496
1802 -0.016496
1803 -0.016848
1804 -0.016496
1805 -0.016496
1806 -0.016848
1807 -0.016848
1808 -0.016848
1809 -0.016848
1810 -0.016848
1811 -0.017200
1812 -0.017200
1813 -0.018256
1814 -0.018609
1815 -0.018609
1816 -0.018256
1817 -0.018256
1818 -0.018609
1819 -0.018609
1820 -0.018256
1821 -0.018256
1822 -0.017552
1823 -0.018609
1824 -0.018256
1825 -0.018609
1826 -0.018609
1827 -0.018609
1828 -0.018256
1829 -0.018256
1830 -0.018609
1831 -0.017552
1832 -0.017904
1833 -0.017904
1834 -0.018256
1835 -0.017904
1836 -0.018256
1837 -0.018609
1838 -0.018256
1839 -0.017552
1840 -0.018609
1841 -0.018256
1842 -0.018609
1843 -0.018256
1844 -0.018609
1845 -0.018609
1846 -0.018609
1847 -0.018609
1848 -0.018609
1849 -0.018609
1850 -0.018256
1851 -0.018609
1852 -0.018609
1853 -0.018609
1854 -0.018609
1855 -0.018609
1856 -0.018609
1857 -0.018609
1858 -0.017552
1859 -0.018609
1860 -0.018609
1861 -0.017552
1862 -0.017552
1863 -0.018609
1864 -0.017552
1865 -0.017552
1866 -0.017552
1867 -0.017552
1868 -0.017552
1869 -0.017904
1870 -0.017904
1871 -0.018256
1872 -0.018609
1873 -0.018256
1874 -0.018609
1875 -0.018256
1876 -0.017904
1877 -0.017904
1878 -0.018609
1879 -0.017552
1880 -0.018609
1881 -0.017552
1882 -0.017552
1883 -0.017552
1884 -0.017552
1885 -0.017552
1886 -0.017552
1887 -0.017552
1888 -0.017552
1889 -0.018609
1890 -0.017552
1891 -0.017552
1892 -0.017552
1893 -0.017904
1894 -0.017904
1895 -0.017904
1896 -0.018609
1897 -0.018256
1898 -0.017904
1899 -0.017904
1900 -0.017904
1901 -0.017904
1902 -0.017904
1903 -0.016496
1904 -0.018256
1905 -0.018256
1906 -0.018256
1907 -0.018256
1908 -0.018256
1909 -0.018609
1910 -0.018609
1911 -0.018609
1912 -0.018609
1913 -0.018609
1914 -0.018256
1915 -0.018256
1916 -0.018609
1917 -0.018609
1918 -0.018256
1919 -0.017904
1920 -0.018256
1921 -0.017904
1922 -0.018256
1923 -0.017904
1924 -0.018256
1925 -0.018256
1926 -0.018256
1927 -0.018256
1928 -0.018256
1929 -0.018256
1930 -0.018256
1931 -0.018256
1932 -0.018256
1933 -0.018256
1934 -0.018609
1935 -0.018609
1936 -0.018609
1937 -0.018609
1938 -0.018256
1939 -0.018609
1940 -0.018609
1941 -0.018609
1942 -0.018609
1943 -0.018609
1944 -0.018609
1945 -0.018609
1946 -0.018609
1947 -0.018609
1948 -0.018256
1949 -0.018609
1950 -0.018609
1951 -0.018256
1952 -0.018609
1953 -0.018256
1954 -0.018609
1955 -0.018609
1956 -0.018609
1957 -0.018609
1958 -0.018256
1959 -0.018609
1960 -0.018609
1961 -0.018609
1962 -0.018256
1963 -0.018609
1964 -0.018256
1965 -0.018256
1966 -0.018609
1967 -0.018609
1968 -0.018609
1969 -0.018609
1970 0.027867
1971 -0.018609
1972 -0.018609
1973 -0.018609
1974 -0.018256
1975 -0.018256
1976 -0.018256
1977 -0.018609
1978 -0.018256
1979 -0.018609
1980 -0.018256
1981 -0.018256
1982 -0.018609
1983 -0.018609
1984 -0.018609
1985 -0.018256
1986 -0.018609
1987 -0.018609
1988 -0.018609
1989 -0.018609
1990 -0.018609
1991 -0.018256
1992 -0.018256
1993 -0.018256
1994 -0.018609
1995 -0.018609
1996 -0.018609
1997 -0.018609
1998 -0.018256
1999 -0.018256
2000 -0.018609
2001 -0.018609
2002 -0.018609
2003 -0.018256
2004 0.027867
2005 0.027867
2006 0.027867
2007 -0.018609
2008 -0.018609
2009 -0.018609
2010 -0.018609
2011 -0.018609
2012 -0.018609
2013 -0.018256
2014 -0.018256
2015 -0.018256
2016 -0.018256
2017 -0.018609
2018 -0.018609
2019 -0.018256
2020 -0.018256
2021 -0.017904
2022 -0.018609
2023 -0.018609
2024 -0.018609
2025 -0.018609
2026 -0.018609
2027 -0.018609
2028 -0.018609
2029 -0.018256
2030 -0.018256
2031 -0.018256
2032 -0.018256
2033 0.003573
2034 -0.018609
2035 0.003573
2036 -0.018609
2037 -0.018609
2038 -0.018256
2039 0.027163
2040 -0.018609
2041 -0.018609
2042 -0.018609
2043 -0.018256
2044 -0.018609
2045 -0.018609
2046 -0.018609
2047 -0.018609
2048 -0.018609
2049 -0.018609
2050 -0.018609
2051 -0.018609
2052 -0.018256
2053 -0.018609
2054 -0.018609
2055 -0.018256
2056 -0.017904
2057 -0.018609
2058 -0.018609
2059 -0.018609
2060 -0.018256
2061 -0.018609
2062 -0.018256
2063 -0.018256
2064 -0.018256
2065 -0.018609
2066 -0.018256
2067 -0.018256
2068 -0.018256
2069 0.026811
2070 -0.018256
2071 0.026459
2072 -0.018609
2073 -0.018609
2074 -0.018609
2075 0.003573
2076 -0.018609
2077 -0.018609
2078 0.003573
2079 -0.018256
2080 -0.018609
2081 -0.018609
2082 -0.018256
2083 -0.018256
2084 -0.018609
2085 -0.018256
2086 -0.018256
2087 -0.018256
2088 -0.018256
2089 -0.018256
2090 -0.018256
2091 -0.018256
2092 -0.018256
2093 -0.018256
2094 -0.018609
2095 -0.018609
2096 -0.018609
2097 -0.018609
2098 -0.018609
2099 -0.018256
2100 -0.018256
2101 -0.018609
2102 0.026811
2103 0.026459
2104 0.026459
2105 -0.018609
2106 -0.018256
2107 -0.018256
2108 -0.018256
2109 -0.018256
2110 -0.018609
2111 -0.018609
2112 -0.018609
2113 -0.018609
2114 0.003573
2115 0.003573
2116 0.003573
2117 0.026107
2118 -0.018609
2119 -0.018256
2120 -0.018256
2121 -0.018609
2122 -0.017904
2123 -0.018609
2124 -0.018256
2125 -0.018256
2126 -0.017552
2127 -0.018256
2128 -0.018609
2129 -0.018609
2130 -0.018256
2131 -0.018256
2132 -0.018256
2133 -0.018256
2134 -0.017552
2135 -0.018256
2136 -0.018609
2137 -0.017904
2138 -0.018256
2139 0.027163
2140 -0.018256
2141 -0.018256
2142 -0.018256
2143 -0.018256
2144 -0.018256
2145 -0.018256
2146 -0.018256
2147 -0.018256
2148 -0.018609
2149 -0.018609
2150 -0.018256
2151 -0.018609
2152 -0.018609
2153 -0.018609
2154 0.003573
2155 0.003573
2156 0.003573
2157 0.003573
2158 0.003573
2159 -0.018609
2160 -0.018609
2161 -0.017904
2162 -0.018256
2163 -0.018609
2164 -0.017904
2165 -0.018256
2166 -0.018256
2167 -0.018256
2168 -0.018609
2169 0.026811
2170 -0.017904
2171 0.026459
2172 0.027163
2173 -0.018256
2174 -0.018609
2175 -0.018609
2176 -0.018256
2177 -0.018256
2178 -0.018256
2179 -0.018256
2180 -0.018256
2181 -0.018256
2182 -0.018256
2183 -0.018256
2184 -0.018256
2185 -0.018609
2186 -0.018609
2187 -0.018609
2188 -0.018609
2189 -0.018256
2190 -0.018256
2191 -0.018609
2192 -0.018609
2193 -0.018609
2194 0.003573
2195 -0.018609
2196 0.003573
2197 0.003573
2198 0.003573
2199 0.003573
2200 -0.018609
2201 -0.018256
2202 -0.018256
2203 -0.018256
2204 -0.018256
2205 0.026459
2206 -0.018256
2207 -0.018256
2208 -0.018609
2209 -0.018256
2210 -0.018609
2211 -0.018256
2212 -0.018256
2213 -0.018609
2214 -0.018609
2215 -0.018609
2216 -0.018609
2217 -0.018256
2218 -0.018256
2219 -0.018256
2220 -0.018609
2221 -0.018609
2222 -0.018609
2223 -0.018256
2224 -0.018256
2225 -0.018256
2226 -0.018256
2227 -0.018609
2228 -0.018256
2229 -0.018609
2230 -0.018609
2231 -0.018609
2232 -0.018609
2233 -0.018609
2234 -0.018609
2235 0.003573
2236 0.003221
2237 0.003221
2238 0.026107
2239 0.026107
2240 0.003573
2241 -0.018609
2242 -0.018609
2243 -0.018256
2244 -0.018256
2245 -0.018256
2246 -0.018256
2247 -0.018256
2248 -0.018256
2249 -0.018256
2250 -0.018256
2251 -0.018256
2252 -0.018256
2253 -0.018256
2254 -0.018256
2255 -0.018256
2256 -0.018609
2257 -0.018256
2258 -0.018256
2259 -0.018609
2260 -0.018609
2261 -0.018256
2262 -0.018609
2263 -0.018256
2264 -0.018256
2265 -0.018609
2266 -0.018256
2267 -0.018256
2268 -0.018609
2269 -0.018609
2270 -0.018256
2271 0.003573
2272 -0.018609
2273 0.026107
2274 -0.018609
2275 -0.018609
2276 0.003573
2277 0.003221
2278 0.003221
2279 0.003573
2280 0.003221
2281 0.003573
2282 -0.018609
2283 -0.018256
2284 -0.018609
2285 -0.018256
2286 -0.018609
2287 -0.018256
2288 -0.018256
2289 -0.018256
2290 -0.018609
2291 -0.018609
2292 -0.018609
2293 -0.018609
2294 -0.018256
2295 -0.018609
2296 -0.018609
2297 -0.018609
2298 -0.018609
2299 -0.018609
2300 -0.018609
2301 -0.018609
2302 -0.018609
2303 -0.018609
2304 -0.018609
2305 0.026459
2306 -0.018609
2307 -0.018609
2308 -0.018609
2309 -0.018609
2310 -0.018609
2311 -0.018609
2312 -0.018609
2313 0.003573
2314 -0.018609
2315 0.003573
2316 0.003573
2317 0.003573
2318 0.003221
2319 0.003221
2320 0.025755
2321 0.003573
2322 0.003573
2323 -0.018609
2324 -0.018609
2325 -0.018609
2326 -0.018256
2327 -0.018609
2328 -0.018609
2329 -0.018609
2330 -0.018609
2331 -0.018609
2332 -0.018609
2333 -0.018256
2334 -0.018609
2335 -0.018609
2336 -0.018256
2337 -0.018256
2338 -0.018256
2339 -0.018609
2340 -0.018609
2341 -0.018609
2342 -0.018609
2343 0.003573
2344 -0.018609
2345 -0.018609
2346 -0.018609
2347 -0.018609
2348 -0.018256
2349 -0.018609
2350 -0.018609
2351 -0.018609
2352 -0.018609
2353 -0.018609
2354 -0.018609
2355 0.003573
2356 0.003221
2357 0.003221
2358 0.003573
2359 0.003221
2360 0.003573
2361 0.003573
2362 0.003573
2363 -0.018609
2364 -0.018609
2365 -0.018256
2366 0.003573
2367 -0.018256
2368 -0.018609
2369 -0.018609
2370 -0.018256
2371 -0.018609
2372 -0.018609
2373 -0.018609
2374 -0.018609
2375 -0.018609
2376 -0.018609
2377 -0.018609
2378 -0.018609
2379 -0.018609
2380 -0.018609
2381 0.003573
2382 -0.018609
2383 0.003573
2384 -0.018609
2385 -0.018609
2386 -0.018609
2387 0.003573
2388 -0.018609
2389 -0.018609
2390 -0.018609
2391 0.003573
2392 -0.018609
2393 0.003573
2394 -0.018609
2395 0.003573
2396 0.003573
2397 0.003573
2398 0.003221
2399 0.002869
2400 0.003221
2401 0.003221
2402 0.003221
2403 0.003573
2404 0.003573
2405 0.003573
2406 -0.018609
2407 -0.018609
2408 -0.018609
2409 -0.018609
2410 0.003573
2411 -0.018609
2412 -0.018609
2413 0.003573
2414 0.003573
2415 -0.018609
2416 -0.018609
2417 -0.018609
2418 -0.018609
2419 -0.018609
2420 -0.018609
2421 0.003573
2422 0.026107
2423 0.003221
2424 0.003573
2425 -0.018609
2426 -0.018609
2427 0.003573
2428 -0.018609
2429 -0.018609
2430 -0.018609
2431 0.003573
2432 0.003573
2433 -0.018609
2434 -0.018609
2435 0.003573
2436 0.003573
2437 0.003573
2438 0.025755
2439 0.003221
2440 0.003221
2441 0.003221
2442 0.003221
2443 0.003221
2444 0.003573
2445 -0.018609
2446 -0.018609
2447 -0.018609
2448 0.003573
2449 -0.018609
2450 -0.018609
2451 -0.018609
2452 -0.018609
2453 0.003573
2454 0.003573
2455 -0.018609
2456 -0.018609
2457 0.003573
2458 -0.018609
2459 -0.018609
2460 0.003573
2461 -0.018609
2462 0.026107
2463 0.003573
2464 0.003573
2465 -0.018609
2466 -0.018609
2467 0.003573
2468 0.003573
2469 -0.018609
2470 -0.018609
2471 -0.018609
2472 -0.018609
2473 0.003573
2474 -0.018609
2475 0.003573
2476 0.003573
2477 0.003573
2478 0.003573
2479 0.003221
2480 0.003221
2481 0.003221
2482 0.003221
2483 0.003221
2484 0.003221
2485 0.003573
2486 0.003573
2487 -0.018609
2488 -0.018609
2489 0.003573
2490 0.003573
2491 -0.018609
2492 0.003573
2493 -0.018609
2494 0.026107
2495 -0.018609
2496 -0.018609
2497 -0.018609
2498 -0.018609
2499 -0.018609
2500 0.003573
2501 0.003573
2502 0.003573
2503 0.003573
2504 0.003573
2505 0.026459
2506 0.003573
2507 0.003573
2508 -0.018609
2509 0.003573
2510 -0.018609
2511 -0.018609
2512 0.026107
2513 -0.018609
2514 0.003573
2515 -0.018609
2516 0.003221
2517 0.003573
2518 0.026107
2519 0.003221
2520 0.003221
2521 0.003221
2522 0.002869
2523 0.003573
2524 0.003221
2525 0.003573
2526 0.003573
2527 0.003573
2528 -0.018609
2529 -0.018609
2530 0.003573
2531 0.003573
2532 0.003573
2533 -0.018609
2534 0.026107
2535 0.003573
2536 -0.018609
2537 0.026107
2538 0.026459
2539 0.026459
2540 0.003573
2541 -0.018609
2542 0.003573
2543 0.003221
2544 0.003573
2545 -0.018609
2546 0.003573
2547 0.003573
2548 -0.018609
2549 -0.018609
2550 -0.018256
2551 -0.018609
2552 0.003573
2553 -0.018609
2554 -0.018609
2555 0.003573
2556 0.003573
2557 0.003221
2558 0.003573
2559 0.003221
2560 0.003221
2561 0.003221
2562 0.003221
2563 0.003221
2564 0.003221
2565 0.003221
2566 0.003573
2567 0.025755
2568 0.003573
2569 0.003573
2570 0.003573
2571 0.026107
2572 0.026459
2573 0.003573
2574 0.003573
2575 0.003573
2576 0.003573
2577 0.003573
2578 -0.018609
2579 -0.018609
2580 0.003573
2581 0.003573
2582 0.003573
2583 0.003573
2584 0.003573
2585 -0.018609
2586 0.003573
2587 0.003573
2588 -0.018609
2589 0.003573
2590 -0.018609
2591 -0.018609
2592 0.003573
2593 0.003573
2594 -0.018609
2595 0.003573
2596 0.003573
2597 0.003573
2598 0.003573
2599 0.003573
2600 0.003573
2601 0.002869
2602 0.003221
2603 0.002869
2604 0.003221
2605 0.003573
2606 0.026107
2607 0.003221
2608 0.003573
2609 -0.018609
2610 0.003573
2611 0.003573
2612 -0.018609
2613 -0.018609
2614 0.003573
2615 0.003573
2616 0.003573
2617 -0.018609
2618 0.003573
2619 0.003573
2620 0.003573
2621 0.003573
2622 0.003573
2623 0.003573
2624 0.026107
2625 0.003573
2626 0.003573
2627 0.003573
2628 -0.018609
2629 -0.018609
2630 -0.018609
2631 -0.018256
2632 -0.018609
2633 -0.018609
2634 0.003573
2635 -0.018609
2636 -0.018609
2637 0.003573
2638 0.026107
2639 0.003573
2640 0.003573
2641 0.003573
2642 0.003221
2643 0.003221
2644 0.003221
2645 0.003221
2646 0.003221
2647 0.003573
2648 0.003573
2649 0.003573
2650 0.003573
2651 0.003573
2652 -0.018609
2653 -0.018609
2654 0.003573
2655 0.026107
2656 0.003573
2657 0.003573
2658 0.003221
2659 0.003573
2660 0.003573
2661 -0.018609
2662 0.003573
2663 0.003573
2664 0.003573
2665 0.003573
2666 0.003573
2667 0.003573
2668 0.026107
2669 0.003573
2670 0.026459
2671 0.026459
2672 -0.018609
2673 -0.018609
2674 -0.018609
2675 -0.018609
2676 -0.018609
2677 -0.018609
2678 -0.018609
2679 -0.018609
2680 0.026107
2681 0.003573
2682 0.003573
2683 0.003221
2684 0.003221
2685 0.003221
2686 0.003221
2687 0.003573
2688 0.003221
2689 0.003573
2690 0.003573
2691 0.003573
2692 0.003573
2693 0.003573
2694 0.003573
2695 0.003573
2696 0.003573
2697 0.003221
2698 0.003573
2699 0.003573
2700 0.003573
2701 0.003573
2702 0.026459
2703 0.026107
2704 -0.018609
2705 0.003573
2706 0.003573
2707 0.003573
2708 0.003573
2709 -0.018609
2710 -0.018609
2711 -0.018256
2712 -0.018609
2713 -0.018609
2714 -0.018609
2715 -0.018256
2716 0.003573
2717 -0.018609
2718 -0.018609
2719 0.003573
2720 0.003573
2721 0.003573
2722 0.025755
2723 0.003221
2724 0.003221
2725 0.003221
2726 0.003221
2727 0.003573
2728 0.003221
2729 0.003573
2730 -0.018609
2731 0.003573
2732 0.003573
2733 0.003573
2734 0.003221
2735 0.003221
2736 0.003573
2737 0.003573
2738 0.026107
2739 0.026107
2740 0.003573
2741 0.003573
2742 0.003573
2743 0.003573
2744 0.003573
2745 0.003573
2746 -0.018609
2747 0.003573
2748 -0.018609
2749 -0.018609
2750 -0.018256
2751 -0.018609
2752 -0.018256
2753 -0.018609
2754 -0.018256
2755 -0.018256
2756 -0.018256
2757 -0.018609
2758 -0.018256
2759 -0.018256
2760 -0.018609
2761 -0.018609
2762 0.003573
2763 -0.018609
2764 0.003573
2765 0.003573
2766 0.003221
2767 0.003221
2768 0.003573
2769 0.003573
2770 0.003573
2771 0.003573
2772 0.026107
2773 0.003573
2774 0.003573
2775 0.003221
2776 0.003573
2777 0.003573
2778 0.003573
2779 0.003573
2780 0.003573
2781 0.003221
2782 0.003573
2783 0.003573
2784 0.003573
2785 0.003221
2786 0.003573
2787 0.003221
2788 0.003573
2789 0.003573
2790 -0.018609
2791 -0.018609
2792 -0.018609
2793 -0.018256
2794 -0.018256
2795 -0.018609
2796 -0.018609
2797 -0.018609
2798 -0.018609
2799 -0.018609
2800 -0.018609
2801 -0.018609
2802 -0.018609
2803 0.003573
2804 0.003573
2805 0.003221
2806 0.003221
2807 0.003221
2808 0.003221
2809 0.003221
2810 0.003573
2811 0.003221
2812 0.003221
2813 0.003573
2814 0.003221
2815 0.003573
2816 0.003221
2817 0.003573
2818 0.003221
2819 0.003573
2820 0.003573
2821 0.003573
2822 0.003573
2823 0.003573
2824 0.003573
2825 0.003573
2826 0.003573
2827 0.003573
2828 0.003573
2829 0.003573
2830 -0.018609
2831 -0.018256
2832 -0.018609
2833 -0.018256
2834 -0.018256
2835 -0.018256
2836 -0.018609
2837 -0.018609
2838 0.026107
2839 -0.018609
2840 -0.018609
2841 -0.018609
2842 -0.018609
2843 -0.018609
2844 0.003573
2845 0.003221
2846 0.003221
2847 0.003221
2848 0.003221
2849 0.003221
2850 0.003573
2851 0.003573
2852 0.003573
2853 -0.018609
2854 0.003573
2855 0.003573
2856 -0.018609
2857 0.003573
2858 0.003573
2859 0.003573
2860 0.003573
2861 0.003573
2862 0.003573
2863 0.026107
2864 0.003573
2865 0.003573
2866 0.003573
2867 0.003573
2868 0.003573
2869 0.003573
2870 0.003573
2871 0.003573
2872 -0.018609
2873 -0.018609
2874 -0.018609
2875 -0.018256
2876 -0.018609
2877 -0.018609
2878 -0.018609
2879 -0.018609
2880 -0.018609
2881 -0.018609
2882 -0.018609
2883 0.003573
2884 0.003573
2885 0.003573
2886 0.003221
2887 0.002869
2888 0.003221
2889 0.003221
2890 0.003221
2891 0.003221
2892 0.003573
2893 0.003573
2894 0.003573
2895 0.003573
2896 0.003221
2897 0.003221
2898 0.003573
2899 0.003221
2900 0.003221
2901 0.003573
2902 0.003221
2903 0.025755
2904 0.025755
2905 0.003573
2906 0.003221
2907 0.003573
2908 0.003573
2909 0.003573
2910 -0.018609
2911 -0.018609
2912 -0.018256
2913 -0.018609
2914 -0.018256
2915 -0.018256
2916 -0.018256
2917 -0.018256
2918 -0.018256
2919 -0.018256
2920 -0.018609
2921 -0.018609
2922 -0.018609
2923 -0.018609
2924 -0.018609
2925 0.003573
2926 0.003573
2927 0.003221
2928 0.003221
2929 0.003221
2930 0.003221
2931 0.003573
2932 0.003573
2933 0.003573
2934 0.003573
2935 0.003573
2936 0.003573
2937 0.003573
2938 0.026107
2939 0.003221
2940 0.003221
2941 0.003573
2942 0.003573
2943 0.003573
2944 0.003573
2945 0.003573
2946 0.003573
2947 0.003221
2948 0.003221
2949 0.003573
2950 0.003573
2951 -0.018609
2952 -0.018256
2953 -0.018256
2954 -0.018256
2955 -0.018609
2956 -0.018256
2957 -0.018609
2958 -0.018609
2959 -0.018609
2960 -0.018609
2961 -0.018609
2962 -0.018256
2963 -0.018256
2964 -0.018256
2965 -0.018609
2966 -0.018609
2967 -0.018609
2968 0.003573
2969 0.025755
2970 0.025755
2971 -0.018609
2972 -0.018609
2973 -0.018609
2974 -0.018609
2975 -0.018609
2976 -0.018609
2977 -0.018609
2978 -0.018609
2979 -0.018609
2980 0.003573
2981 -0.018609
2982 -0.018609
2983 -0.018609
2984 -0.018609
2985 -0.018609
2986 -0.018609
2987 -0.018609
2988 -0.018609
2989 -0.018609
2990 -0.018609
2991 -0.018609
2992 -0.018609
2993 -0.017904
2994 -0.018609
2995 -0.018256
2996 -0.018256
2997 -0.018256
2998 -0.018256
2999 -0.018256
3000 -0.018609
3001 -0.018609
3002 -0.018609
3003 -0.017904
3004 -0.018256
3005 -0.018256
3006 -0.018609
3007 -0.018609
3008 0.003573
3009 -0.018609
3010 0.003573
3011 0.003573
3012 -0.018609
3013 -0.018256
3014 -0.018609
3015 -0.018256
3016 -0.018609
3017 -0.018609
3018 -0.018609
3019 -0.018609
3020 -0.018609
3021 -0.018609
3022 -0.018609
3023 -0.018609
3024 -0.018609
3025 -0.018609
3026 -0.018609
3027 -0.018609
3028 -0.018609
3029 -0.018609
3030 -0.018609
3031 -0.018256
3032 -0.018256
3033 -0.018609
3034 -0.018609
3035 -0.018256
3036 -0.018256
3037 -0.018256
3038 -0.018256
3039 -0.018256
3040 -0.018609
3041 -0.018609
3042 -0.018609
3043 -0.018609
3044 -0.018609
3045 -0.018256
3046 -0.018256
3047 -0.018609
3048 -0.018609
3049 0.003573
3050 0.003573
3051 0.003573
3052 -0.018609
3053 -0.018609
3054 -0.018609
3055 -0.018609
3056 -0.018256
3057 -0.018256
3058 -0.018609
3059 -0.018609
3060 -0.018256
3061 -0.018609
3062 -0.018256
3063 -0.018256
3064 -0.018256
3065 -0.018256
3066 -0.018256
3067 -0.018256
3068 -0.018256
3069 0.026811
3070 -0.018256
3071 -0.018256
3072 -0.018256
3073 -0.018256
3074 -0.018256
3075 -0.018256
3076 -0.018256
3077 -0.018609
3078 -0.018256
3079 -0.018256
3080 -0.018256
3081 -0.017904
3082 -0.018256
3083 -0.018609
3084 -0.018609
3085 -0.018609
3086 -0.018609
3087 -0.018609
3088 -0.018609
3089 -0.018256
3090 -0.018609
3091 0.003573
3092 -0.018609
3093 0.003573
3094 -0.018609
3095 -0.018609
3096 -0.018609
3097 -0.018256
3098 -0.018256
3099 -0.018609
3100 -0.018609
3101 -0.018256
3102 0.026459
3103 -0.018256
3104 0.026459
3105 -0.018609
3106 -0.018609
3107 -0.018609
3108 -0.018609
3109 -0.018609
3110 -0.018609
3111 -0.018609
3112 -0.018256
3113 -0.018609
3114 -0.018609
3115 -0.018609
3116 -0.018256
3117 -0.018609
3118 -0.018609
3119 -0.018609
3120 -0.018256
3121 -0.017200
3122 -0.018609
3123 -0.018609
3124 -0.018256
3125 -0.018256
3126 -0.018256
3127 -0.018609
3128 -0.018609
3129 -0.018609
3130 -0.018256
3131 -0.018609
3132 -0.018609
3133 -0.018609
3134 -0.018256
3135 -0.018256
3136 -0.018256
3137 -0.018256
3138 -0.018256
3139 -0.018256
3140 -0.018256
3141 -0.018256
3142 -0.018256
3143 -0.018256
3144 -0.018256
3145 -0.018256
3146 -0.018256
3147 -0.018256
3148 -0.018256
3149 -0.018609
3150 -0.018609
3151 -0.018609
3152 -0.018609
3153 -0.018256
3154 -0.018256
3155 -0.018609
3156 -0.018256
3157 -0.018609
3158 -0.018609
3159 -0.018256
3160 -0.018609
3161 -0.018256
3162 -0.018256
3163 -0.018609
3164 -0.018256
3165 -0.018256
3166 -0.018256
3167 -0.018256
3168 -0.018256
3169 -0.018609
3170 0.026459
3171 0.026107
3172 0.026459
3173 0.026107
3174 -0.018256
3175 -0.018609
3176 -0.018256
3177 -0.018256
3178 -0.018609
3179 -0.018256
3180 -0.018256
3181 -0.018609
3182 -0.018609
3183 -0.018609
3184 -0.018609
3185 -0.018256
3186 -0.018256
3187 -0.018256
3188 -0.018256
3189 -0.018609
3190 -0.018256
3191 -0.018256
3192 -0.018256
3193 -0.018256
3194 -0.018609
3195 -0.018256
3196 -0.018256
3197 -0.018609
3198 -0.018609
3199 -0.017552
3200 -0.017904
3201 -0.018609
3202 -0.017904
3203 -0.018256
3204 -0.018256
3205 -0.018256
3206 -0.018256
3207 -0.018256
3208 -0.018609
3209 -0.018609
3210 -0.018609
3211 0.003221
3212 -0.018609
3213 -0.018609
3214 -0.018609
3215 -0.018609
3216 -0.018256
3217 -0.018256
3218 -0.018609
3219 -0.018256
3220 -0.018256
3221 -0.018256
3222 -0.017552
3223 -0.018256
3224 -0.018256
3225 -0.017552
3226 -0.018256
3227 -0.018256
3228 -0.018609
3229 -0.018256
3230 -0.018609
3231 -0.018609
3232 -0.018609
3233 -0.018609
3234 -0.018609
3235 -0.018256
3236 -0.018609
3237 -0.018256
3238 -0.017904
3239 -0.018609
3240 -0.018256
3241 -0.018609
3242 -0.018609
3243 -0.018609
3244 -0.018256
3245 -0.018609
3246 -0.018609
3247 -0.018609
3248 -0.018609
3249 -0.018609
3250 -0.018256
3251 -0.018609
3252 -0.018609
3253 -0.018609
3254 -0.018609
3255 -0.018256
3256 -0.018609
3257 -0.018609
3258 -0.018256
3259 -0.018609
3260 -0.018609
3261 -0.018256
3262 -0.018609
3263 -0.018256
3264 -0.018609
3265 -0.018609
3266 -0.018609
3267 -0.018609
3268 -0.018609
3269 -0.018256
3270 -0.018256
3271 -0.017904
3272 -0.018609
3273 -0.018609
3274 -0.018256
3275 -0.018609
3276 -0.018256
3277 -0.018609
3278 -0.018609
3279 -0.018609
3280 -0.018609
3281 -0.018256
3282 -0.018256
3283 -0.018609
3284 -0.018609
3285 -0.018609
3286 -0.018256
3287 -0.018256
3288 -0.018609
3289 -0.018609
3290 -0.018609
3291 -0.018609
3292 -0.018609
3293 -0.018609
3294 -0.018609
3295 -0.018609
3296 -0.018609
3297 -0.018609
3298 -0.018609
3299 -0.018256
3300 -0.018256
3301 -0.018609
3302 -0.018609
3303 -0.018609
3304 -0.018256
3305 -0.018609
3306 -0.018609
3307 -0.018609
3308 -0.018609
3309 -0.018256
3310 -0.018256
3311 -0.018609
3312 -0.018256
3313 -0.018609
3314 -0.018609
3315 -0.018609
3316 -0.018609
3317 -0.018609
3318 -0.018256
3319 -0.018609
3320 -0.018256
3321 -0.018609
3322 -0.018609
3323 -0.018609
3324 -0.018609
3325 -0.018609
3326 -0.018256
3327 -0.018609
3328 -0.018609
3329 -0.018256
3330 -0.018609
3331 -0.018609
3332 -0.018609
3333 -0.018609
3334 -0.018609
3335 -0.018256
3336 -0.018609
3337 -0.018609
3338 -0.017552
3339 -0.018256
3340 -0.018256
3341 -0.018256
3342 -0.018256
3343 -0.018256
3344 -0.018256
3345 -0.018609
3346 -0.018609
3347 -0.018256
3348 -0.018256
3349 -0.018256
3350 -0.018256
3351 -0.018256
3352 -0.018609
3353 -0.018609
3354 -0.017904
3355 -0.018609
3356 -0.018609
3357 -0.018256
3358 -0.018609
3359 -0.018609
3360 -0.018609
3361 -0.018609
3362 -0.018609
3363 -0.018256
3364 -0.018609
3365 -0.018609
3366 -0.018256
3367 -0.018256
3368 -0.018256
3369 -0.017552
3370 -0.018609
3371 -0.018609
3372 -0.018609
3373 -0.018609
3374 -0.018609
3375 -0.018609
3376 -0.018609
3377 -0.018609
3378 -0.018609
3379 -0.018609
3380 -0.018609
3381 -0.018256
3382 -0.018609
3383 -0.018609
3384 -0.018256
3385 -0.018609
3386 -0.018609
3387 -0.018256
3388 -0.018609
3389 -0.018256
3390 -0.018609
3391 -0.018609
3392 -0.018609
3393 -0.018256
3394 -0.018256
3395 -0.018256
3396 -0.017200
3397 -0.018609
3398 -0.018609
3399 -0.018256
3400 -0.018256
3401 -0.018256
3402 -0.018256
3403 -0.018256
3404 -0.018256
3405 -0.018609
3406 -0.018609
3407 -0.018609
3408 -0.018256
3409 -0.018609
3410 -0.017552
3411 -0.018609
3412 -0.018609
3413 -0.018609
3414 -0.018609
3415 -0.018609
3416 -0.018609
3417 -0.018256
3418 -0.018256
3419 -0.018256
3420 -0.018609
3421 -0.018256
3422 -0.018609
3423 -0.018609
3424 -0.018609
3425 -0.018609
3426 -0.018256
3427 -0.018256
3428 -0.018256
3429 -0.017552
3430 -0.018256
3431 -0.018256
3432 -0.018256
3433 -0.018256
3434 -0.018256
3435 -0.018256
3436 -0.018256
3437 -0.018609
3438 -0.017904
3439 -0.017552
3440 -0.018609
3441 -0.018609
3442 -0.018609
3443 -0.018609
3444 -0.018609
3445 -0.018609
3446 -0.018609
3447 -0.017552
3448 -0.018609
3449 -0.017552
3450 -0.017904
3451 -0.017904
3452 -0.018256
3453 -0.018256
3454 -0.018609
3455 -0.018609
3456 -0.018256
3457 -0.018256
3458 0.026811
3459 -0.018609
3460 -0.018609
3461 -0.018609
3462 -0.018609
3463 -0.018256
3464 -0.017200
3465 -0.018256
3466 -0.018609
3467 -0.018609
3468 -0.018609
3469 -0.018609
3470 -0.018609
3471 -0.018609
3472 -0.017200
3473 -0.018609
3474 -0.018609
3475 -0.018609
3476 -0.018256
3477 -0.017904
3478 -0.017552
3479 -0.018256
3480 -0.018256
3481 -0.017200
3482 -0.016848
3483 -0.016848
3484 -0.016848
3485 -0.016848
3486 -0.017200
3487 -0.016848
3488 -0.016848
3489 -0.017200
3490 -0.018256
3491 -0.018256
3492 -0.018609
3493 -0.018256
3494 -0.018609
3495 -0.017552
3496 -0.017904
3497 -0.018609
3498 -0.018609
3499 -0.018256
3500 -0.018609
3501 -0.018609
3502 -0.018609
3503 -0.018609
3504 -0.017552
3505 0.027867
3506 -0.018256
3507 -0.018256
3508 -0.018256
3509 -0.018256
3510 -0.017200
3511 -0.018609
3512 -0.018609
3513 -0.018609
3514 -0.018609
3515 -0.018609
3516 -0.018609
3517 -0.018609
3518 -0.017904
3519 -0.017552
3520 -0.018256
3521 -0.018609
3522 -0.018256
3523 -0.018609
3524 -0.018256
3525 -0.018609
3526 -0.018609
3527 -0.018609
3528 -0.018609
3529 -0.017904
3530 -0.018256
3531 -0.018256
3532 -0.018609
3533 -0.017552
3534 -0.017552
3535 -0.017904
3536 -0.018256
3537 -0.018609
3538 0.027163
3539 0.026459
3540 -0.018609
3541 -0.018256
3542 -0.017200
3543 -0.017200
3544 -0.017200
3545 -0.017200
3546 -0.017200
3547 -0.018256
3548 -0.017200
3549 -0.017200
3550 -0.017200
3551 -0.017200
3552 -0.017200
3553 -0.018256
3554 -0.018256
3555 -0.018256
3556 -0.018609
3557 -0.018609
3558 -0.018256
3559 -0.017200
3560 -0.017200
3561 -0.016848
3562 -0.016848
3563 -0.016848
3564 -0.016848
3565 -0.017200
3566 -0.017200
3567 -0.017200
3568 -0.016848
3569 0.027867
3570 0.031036
3571 -0.017552
3572 0.027515
3573 -0.017904
3574 -0.018256
3575 -0.018609
3576 -0.015792
3577 -0.017552
3578 -0.017552
3579 -0.018609
3580 -0.018609
3581 -0.018609
3582 -0.018609
3583 -0.018256
3584 -0.018609
3585 -0.018609
3586 -0.018609
3587 -0.018609
3588 -0.018256
3589 -0.018256
3590 -0.018256
3591 -0.018256
3592 -0.018256
3593 -0.018256
3594 -0.018609
3595 -0.018256
3596 -0.018256
3597 -0.018609
3598 -0.018609
3599 -0.018256
3600 -0.018256
3601 -0.016848
3602 -0.018609
3603 -0.016144
3604 0.032093
3605 -0.018609
3606 -0.012975
3607 -0.016144
3608 -0.018609
3609 -0.016144
3610 -0.016144
3611 -0.016496
3612 -0.016496
3613 -0.016496
3614 -0.018256
3615 -0.018256
3616 -0.018609
3617 -0.018609
3618 -0.018609
3619 -0.018609
3620 -0.018609
3621 -0.018256
3622 -0.018609
3623 -0.018256
3624 -0.018609
3625 -0.018609
3626 -0.018609
3627 -0.018256
3628 -0.018609
3629 -0.018256
3630 -0.018609
3631 -0.018609
3632 -0.018609
3633 -0.018609
3634 -0.018609
3635 -0.018256
3636 -0.018609
3637 -0.018609
3638 -0.018256
3639 -0.017904
3640 -0.018609
3641 -0.018256
3642 -0.017200
3643 -0.017200
3644 -0.016496
3645 -0.016848
3646 -0.016496
3647 -0.016848
3648 -0.016848
3649 0.028220
3650 -0.017200
3651 -0.016848
3652 -0.016848
3653 -0.018256
3654 -0.018609
3655 -0.018256
3656 -0.018256
3657 -0.018256
3658 -0.018609
3659 -0.018609
3660 -0.016848
3661 -0.018609
3662 -0.018609
3663 -0.018609
3664 -0.018256
3665 -0.018256
3666 -0.018609
3667 -0.018256
3668 -0.018256
3669 -0.018609
3670 -0.018256
3671 0.032445
3672 0.032093
3673 -0.018256
3674 -0.018609
3675 -0.018609
3676 -0.016144
3677 -0.016496
3678 -0.016496
3679 -0.016144
3680 -0.016144
3681 -0.016144
3682 -0.018609
3683 -0.018256
3684 -0.018609
3685 -0.018256
3686 -0.018609
3687 -0.018609
3688 -0.018609
3689 -0.018609
3690 -0.016144
3691 -0.016144
3692 -0.016144
3693 -0.016496
3694 -0.017200
3695 -0.017200
3696 -0.018256
3697 -0.018256
3698 -0.018609
3699 -0.018256
3700 -0.017200
3701 -0.016496
3702 0.028924
3703 -0.016144
3704 0.026459
3705 -0.013327
3706 -0.016144
3707 -0.016144
3708 -0.016144
3709 -0.016496
3710 -0.016144
3711 -0.016144
3712 -0.016144
3713 -0.016496
3714 -0.016496
3715 -0.016496
3716 -0.016496
3717 -0.016848
3718 -0.017200
3719 -0.017200
3720 -0.017200
3721 -0.016144
3722 -0.018256
3723 -0.017904
3724 -0.015792
3725 -0.015792
3726 -0.015792
3727 -0.015792
3728 -0.015792
3729 -0.017552
3730 -0.017552
3731 -0.017552
3732 -0.017904
3733 -0.017904
3734 -0.018256
3735 -0.018609
3736 -0.018256
3737 -0.018256
3738 0.026459
3739 -0.013327
3740 -0.016496
3741 -0.017200
3742 -0.016848
3743 -0.016848
3744 -0.016848
3745 -0.016848
3746 -0.016848
3747 -0.016848
3748 -0.016848
3749 -0.017200
3750 -0.016848
3751 -0.017200
3752 -0.017200
3753 -0.016848
3754 -0.016848
3755 -0.016848
3756 -0.016848
3757 -0.017200
3758 -0.017200
3759 -0.017200
3760 -0.016848
3761 -0.016144
3762 -0.018256
3763 -0.018256
3764 -0.015792
3765 -0.015440
3766 -0.015792
3767 -0.015792
3768 -0.015440
3769 -0.015792
3770 -0.015088
3771 -0.015440
3772 -0.015440
3773 -0.015792
3774 -0.015792
3775 -0.017552
3776 -0.017904
3777 -0.018609
3778 -0.018256
3779 -0.018256
3780 -0.018609
3781 -0.016496
3782 -0.016144
3783 -0.018609
3784 -0.018256
3785 -0.018609
3786 -0.018609
3787 -0.018609
3788 -0.018256
3789 -0.018256
3790 -0.018609
3791 -0.018256
3792 -0.017200
3793 -0.018256
3794 -0.018256
3795 -0.018256
3796 -0.018256
3797 -0.018256
3798 -0.017552
3799 -0.018609
3800 -0.018609
3801 -0.018609
3802 -0.017904
3803 -0.018256
3804 0.027867
3805 -0.017552
3806 -0.018256
3807 -0.018256
3808 -0.018256
3809 -0.018256
3810 -0.018256
3811 -0.018609
3812 -0.018256
3813 -0.018609
3814 -0.018609
3815 -0.018256
3816 -0.018609
3817 -0.016144
3818 -0.016144
3819 -0.016496
3820 -0.016496
3821 -0.018609
3822 -0.018609
3823 -0.018609
3824 -0.018609
3825 -0.018609
3826 -0.018609
3827 -0.018609
3828 -0.018609
3829 -0.018609
3830 -0.018609
3831 -0.018609
3832 -0.018609
3833 -0.018609
3834 -0.018256
3835 -0.018256
3836 -0.018609
3837 -0.018609
3838 -0.017904
3839 -0.018609
3840 -0.018256
3841 -0.018256
3842 -0.018609
3843 -0.018609
3844 -0.018256
3845 -0.017904
3846 -0.015792
3847 -0.015792
3848 -0.015792
3849 -0.015792
3850 -0.015792
3851 -0.017552
3852 -0.017552
3853 -0.017552
3854 -0.017552
3855 -0.017904
3856 -0.018256
3857 -0.018609
3858 -0.018609
3859 -0.018609
3860 -0.018256
3861 -0.016144
3862 -0.016496
3863 -0.016848
3864 -0.016496
3865 -0.016496
3866 -0.016144
3867 -0.016496
3868 -0.016848
3869 -0.016144
3870 -0.013679
3871 -0.013679
3872 -0.013679
3873 -0.016496
3874 -0.016496
3875 -0.016496
3876 -0.016496
3877 -0.016848
3878 -0.016848
3879 -0.016848
3880 -0.016848
3881 -0.016848
3882 -0.016848
3883 -0.016144
3884 -0.018609
3885 -0.015440
3886 -0.014383
3887 -0.014383
3888 -0.014031
3889 -0.013679
3890 -0.014031
3891 -0.014031
3892 -0.014383
3893 -0.014383
3894 -0.015440
3895 -0.015792
3896 -0.015792
3897 -0.015792
3898 -0.017552
3899 -0.017904
3900 -0.018609
3901 -0.018609
3902 -0.018256
3903 -0.018609
3904 -0.018609
3905 -0.018256
3906 -0.018609
3907 -0.018609
3908 -0.018609
3909 -0.018609
3910 -0.018609
3911 -0.016144
3912 -0.018609
3913 -0.018609
3914 -0.018609
3915 -0.018609
3916 -0.018609
3917 -0.016144
3918 -0.018609
3919 -0.016144
3920 -0.016144
3921 -0.018609
3922 -0.018609
3923 -0.018609
3924 -0.015792
3925 -0.013679
3926 -0.018256
3927 -0.018609
3928 -0.018609
3929 -0.018609
3930 -0.018609
3931 -0.018609
3932 -0.018256
3933 -0.018256
3934 -0.018256
3935 -0.018609
3936 -0.013327
3937 -0.014031
3938 -0.014383
3939 -0.015792
3940 -0.015792
3941 -0.017904
3942 -0.017904
3943 -0.015792
3944 -0.017552
3945 -0.017904
3946 -0.018256
3947 -0.017904
3948 -0.017904
3949 -0.017904
3950 -0.018609
3951 -0.018609
3952 -0.018256
3953 -0.017904
3954 -0.017904
3955 -0.018256
3956 -0.018256
3957 -0.018256
3958 -0.018609
3959 -0.018609
3960 -0.018256
3961 -0.018256
3962 -0.018256
3963 -0.018256
3964 -0.017552
3965 -0.014383
3966 -0.018609
3967 -0.018609
3968 -0.018256
3969 -0.018256
3970 -0.018609
3971 -0.018256
3972 -0.018256
3973 -0.018609
3974 -0.013327
3975 -0.013679
3976 -0.013679
3977 -0.014031
3978 -0.014383
3979 -0.015792
3980 -0.015792
3981 -0.015792
3982 -0.017904
3983 -0.018256
3984 -0.015440
3985 -0.014031
3986 -0.013327
3987 -0.013327
3988 -0.013679
3989 -0.013679
3990 -0.014031
3991 -0.014031
3992 -0.014031
3993 -0.014383
3994 -0.014383
3995 -0.014031
3996 -0.014383
3997 -0.014383
3998 -0.015440
3999 -0.015440
4000 -0.015792
4001 -0.015792
4002 -0.009806
4003 -0.015792
4004 -0.010510
4005 0.027515
4006 -0.010863
4007 -0.018256
4008 -0.017904
4009 -0.017904
4010 -0.017904
4011 -0.018256
4012 -0.018256
4013 -0.018609
4014 -0.018609
4015 -0.018609
4016 -0.018609
4017 -0.018609
4018 -0.018256
4019 -0.018256
4020 -0.018609
4021 -0.018256
4022 -0.018256
4023 -0.018256
4024 -0.018609
4025 -0.018256
4026 -0.018256
4027 -0.018256
4028 -0.017552
4029 -0.018256
4030 -0.018609
4031 -0.017552
4032 -0.018256
4033 -0.018256
4034 -0.017552
4035 -0.018609
4036 -0.018256
4037 -0.018256
4038 -0.018256
4039 -0.018609
4040 -0.018256
4041 -0.018256
4042 -0.018256
4043 -0.018609
4044 -0.018256
4045 -0.018609
4046 -0.018609
4047 -0.018609
4048 -0.018609
4049 -0.018609
4050 -0.018256
4051 -0.018609
4052 -0.018609
4053 -0.018609
4054 -0.018609
4055 -0.017552
4056 -0.018609
4057 -0.018609
4058 -0.018256
4059 -0.018256
4060 -0.018609
4061 -0.015440
4062 0.004277
4063 0.015192
4064 -0.001356
4065 0.003925
4066 -0.013327
4067 -0.018256
4068 -0.014383
4069 0.050049
4070 0.007798
4071 -0.008046
4072 0.167296
4073 -0.018609
4074 -0.017904
4075 -0.018256
4076 -0.018256
4077 -0.018609
4078 -0.018609
4079 -0.018256
4080 -0.018256
4081 -0.018609
4082 -0.018609
4083 -0.018256
4084 -0.018256
4085 -0.013327
4086 -0.013679
4087 -0.014383
4088 -0.014383
4089 -0.015792
4090 -0.015792
4091 -0.018256
4092 -0.017904
4093 -0.018256
4094 -0.016144
4095 -0.016496
4096 -0.017200
4097 -0.017200
4098 -0.018256
4099 -0.018609
4100 -0.018256
4101 0.156029
4102 0.094061
4103 0.061316
4104 0.214828
4105 0.202153
4106 -0.012975
4107 -0.018256
4108 -0.018256
4109 0.071527
4110 -0.016144
4111 0.071527
4112 0.016953
4113 0.007798
4114 0.004629
4115 0.005686
4116 0.004277
4117 0.004982
4118 0.003925
4119 -0.008750
4120 -0.012623
4121 -0.016144
4122 -0.018609
4123 -0.018609
4124 -0.013679
4125 -0.017904
4126 -0.018256
4127 -0.016144
4128 -0.016848
4129 -0.018609
4130 -0.018609
4131 -0.017904
4132 -0.018256
4133 -0.018609
4134 0.001461
4135 0.002517
4136 0.001109
4137 0.002517
4138 0.205321
4139 0.026811
4140 -0.015440
4141 0.072231
4142 0.036318
4143 -0.018256
4144 -0.018609
4145 -0.018256
4146 -0.013679
4147 -0.018609
4148 -0.010158
4149 0.048993
4150 0.026459
4151 0.001109
4152 -0.007342
4153 -0.006637
4154 -0.006990
4155 -0.006637
4156 -0.006637
4157 0.015544
4158 -0.006990
4159 -0.006637
4160 -0.004877
4161 0.001461
4162 0.027867
4163 0.028572
4164 0.060612
4165 -0.017200
4166 -0.017552
4167 -0.016144
4168 -0.012975
4169 -0.018256
4170 -0.008398
4171 -0.018256
4172 0.166239
4173 -0.018256
4174 0.068710
4175 0.061668
4176 0.051810
4177 0.049345
4178 0.035261
4179 0.027515
4180 0.026811
4181 0.026811
4182 0.028572
4183 0.026459
4184 0.002869
4185 0.032797
4186 0.002869
4187 0.004629
4188 -0.012623
4189 -0.016144
4190 -0.018609
4191 0.066598
4192 0.062725
4193 0.061668
4194 0.060612
4195 0.060260
4196 0.060964
4197 0.060612
4198 0.061316
4199 0.054274
4200 0.053922
4201 0.060260
4202 0.061316
4203 0.165887
4204 0.070118
4205 -0.018256
4206 -0.017552
4207 -0.018256
4208 -0.017904
4209 -0.012975
4210 0.050753
4211 0.062372
4212 0.060612
4213 0.060260
4214 0.060612
4215 0.057443
4216 0.050401
4217 0.034909
4218 0.026459
4219 0.026811
4220 0.026459
4221 -0.001356
4222 0.001461
4223 0.001461
4224 -0.005933
4225 0.002869
4226 -0.018256
4227 0.028924
4228 -0.018609
4229 -0.016144
4230 0.052162
4231 -0.018609
4232 -0.017552
4233 -0.001356
4234 0.017305
4235 -0.005581
4236 -0.004877
4237 0.002517
4238 -0.018609
4239 -0.012623
4240 0.006742
4241 0.071527
4242 0.074344
4243 0.084906
4244 0.071527
4245 0.001109
4246 0.003221
4247 -0.016496
4248 -0.008398
4249 0.003925
4250 0.003925
4251 0.005334
4252 0.004277
4253 0.003925
4254 0.004277
4255 -0.018256
4256 -0.018256
4257 -0.007342
4258 -0.018609
4259 -0.012271
4260 0.021178
4261 0.060260
4262 0.051458
4263 -0.017552
4264 -0.015792
4265 -0.012623
4266 -0.016144
4267 0.027163
4268 0.069062
4269 -0.018609
4270 -0.018609
4271 -0.018256
4272 0.026811
4273 0.032445
4274 0.030684
4275 0.029276
4276 0.026811
4277 0.026459
4278 0.026459
4279 0.026811
4280 0.027867
4281 0.026459
4282 0.026459
4283 0.027163
4284 0.028924
4285 -0.017904
4286 0.060612
4287 0.053218
4288 -0.011919
4289 -0.018256
4290 0.065893
4291 0.060260
4292 0.053570
4293 0.051810
4294 0.051810
4295 0.049697
4296 0.049345
4297 0.050753
4298 0.049345
4299 0.035261
4300 0.026459
4301 0.027867
4302 -0.001004
4303 -0.005933
4304 0.031740
4305 0.026811
4306 -0.001708
4307 0.032445
4308 0.002517
4309 0.060612
4310 -0.017552
4311 -0.005933
4312 -0.006285
4313 -0.015440
4314 -0.015792
4315 -0.017552
4316 -0.017904
4317 -0.017904
4318 -0.018256
4319 -0.018256
4320 -0.018609
4321 -0.016496
4322 -0.018609
4323 -0.008750
4324 0.003925
4325 -0.018256
4326 -0.016848
4327 -0.017904
4328 0.015192
4329 -0.018609
4330 -0.017200
4331 -0.015440
4332 -0.018609
4333 -0.018609
4334 -0.016144
4335 -0.016144
4336 -0.016496
4337 -0.016496
4338 -0.016848
4339 -0.016848
4340 -0.018609
4341 -0.017552
4342 -0.018609
4343 0.025051
4344 0.020826
4345 0.015544
4346 0.016601
4347 0.021882
4348 -0.017904
4349 -0.018256
4350 -0.017552
4351 -0.017904
4352 -0.018256
4353 0.025051
4354 -0.018256
4355 -0.017904
4356 -0.017904
4357 -0.018256
4358 -0.018256
4359 -0.018256
4360 -0.018609
4361 -0.018609
4362 0.026107
4363 0.023642
4364 0.021178
4365 0.017305
4366 0.025755
4367 -0.018609
4368 -0.018609
4369 -0.016496
4370 0.016953
4371 -0.018609
4372 -0.017200
4373 -0.012975
4374 -0.012623
4375 -0.012271
4376 -0.012975
4377 -0.016144
4378 -0.016144
4379 -0.016496
4380 -0.017200
4381 -0.018256
4382 -0.018256
4383 -0.018609
4384 -0.015792
4385 -0.018609
4386 -0.018256
4387 0.020826
4388 -0.017904
4389 -0.018256
4390 -0.018609
4391 0.015192
4392 0.015192
4393 0.015192
4394 -0.018256
4395 -0.018256
4396 0.025051
4397 0.025051
4398 0.023994
4399 0.023994
4400 0.023994
4401 0.023642
4402 0.023642
4403 0.021882
4404 0.021530
4405 0.020826
4406 0.023994
4407 -0.018256
4408 -0.018609
4409 0.020826
4410 -0.017904
4411 -0.017552
4412 -0.017904
4413 -0.018256
4414 0.025403
4415 0.025051
4416 0.023994
4417 0.023642
4418 0.024347
4419 0.023994
4420 0.023642
4421 0.021530
4422 0.020826
4423 0.020826
4424 0.015896
4425 0.008150
4426 0.015192
4427 0.015192
4428 -0.017904
4429 -0.017552
4430 -0.015792
4431 0.031740
4432 -0.012975
4433 -0.012623
4434 -0.015792
4435 -0.018609
4436 -0.018609
4437 0.026107
4438 0.025755
4439 0.025755
4440 0.025403
4441 0.025403
4442 0.023994
4443 0.023994
4444 0.021530
4445 0.020826
4446 0.017657
4447 0.016953
4448 -0.018609
4449 -0.010158
4450 -0.008046
4451 -0.018256
4452 -0.018256
4453 -0.018609
4454 -0.015440
4455 -0.018256
4456 -0.018256
4457 -0.018609
4458 -0.016144
4459 -0.016496
4460 -0.016848
4461 -0.018256
4462 -0.018609
4463 -0.017904
4464 0.026107
4465 0.021530
4466 0.021178
4467 -0.016848
4468 -0.012623
4469 -0.012623
4470 0.002517
4471 -0.012623
4472 -0.015440
4473 -0.018256
4474 -0.012623
4475 -0.017904
4476 -0.017904
4477 -0.018609
4478 -0.018609
4479 -0.018256
4480 -0.018609
4481 -0.018256
4482 -0.018256
4483 -0.018609
4484 -0.013327
4485 -0.015440
4486 -0.017552
4487 -0.018256
4488 -0.013327
4489 -0.015792
4490 -0.018256
4491 0.021530
4492 -0.017200
4493 -0.012975
4494 -0.012271
4495 -0.016144
4496 -0.017200
4497 -0.018609
4498 -0.018256
4499 -0.018609
4500 -0.018609
4501 -0.017552
4502 -0.017904
4503 -0.005581
4504 -0.006990
4505 -0.013327
4506 -0.017904
4507 -0.017200
4508 -0.018609
4509 -0.018256
4510 0.017657
4511 -0.018256
4512 -0.011919
4513 -0.018256
4514 -0.017552
4515 -0.018609
4516 -0.015792
4517 -0.018609
4518 -0.016496
4519 -0.017200
4520 -0.017200
4521 -0.017200
4522 -0.017200
4523 -0.017200
4524 -0.018609
4525 -0.018609
4526 -0.018609
4527 0.025755
4528 0.023994
4529 -0.018256
4530 -0.017200
4531 -0.017200
4532 0.023642
4533 -0.018256
4534 0.020826
4535 0.016601
4536 0.017657
4537 0.020826
4538 0.065189
4539 0.017305
4540 0.017305
4541 0.016953
4542 0.016953
4543 0.016953
4544 0.016601
4545 0.015192
4546 0.015896
4547 0.015544
4548 0.008150
4549 0.008150
4550 0.006742
4551 -0.009806
4552 -0.012975
4553 -0.017552
4554 -0.018609
4555 0.025051
4556 0.020826
4557 0.023642
4558 0.023642
4559 0.023642
4560 0.023642
4561 0.023642
4562 0.021882
4563 0.021882
4564 0.021882
4565 0.021178
4566 0.021178
4567 0.020826
4568 0.015192
4569 0.016601
4570 0.068710
4571 -0.018609
4572 -0.010158
4573 -0.017552
4574 -0.013679
4575 -0.015792
4576 0.025403
4577 0.023642
4578 0.021882
4579 0.021178
4580 0.021530
4581 0.021178
4582 0.021178
4583 0.021178
4584 0.020826
4585 0.020826
4586 0.021178
4587 0.017305
4588 0.015192
4589 0.015544
4590 0.016248
4591 0.020826
4592 0.015896
4593 0.026107
4594 -0.009806
4595 -0.018609
4596 -0.016144
4597 -0.018256
4598 -0.014736
4599 -0.015440
4600 -0.015440
4601 -0.015440
4602 -0.017552
4603 -0.010158
4604 -0.010158
4605 -0.010510
4606 -0.017904
4607 -0.018609
4608 -0.018609
4609 -0.018609
4610 -0.018256
4611 -0.018256
4612 -0.018609
4613 -0.011919
4614 -0.018256
4615 -0.018256
4616 0.021178
4617 0.015544
4618 0.015896
4619 0.015544
4620 0.015544
4621 0.015192
4622 0.015544
4623 0.015544
4624 0.015544
4625 0.015544
4626 0.009207
4627 0.008855
4628 0.006742
4629 0.003925
4630 0.003925
4631 0.008502
4632 -0.018609
4633 -0.009806
4634 -0.016144
4635 0.025051
4636 0.023994
4637 0.023642
4638 0.021178
4639 0.017657
4640 0.017305
4641 0.017305
4642 0.016953
4643 0.016601
4644 0.017305
4645 0.016601
4646 0.016601
4647 0.015544
4648 0.015544
4649 0.015896
4650 0.015544
4651 0.021178
4652 -0.018256
4653 -0.017200
4654 -0.015792
4655 -0.017200
4656 0.015192
4657 0.015192
4658 0.015192
4659 0.015192
4660 0.009207
4661 0.008855
4662 0.008855
4663 0.008855
4664 0.008855
4665 0.008502
4666 0.008502
4667 0.008150
4668 0.007094
4669 0.056387
4670 0.004277
4671 0.052162
4672 0.053218
4673 0.015192
4674 -0.018609
4675 -0.018256
4676 -0.017904
4677 -0.017904
4678 -0.015792
4679 -0.017904
4680 -0.018609
4681 -0.018609
4682 -0.018256
4683 -0.018609
4684 -0.018256
4685 -0.018256
4686 -0.018609
4687 -0.018609
4688 -0.018256
4689 -0.016496
4690 -0.018609
4691 -0.018609
4692 -0.018256
4693 -0.017200
4694 0.025755
4695 0.021178
4696 0.021178
4697 0.015192
4698 0.008855
4699 0.008855
4700 0.008150
4701 0.008150
4702 0.053570
4703 0.013784
4704 0.053218
4705 0.053218
4706 0.007094
4707 0.006742
4708 0.007094
4709 0.004982
4710 0.004277
4711 0.006038
4712 0.005334
4713 0.004277
4714 0.009207
4715 0.023994
4716 0.020826
4717 0.021530
4718 0.021530
4719 0.020826
4720 0.020826
4721 0.021178
4722 0.020826
4723 0.020826
4724 0.021882
4725 0.020826
4726 0.021178
4727 0.021178
4728 0.020826
4729 0.020826
4730 0.021178
4731 0.017305
4732 0.016601
4733 0.016601
4734 0.015192
4735 0.015192
4736 0.016601
4737 0.020826
4738 0.066598
4739 0.021530
4740 0.021178
4741 0.020826
4742 0.020826
4743 0.021882
4744 0.021178
4745 0.020826
4746 0.020826
4747 0.020826
4748 0.021178
4749 0.017305
4750 0.015192
4751 0.015544
4752 0.007094
4753 0.004277
4754 0.005686
4755 0.017305
4756 0.015544
4757 0.015544
4758 0.016953
4759 0.020826
4760 0.021178
4761 0.021178
4762 0.020826
4763 0.020826
4764 0.020826
4765 0.020826
4766 0.021178
4767 0.020826
4768 0.021178
4769 0.020826
4770 0.017657
4771 0.016601
4772 0.015544
4773 0.015192
4774 0.025755
4775 0.021178
4776 0.020826
4777 0.016953
4778 0.020826
4779 0.021178
4780 0.021178
4781 0.020826
4782 0.021178
4783 0.020826
4784 0.021178
4785 0.020826
4786 0.021178
4787 0.021178
4788 0.020826
4789 0.020826
4790 0.017305
4791 0.015544
4792 0.015544
4793 0.008150
4794 0.007094
4795 0.015192
4796 0.008150
4797 -0.018256
4798 -0.015440
4799 -0.018256
4800 -0.018609
4801 -0.018609
4802 -0.013327
4803 -0.013679
4804 -0.014031
4805 -0.008046
4806 -0.014031
4807 -0.014031
4808 -0.014383
4809 -0.015792
4810 -0.015440
4811 -0.018256
4812 -0.016848
4813 -0.018609
4814 -0.018609
4815 -0.017904
4816 0.020826
4817 0.016953
4818 0.021530
4819 0.015544
4820 0.015544
4821 0.016248
4822 0.015544
4823 0.015192
4824 0.015192
4825 0.015192
4826 0.015544
4827 0.015544
4828 0.015192
4829 0.015192
4830 0.008855
4831 0.007094
4832 0.004629
4833 0.003925
4834 0.005334
4835 0.003925
4836 0.004277
4837 0.008855
4838 0.016953
4839 0.021178
4840 0.020826
4841 0.021178
4842 0.021530
4843 0.021530
4844 0.021178
4845 0.021530
4846 0.021178
4847 0.021178
4848 0.021178
4849 0.020826
4850 0.021178
4851 0.020826
4852 0.017305
4853 0.015192
4854 0.015544
4855 0.008502
4856 0.008855
4857 0.023994
4858 0.004277
4859 0.004982
4860 0.004277
4861 0.003925
4862 0.003925
4863 0.003925
4864 0.003925
4865 0.003925
4866 0.004277
4867 0.004277
4868 0.003925
4869 0.004277
4870 0.003925
4871 0.048993
4872 -0.008398
4873 -0.010158
4874 -0.011919
4875 -0.011919
4876 0.004277
4877 0.015192
4878 0.007094
4879 0.004629
4880 0.004982
4881 0.006742
4882 0.006742
4883 0.006742
4884 0.006742
4885 0.006742
4886 0.006742
4887 0.004982
4888 0.004982
4889 0.004982
4890 0.004982
4891 0.003925
4892 0.004277
4893 0.006390
4894 0.003925
4895 0.003925
4896 0.005334
4897 0.004277
4898 0.003925
4899 0.005334
4900 0.003925
4901 0.004629
4902 0.004277
4903 0.003925
4904 0.003925
4905 0.003925
4906 0.003925
4907 0.003925
4908 0.003925
4909 0.004277
4910 0.004277
4911 0.003925
4912 -0.008046
4913 -0.008750
4914 -0.009806
4915 -0.011919
4916 -0.008398
4917 0.005334
4918 0.005686
4919 0.004277
4920 0.003925
4921 0.003925
4922 0.003925
4923 0.003925
4924 0.003925
4925 0.003925
4926 0.004277
4927 0.003925
4928 0.003925
4929 0.003925
4930 0.004277
4931 0.004277
4932 0.004982
4933 0.004277
4934 0.003925
4935 -0.008398
4936 0.003925
4937 0.004277
4938 0.003925
4939 0.003925
4940 -0.008750
4941 -0.010158
4942 -0.010158
4943 -0.011919
4944 -0.011919
4945 -0.012271
4946 -0.012271
4947 -0.011919
4948 -0.012271
4949 -0.011919
4950 -0.012271
4951 -0.012623
4952 -0.012975
4953 -0.012623
4954 -0.012623
4955 -0.012975
4956 -0.016496
4957 -0.016144
4958 -0.012623
4959 -0.010158
4960 -0.008750
4961 -0.008750
4962 -0.008750
4963 -0.008750
4964 -0.008750
4965 -0.008750
4966 -0.008750
4967 -0.009806
4968 -0.008750
4969 -0.008750
4970 -0.009806
4971 -0.008750
4972 -0.010158
4973 -0.010158
4974 -0.010158
4975 -0.011919
4976 -0.011919
4977 -0.010158
4978 -0.011919
4979 -0.011919
4980 -0.010158
4981 -0.008750
4982 -0.008750
4983 -0.008398
4984 -0.008750
4985 -0.008750
4986 -0.008750
4987 -0.008750
4988 -0.008750
4989 -0.008750
4990 -0.008750
4991 -0.009806
4992 -0.010158
4993 -0.010158
4994 -0.011919
4995 -0.012623
4996 -0.012623
4997 -0.016848
4998 -0.016496
4999 -0.012975
5000 -0.012975
