0 2.548214
1 2.550857
2 2.550505
3 2.548566
4 2.551738
5 2.551210
6 2.546980
7 2.551033
8 2.551386
9 2.554206
10 1.064557
11 1.064733
12 2.557025
13 1.065967
14 2.514026
15 2.561431
16 2.559492
17 2.560726
18 2.560726
19 2.559492
20 2.559492
21 2.556144
22 2.556497
23 2.555263
24 2.556144
25 2.558611
26 2.560373
27 2.561255
28 2.558964
29 2.560373
30 2.559140
31 2.558611
32 2.559492
33 2.563898
34 2.564779
35 2.561078
36 2.564427
37 2.561607
38 2.564074
39 2.564250
40 2.567599
41 2.562312
42 2.561960
43 2.562664
44 2.561783
45 2.562312
46 2.562664
47 2.559140
48 2.561960
49 2.559845
50 2.560021
51 2.561431
52 2.561431
53 2.562488
54 2.561078
55 2.563369
56 2.563546
57 2.564955
58 2.566541
59 2.566894
60 2.565132
61 2.567599
62 2.566013
63 2.562841
64 2.563722
65 2.561078
66 2.558435
67 2.560197
68 2.560021
69 2.561255
70 2.557554
71 2.554910
72 2.555792
73 2.558964
74 2.558787
75 2.561431
76 2.559140
77 2.559669
78 2.557378
79 2.560726
80 2.558964
81 2.558964
82 2.560726
83 2.562136
84 2.559316
85 2.557025
86 2.558435
87 2.558259
88 2.554206
89 2.554206
90 2.554029
91 2.553853
92 2.553853
93 2.555792
94 2.551210
95 2.549447
96 2.550329
97 2.551033
98 2.546452
99 2.549447
100 2.549271
101 2.552972
102 2.556320
103 2.558083
104 2.555615
105 2.554910
106 2.551738
107 2.554558
108 2.555263
109 2.555263
110 2.553853
111 2.553677
112 2.552972
113 2.548743
114 2.549447
115 2.549095
116 2.547685
117 2.548390
118 2.551738
119 2.546980
120 2.551386
121 2.553324
122 2.554734
123 2.555263
124 2.555439
125 2.560902
126 2.558083
127 2.557730
128 2.558259
129 2.560550
130 2.557025
131 2.559492
132 2.558964
133 2.562136
134 2.557730
135 2.552620
136 2.557025
137 2.557025
138 2.556144
139 2.558787
140 2.555615
141 2.559316
142 2.557201
143 2.555968
144 2.558611
145 2.556320
146 2.560726
147 2.560373
148 2.564603
149 2.561607
150 2.564955
151 2.562312
152 2.563546
153 2.564250
154 2.564074
155 2.566541
156 2.564955
157 2.564955
158 2.561783
159 2.562488
160 2.561783
161 2.563017
162 2.564427
163 2.555439
164 2.559316
165 2.558611
166 2.559492
167 2.559140
168 2.561255
169 2.562841
170 2.562841
171 2.564779
172 2.564250
173 2.565132
174 2.562664
175 2.563722
176 2.563898
177 2.564074
178 2.562136
179 2.561607
180 2.561078
181 2.561255
182 2.562664
183 2.560197
184 2.556320
185 2.557201
186 2.558083
187 2.556144
188 2.560550
189 2.558259
190 2.558435
191 2.557201
192 2.555439
193 2.559669
194 2.559492
195 2.560902
196 2.560197
197 2.557378
198 2.554910
199 2.554734
200 2.556497
201 2.551386
202 2.553853
203 2.555439
204 2.553324
205 2.552620
206 2.552267
207 2.552091
208 2.551210
209 2.552796
210 2.553148
211 2.553324
212 2.549271
213 2.550505
214 2.552620
215 2.553853
216 2.556144
217 2.555439
218 2.556673
219 2.557730
220 2.553148
221 2.556144
222 2.552972
223 2.551738
224 2.555087
225 2.549095
226 2.553324
227 2.551915
228 2.549095
229 2.551210
230 2.551033
231 2.549271
232 2.552267
233 2.550857
234 2.553853
235 2.554910
236 2.553677
237 2.557025
238 2.556497
239 2.558259
240 2.558083
241 2.555439
242 2.556320
243 2.559669
244 2.557730
245 2.563369
246 2.556849
247 2.556849
248 2.555615
249 2.555792
250 2.556320
251 2.557025
252 2.557201
253 2.556497
254 2.557554
255 2.556673
256 2.558787
257 2.560197
258 2.561431
259 2.559669
260 2.561960
261 2.561078
262 2.562841
263 2.560726
264 2.566365
265 2.561607
266 2.567775
267 2.571652
268 2.564779
269 2.562664
270 2.562488
271 2.563193
272 2.558787
273 2.563722
274 2.556849
275 2.559845
276 2.560550
277 2.557906
278 2.561255
279 2.561078
280 2.560726
281 2.558435
282 2.563017
283 2.564779
284 2.564074
285 2.563369
286 2.564603
287 2.564603
288 2.566189
289 2.563546
290 1.118835
291 2.564955
292 2.563017
293 2.560373
294 2.559845
295 2.557554
296 2.559492
297 2.558083
298 2.554910
299 2.555792
300 2.557025
301 2.558611
302 2.558611
303 2.558083
304 2.560726
305 2.557201
306 2.559316
307 2.560021
308 2.558787
309 2.559316
310 2.559492
311 2.554558
312 2.557378
313 2.508563
314 1.065790
315 1.065086
316 2.554029
317 2.553677
318 2.551915
319 2.552620
320 2.550857
321 2.551738
322 2.549800
323 2.551562
324 2.556849
325 2.554206
326 2.550857
327 2.552267
328 2.553677
329 2.551210
330 2.555439
331 2.554734
332 2.557201
333 2.557554
334 2.554734
335 2.554382
336 2.553501
337 2.553324
338 2.552443
339 2.551033
340 2.552443
341 2.549624
342 2.550152
343 2.547333
344 2.551386
345 2.549447
346 2.550681
347 2.548743
348 2.553853
349 2.553677
350 2.557906
351 2.558435
352 2.557906
353 2.559845
354 2.557554
355 2.556673
356 2.559492
357 1.113548
358 1.064733
359 1.064557
360 1.064557
361 1.064733
362 1.085880
363 1.064733
364 1.064733
365 1.064733
366 1.067024
367 1.066143
368 1.064557
369 1.064733
370 1.067024
371 1.064733
372 1.064557
373 2.560902
374 2.563722
375 2.562488
376 2.561255
377 2.561078
378 2.561078
379 2.562664
380 2.565132
381 2.564603
382 2.563193
383 2.564074
384 2.565132
385 2.565484
386 2.563722
387 2.565484
388 2.559492
389 2.564074
390 2.558083
391 2.560550
392 2.561078
393 2.561783
394 2.561960
395 2.563017
396 2.561255
397 2.561255
398 2.563369
399 2.564955
400 2.566894
401 2.565308
402 2.564250
403 2.562488
404 2.560021
405 2.560902
406 2.561078
407 2.559492
408 2.556320
409 2.559316
410 2.557025
411 2.556320
412 2.555087
413 2.557906
414 2.554910
415 2.558435
416 2.557378
417 2.558611
418 2.557730
419 2.559316
420 2.559492
421 2.557201
422 2.555615
423 2.558787
424 2.560021
425 2.556144
426 2.557378
427 2.556320
428 2.555439
429 2.552972
430 2.557201
431 2.554382
432 2.555263
433 2.555087
434 2.551915
435 2.547861
436 2.551210
437 2.549271
438 2.550329
439 2.549095
440 2.549800
441 2.552091
442 2.554382
443 2.553853
444 2.558964
445 2.557554
446 2.557554
447 2.557025
448 2.556673
449 2.554558
450 2.555968
451 2.555087
452 2.553677
453 2.551210
454 2.554029
455 2.551738
456 2.553148
457 2.548390
458 2.551033
459 2.549271
460 2.550329
461 2.553324
462 2.553677
463 2.553148
464 2.554206
465 2.555792
466 2.559140
467 2.556320
468 2.556673
469 2.558435
470 2.557201
471 2.560021
472 2.563722
473 2.557025
474 2.559492
475 2.554734
476 2.555968
477 2.556849
478 2.556849
479 2.557378
480 2.558964
481 2.558259
482 2.556673
483 2.558964
484 2.558435
485 2.557730
486 2.560197
487 2.559845
488 2.563546
489 2.563898
490 2.564250
491 2.563722
492 2.561607
493 2.566894
494 2.565660
495 2.565660
496 2.564250
497 2.566365
498 2.566365
499 2.565308
500 2.561431
501 2.561431
502 2.559492
503 2.561607
504 2.559669
505 2.559140
506 2.559140
507 2.559669
508 2.560550
509 2.561431
510 2.561783
511 2.564250
512 2.565132
513 2.564779
514 2.568127
515 2.565308
516 2.564074
517 2.562136
518 2.560021
519 2.562136
520 2.560902
521 2.560197
522 2.561255
523 2.561607
524 2.555968
525 2.553677
526 2.558083
527 2.558964
528 2.558964
529 2.561960
530 2.562488
531 2.561255
532 2.557906
533 2.558787
534 2.560550
535 2.558259
536 2.560197
537 2.556849
538 2.558964
539 2.556673
540 2.556320
541 2.555792
542 2.555087
543 2.555439
544 2.556497
545 2.554558
546 2.553853
547 2.550329
548 2.553501
549 2.549271
550 2.551386
551 2.553853
552 2.547685
553 2.550681
554 2.553148
555 2.554734
556 2.555968
557 2.555087
558 2.557201
559 2.553677
560 2.555263
561 2.551562
562 2.555615
563 2.554734
564 2.555792
565 2.554206
566 2.552972
567 2.547509
568 2.546452
569 2.547685
570 2.548038
571 2.549271
572 2.546628
573 2.548390
574 2.550152
575 2.551562
576 2.550329
577 2.554206
578 2.554029
579 2.554734
580 2.557554
581 2.558083
582 2.560550
583 2.559845
584 2.557906
585 2.558259
586 2.559316
587 2.558435
588 2.559845
589 2.555087
590 2.555615
591 2.557025
592 2.555968
593 2.554382
594 2.557378
595 2.558083
596 2.554734
597 2.557554
598 2.558964
599 2.560726
600 2.560197
601 2.561078
602 2.558787
603 2.561431
604 2.559845
605 2.562664
606 2.559845
607 2.565308
608 2.565308
609 2.565484
610 2.563722
611 2.563898
612 2.563193
613 2.562841
614 2.564074
615 2.560373
616 2.563017
617 2.559316
618 2.557201
619 2.558787
620 2.562136
621 2.558435
622 2.561255
623 2.562488
624 2.561607
625 2.564603
626 2.563898
627 2.564955
628 2.563369
629 2.564074
630 2.562312
631 2.563369
632 2.561078
633 2.561078
634 2.559669
635 2.557730
636 2.559669
637 2.560902
638 2.558787
639 2.555439
640 2.557554
641 2.558435
642 2.559316
643 2.561255
644 2.558435
645 2.565308
646 2.559845
647 2.561255
648 2.559316
649 2.559492
650 2.558259
651 2.559316
652 2.557201
653 2.557201
654 2.555968
655 2.555087
656 2.552620
657 2.553853
658 2.553677
659 2.554558
660 2.554558
661 2.553501
662 2.550152
663 2.548566
664 2.550505
665 2.551915
666 2.548566
667 2.550152
668 2.553148
669 2.555792
670 2.554382
671 2.557025
672 2.555439
673 2.557730
674 2.554910
675 2.552972
676 2.555439
677 2.552443
678 2.554382
679 2.550329
680 2.553501
681 2.549624
682 2.547156
683 2.547685
684 2.545747
685 2.547685
686 2.549624
687 2.549800
688 2.553324
689 2.553677
690 2.552620
691 2.555087
692 2.556320
693 2.556673
694 2.555087
695 2.557378
696 2.557378
697 2.558964
698 2.555615
699 2.555968
700 2.557378
701 2.555968
702 2.555792
703 2.552267
704 2.555263
705 2.556144
706 2.557201
707 2.556144
708 2.557554
709 2.557906
710 2.557554
711 2.558259
712 2.560373
713 2.560550
714 2.561960
715 2.563193
716 2.563017
717 2.563898
718 2.565484
719 2.564250
720 2.565660
721 2.567423
722 2.564955
723 2.564074
724 2.563722
725 2.563193
726 2.563722
727 2.561960
728 2.564250
729 2.559140
730 2.562136
731 2.552796
732 2.561255
733 2.559316
734 2.563369
735 2.559845
736 2.562312
737 2.566189
738 2.564427
739 2.566189
740 2.566718
741 2.569009
742 2.565660
743 2.567070
744 2.563193
745 2.566365
746 2.563722
747 2.560550
748 2.560021
749 2.558611
750 2.561783
751 2.556320
752 2.557201
753 2.557025
754 2.560726
755 2.556673
756 2.560550
757 2.558083
758 2.556320
759 2.558611
760 2.557378
761 2.561255
762 2.559669
763 2.557906
764 2.557906
765 2.555968
766 2.554734
767 2.555263
768 2.554029
769 2.554029
770 2.554029
771 2.554206
772 2.552443
773 2.552267
774 2.553324
775 2.551210
776 2.551915
777 2.551386
778 2.552972
779 2.551915
780 2.552443
781 2.551562
782 2.552443
783 2.553324
784 2.552972
785 2.556144
786 2.555087
787 2.554382
788 2.551386
789 2.555615
790 2.554910
791 2.551915
792 2.553853
793 2.550152
794 2.551210
795 2.546980
796 2.546804
797 2.549800
798 2.546452
799 2.550152
800 2.552443
801 2.552267
802 2.550681
803 2.554382
804 2.551738
805 2.554734
806 2.556497
807 2.558964
808 2.559492
809 2.559845
810 2.557554
811 2.563369
812 2.557201
813 2.558787
814 2.555439
815 2.556144
816 2.555087
817 2.554382
818 2.556673
819 2.556673
820 2.559845
821 2.556320
822 2.556144
823 2.552972
824 2.558083
825 2.556673
826 2.559492
827 2.557378
828 2.557730
829 2.560021
830 2.562136
831 2.564427
832 2.563369
833 2.563546
834 2.564250
835 2.566718
836 2.568127
837 2.565837
838 2.564603
839 2.562312
840 2.563017
841 2.561960
842 2.560021
843 2.564074
844 2.559492
845 2.557378
846 2.562488
847 2.558964
848 2.562136
849 2.562664
850 2.564427
851 2.563193
852 2.563369
853 2.564955
854 2.567246
855 2.565837
856 2.567599
857 2.564603
858 2.561607
859 2.560550
860 2.564603
861 2.563369
862 2.565308
863 2.560550
864 2.560373
865 2.555263
866 2.555792
867 2.557201
868 2.559845
869 2.557554
870 2.559492
871 2.556497
872 2.558611
873 2.555968
874 2.557730
875 2.559140
876 2.557378
877 2.557730
878 2.557554
879 2.558964
880 2.556320
881 2.556144
882 2.557201
883 2.554734
884 2.556849
885 2.554910
886 2.552796
887 2.552620
888 2.552267
889 2.551033
890 2.551915
891 2.553501
892 2.555968
893 2.554734
894 2.548566
895 2.555263
896 2.556673
897 2.556673
898 2.557201
899 2.557025
900 2.556849
901 2.554029
902 2.551033
903 2.553324
904 2.554206
905 2.553148
906 2.554029
907 2.549447
908 2.549976
909 2.548919
910 2.548919
911 2.549271
912 2.548038
913 2.551033
914 2.548919
915 2.551210
916 2.549271
917 2.554734
918 2.554029
919 2.554029
920 2.556497
921 2.556673
922 2.558435
923 2.559140
924 2.559492
925 2.560550
926 2.559669
927 2.559316
928 2.554029
929 2.555263
930 2.551210
931 2.555263
932 2.557554
933 2.557378
934 2.557906
935 2.556320
936 2.555439
937 2.556673
938 2.558435
939 2.559492
940 2.561783
941 2.559316
942 2.561255
943 2.562136
944 2.562841
945 2.566013
946 2.564427
947 2.563369
948 2.564074
949 2.566013
950 2.562136
951 2.562664
952 2.564074
953 2.563369
954 2.561255
955 2.561607
956 2.558611
957 2.562841
958 2.559845
959 2.558083
960 2.561960
961 2.559845
962 2.559669
963 2.563017
964 2.561078
965 2.563722
966 2.565660
967 2.568127
968 2.566718
969 2.568480
970 2.566894
971 2.566541
972 2.564074
973 2.561431
974 2.561255
975 2.561431
976 2.561078
977 2.560902
978 2.558787
979 2.554734
980 2.554558
981 2.557906
982 2.558083
983 2.561960
984 2.559845
985 2.560021
986 2.560197
987 2.558259
988 2.559492
989 2.557906
990 2.558787
991 2.558435
992 2.557730
993 2.555615
994 2.552267
995 2.556849
996 2.555087
997 2.554382
998 2.552267
999 2.551738
1000 2.551915
1001 2.554029
1002 2.552972
1003 2.550857
1004 2.552267
1005 2.550857
1006 2.552796
1007 2.551386
1008 2.554910
1009 2.552972
1010 2.555087
1011 2.556144
1012 2.559316
1013 2.555792
1014 2.555968
1015 2.554558
1016 2.558259
1017 2.556497
1018 2.555615
1019 2.555439
1020 2.554206
1021 2.552620
1022 2.549800
1023 2.548038
1024 2.547685
1025 2.549271
1026 2.548566
1027 2.549976
1028 2.546804
1029 2.550681
1030 2.551562
1031 2.552443
1032 2.554206
1033 2.557201
1034 2.558964
1035 2.560021
1036 2.557201
1037 2.558787
1038 2.561960
1039 2.560197
1040 2.563193
1041 2.558259
1042 2.556849
1043 2.555792
1044 2.555263
1045 2.558083
1046 2.555087
1047 2.557378
1048 2.554734
1049 2.556320
1050 2.555792
1051 2.556497
1052 2.558435
1053 2.557201
1054 2.557201
1055 2.558435
1056 2.563017
1057 2.559669
1058 2.563722
1059 2.563193
1060 2.563017
1061 2.566365
1062 2.565660
1063 2.566718
1064 2.563722
1065 2.565132
1066 2.564955
1067 2.562841
1068 2.564074
1069 2.565660
1070 2.561078
1071 2.564250
1072 2.554382
1073 2.561255
1074 2.561255
1075 2.561255
1076 2.560902
1077 2.561607
1078 2.564250
1079 2.563546
1080 2.563017
1081 2.563722
1082 2.562136
1083 2.561783
1084 2.562841
1085 2.561783
1086 2.564427
1087 2.562664
1088 2.560726
1089 2.558611
1090 2.560550
1091 2.563722
1092 2.556497
1093 2.558435
1094 2.555439
1095 2.558611
1096 2.555263
1097 2.561255
1098 2.560197
1099 2.560197
1100 2.559669
1101 2.559492
1102 2.561607
1103 2.559140
1104 2.560902
1105 2.555087
1106 2.557906
1107 2.558787
1108 2.557730
1109 2.557025
1110 2.554734
1111 2.556320
1112 2.552267
1113 2.551210
1114 2.551738
1115 2.548566
1116 2.550505
1117 2.549976
1118 2.550329
1119 2.551033
1120 2.547509
1121 2.545570
1122 2.545570
1123 2.550857
1124 2.551386
1125 2.553324
1126 2.555439
1127 2.557554
1128 2.556849
1129 2.553853
1130 2.555615
1131 2.555087
1132 2.557554
1133 2.552972
1134 2.550505
1135 2.548743
1136 2.546628
1137 2.551915
1138 2.551562
1139 2.548214
1140 2.551210
1141 2.551915
1142 2.552443
1143 2.555439
1144 2.555792
1145 2.554382
1146 2.554558
1147 2.556497
1148 2.558435
1149 2.559669
1150 2.558259
1151 2.560902
1152 2.556673
1153 2.558435
1154 2.560021
1155 2.559492
1156 2.558964
1157 2.555615
1158 2.554558
1159 2.557378
1160 2.554558
1161 2.556673
1162 2.555087
1163 2.555968
1164 2.554734
1165 2.556497
1166 2.555615
1167 2.556849
1168 2.559316
1169 2.562488
1170 2.561431
1171 2.561960
1172 2.560902
1173 2.561960
1174 2.560021
1175 2.565660
1176 2.565484
1177 2.563722
1178 2.563369
1179 2.560902
1180 2.562488
1181 2.562841
1182 2.564250
1183 2.559492
1184 2.564074
1185 2.560373
1186 2.560373
1187 2.560902
1188 2.559140
1189 2.559140
1190 2.563722
1191 2.563369
1192 2.563017
1193 2.564603
1194 2.563722
1195 2.564427
1196 2.565837
1197 2.567070
1198 2.564955
1199 2.559845
1200 2.561783
1201 2.559669
1202 2.561431
1203 2.557201
1204 2.560373
1205 2.559669
1206 2.555968
1207 2.557201
1208 2.557554
1209 2.557554
1210 2.554558
1211 2.554206
1212 2.555968
1213 2.556320
1214 2.554910
1215 2.556320
1216 2.558259
1217 2.558083
1218 2.558787
1219 2.557906
1220 2.557025
1221 2.555792
1222 2.555263
1223 2.555968
1224 2.554558
1225 2.558259
1226 2.555087
1227 2.555968
1228 2.552796
1229 2.555087
1230 2.550152
1231 2.549095
1232 2.549624
1233 2.553853
1234 2.551562
1235 2.551738
1236 2.549271
1237 2.549447
1238 2.550681
1239 2.550857
1240 2.553501
1241 2.556144
1242 2.554910
1243 2.552267
1244 2.554206
1245 2.553501
1246 2.555087
1247 2.554734
1248 2.552091
1249 2.548390
1250 2.548743
1251 2.551915
1252 2.549271
1253 2.549800
1254 2.550681
1255 2.552091
1256 2.548390
1257 2.550857
1258 2.552267
1259 2.554558
1260 2.557025
1261 2.557730
1262 2.559316
1263 2.557025
1264 2.555792
1265 2.559140
1266 2.558259
1267 2.560550
1268 2.558259
1269 2.555792
1270 2.557025
1271 2.553148
1272 2.556497
1273 2.559492
1274 2.555263
1275 2.556849
1276 2.558787
1277 2.557730
1278 2.556144
1279 2.556849
1280 2.559316
1281 2.556320
1282 2.558259
1283 2.560726
1284 2.562312
1285 2.559316
1286 2.563193
1287 2.562136
1288 2.564603
1289 2.567599
1290 2.566365
1291 2.564603
1292 2.567070
1293 2.564074
1294 2.563017
1295 2.561783
1296 2.562841
1297 2.558964
1298 2.561783
1299 2.558259
1300 2.560902
1301 2.557730
1302 2.557378
1303 2.560902
1304 2.563898
1305 2.566718
1306 2.563898
1307 2.563722
1308 2.565660
1309 2.567246
1310 2.565308
1311 2.566013
1312 2.564427
1313 2.567070
1314 2.562488
1315 2.557906
1316 2.559316
1317 2.559316
1318 2.561255
1319 2.556497
1320 2.553324
1321 2.553324
1322 2.555792
1323 2.556497
1324 2.555968
1325 2.560550
1326 2.563017
1327 2.560902
1328 2.557730
1329 2.556849
1330 2.558787
1331 2.559316
1332 2.559669
1333 2.555615
1334 2.557378
1335 2.554910
1336 2.556673
1337 2.555439
1338 2.556497
1339 2.555263
1340 2.556497
1341 2.552972
1342 2.553677
1343 2.552796
1344 2.553853
1345 2.552443
1346 2.552796
1347 2.554206
1348 2.550505
1349 2.550505
1350 2.553853
1351 2.552091
1352 2.556320
1353 2.558083
1354 2.555968
1355 2.554734
1356 2.551210
1357 2.553853
1358 2.553677
1359 2.555263
1360 2.557025
1361 2.552620
1362 2.551738
1363 2.549447
1364 2.547685
1365 2.548919
1366 2.548038
1367 2.548390
1368 2.550681
1369 2.549095
1370 2.551210
1371 2.552620
1372 2.554734
1373 2.558083
1374 2.557025
1375 2.559492
1376 2.557554
1377 2.559669
1378 2.559492
1379 2.561255
1380 2.558435
1381 2.559845
1382 2.561960
1383 2.562136
1384 2.556497
1385 2.553853
1386 2.554558
1387 2.552267
1388 2.554910
1389 2.554382
1390 2.555968
1391 2.555439
1392 2.558259
1393 2.558259
1394 2.557025
1395 2.558964
1396 2.561960
1397 2.565308
1398 2.558611
1399 2.560021
1400 2.563369
1401 2.560726
1402 2.562841
1403 2.567423
1404 2.564955
1405 2.563898
1406 2.563722
1407 2.565484
1408 2.565308
1409 2.565484
1410 2.559492
1411 2.563193
1412 2.561431
1413 2.556320
1414 2.561078
1415 2.558964
1416 2.559669
1417 2.562488
1418 2.561431
1419 2.564074
1420 2.566365
1421 2.564427
1422 2.562312
1423 2.561960
1424 2.566189
1425 2.566189
1426 2.564955
1427 2.566365
1428 2.563722
1429 2.565484
1430 2.558611
1431 2.558259
1432 2.557730
1433 2.559845
1434 2.557730
1435 2.555263
1436 2.556320
1437 2.557378
1438 2.562312
1439 2.559492
1440 2.560021
1441 2.556849
1442 2.559316
1443 2.558259
1444 2.558435
1445 2.558611
1446 2.557554
1447 2.557025
1448 2.556320
1449 2.557025
1450 2.558964
1451 2.556320
1452 2.555439
1453 2.554206
1454 2.555263
1455 2.552972
1456 2.549976
1457 2.551386
1458 2.550329
1459 2.549976
1460 2.554029
1461 2.550857
1462 2.547333
1463 2.548038
1464 2.551210
1465 2.550681
1466 2.556144
1467 2.555263
1468 2.557201
1469 2.556673
1470 2.553853
1471 2.555968
1472 2.552443
1473 2.552620
1474 2.554910
1475 2.554029
1476 2.549095
1477 2.549095
1478 2.547333
1479 2.548214
1480 2.548038
1481 2.550152
1482 2.551033
1483 2.549624
1484 2.552443
1485 2.553501
1486 2.552091
1487 2.554382
1488 2.557906
1489 2.556673
1490 2.556849
1491 2.556144
1492 2.559140
1493 2.559492
1494 2.559316
1495 2.561255
1496 2.560373
1497 2.558611
1498 2.552796
1499 2.558787
1500 2.561078
1501 2.559669
1502 2.560197
1503 2.554558
1504 2.555263
1505 2.554734
1506 2.557554
1507 2.558787
1508 2.558964
1509 2.562488
1510 2.563017
1511 2.563017
1512 2.562841
1513 2.564603
1514 2.565484
1515 2.566189
1516 2.566894
1517 2.566541
1518 2.561255
1519 2.560902
1520 2.561607
1521 2.563193
1522 2.565484
1523 2.565484
1524 2.561255
1525 2.561431
1526 2.556497
1527 2.558259
1528 2.559669
1529 2.560021
1530 2.560726
1531 2.561607
1532 2.563722
1533 2.562136
1534 2.565660
1535 2.566718
1536 2.567246
1537 2.564250
1538 2.562841
1539 2.562312
1540 2.562488
1541 2.565837
1542 2.561431
1543 2.563546
1544 2.557906
1545 2.560373
1546 2.558435
1547 2.557730
1548 2.558435
1549 2.560373
1550 2.559669
1551 2.559669
1552 2.559669
1553 2.557378
1554 2.560197
1555 2.554734
1556 2.557554
1557 2.559492
1558 2.558259
1559 2.560021
1560 2.558435
1561 2.555792
1562 2.557025
1563 2.559492
1564 2.557201
1565 2.555439
1566 2.555439
1567 2.556673
1568 2.553148
1569 2.554206
1570 2.553853
1571 2.551915
1572 2.551915
1573 2.552620
1574 2.554734
1575 2.551210
1576 2.550681
1577 2.553148
1578 2.552443
1579 2.551033
1580 2.555087
1581 2.555087
1582 2.555439
1583 2.553677
1584 2.552267
1585 2.555439
1586 2.552972
1587 2.553501
1588 2.552267
1589 2.547685
1590 2.548743
1591 2.549271
1592 2.552267
1593 2.549624
1594 2.549624
1595 2.550152
1596 2.551915
1597 2.550152
1598 2.551915
1599 2.552267
1600 2.552091
1601 2.555439
1602 2.559669
1603 2.556849
1604 2.557906
1605 2.556320
1606 2.560550
1607 2.558083
1608 2.562664
1609 2.559492
1610 2.560550
1611 2.556673
1612 2.555087
1613 2.558259
1614 2.552796
1615 2.553677
1616 2.557025
1617 2.558259
1618 2.558259
1619 2.559845
1620 2.559140
1621 2.558787
1622 2.559316
1623 2.561078
1624 2.563193
1625 2.562312
1626 2.561431
1627 2.562312
1628 2.560197
1629 2.564603
1630 2.569714
1631 2.565484
1632 2.566541
1633 2.562136
1634 2.563193
1635 2.563546
1636 2.563369
1637 2.559669
1638 2.560021
1639 2.559845
1640 2.556144
1641 2.560021
1642 2.560726
1643 2.561431
1644 2.562664
1645 2.564603
1646 2.563546
1647 2.563546
1648 2.564427
1649 2.565484
1650 2.564603
1651 2.564603
1652 2.564250
1653 2.565660
1654 2.565308
1655 2.559140
1656 2.560726
1657 2.558611
1658 2.557730
1659 2.557730
1660 2.557025
1661 2.554029
1662 2.556144
1663 2.559316
1664 2.557201
1665 2.560726
1666 2.558083
1667 2.555263
1668 2.557730
1669 2.557730
1670 2.558611
1671 2.556673
1672 2.554382
1673 2.555968
1674 2.557906
1675 2.555968
1676 2.556849
1677 2.556673
1678 2.555263
1679 2.554734
1680 2.552620
1681 2.552267
1682 2.553148
1683 2.554734
1684 2.554558
1685 2.555439
1686 2.554029
1687 2.553501
1688 2.548743
1689 2.549976
1690 2.548919
1691 2.551562
1692 2.552443
1693 2.553148
1694 2.555968
1695 2.554558
1696 2.554734
1697 2.556144
1698 2.557025
1699 2.554206
1700 2.553501
1701 2.554382
1702 2.554206
1703 2.550505
1704 2.549800
1705 2.549624
1706 2.548919
1707 2.550152
1708 2.553853
1709 2.549095
1710 2.549447
1711 2.554558
1712 2.552443
1713 2.553501
1714 2.554734
1715 2.555087
1716 2.556849
1717 2.558083
1718 2.556673
1719 2.556497
1720 2.559316
1721 2.557906
1722 2.557906
1723 2.555792
1724 2.557906
1725 2.554206
1726 2.553853
1727 2.554029
1728 2.552972
1729 2.554910
1730 2.556497
1731 2.554910
1732 2.552091
1733 2.558259
1734 2.557730
1735 2.558964
1736 2.561431
1737 2.559669
1738 2.561960
1739 2.559669
1740 2.563898
1741 2.564427
1742 2.565484
1743 2.566894
1744 2.568480
1745 2.564603
1746 2.566013
1747 2.564250
1748 2.567246
1749 2.564427
1750 2.564074
1751 2.557201
1752 2.562841
1753 2.560726
1754 2.559316
1755 2.561431
1756 2.561783
1757 2.559140
1758 2.561431
1759 2.560726
1760 2.561431
1761 2.565132
1762 2.569714
1763 2.565132
1764 2.567951
1765 2.566541
1766 2.568304
1767 2.565308
1768 2.564074
1769 2.562136
1770 2.560550
1771 2.556497
1772 2.561431
1773 2.559845
1774 2.555792
1775 2.551033
1776 2.556497
1777 2.560021
1778 2.558083
1779 2.561431
1780 2.561431
1781 2.559845
1782 2.555087
1783 2.557906
1784 2.558259
1785 2.559669
1786 2.557730
1787 2.556673
1788 2.556497
1789 2.556144
1790 2.554734
1791 2.557378
1792 2.557378
1793 2.554910
1794 2.555087
1795 2.551033
1796 2.549976
1797 2.547333
1798 2.551562
1799 2.547861
1800 2.551210
1801 2.549095
1802 2.550505
1803 2.549800
1804 2.552620
1805 2.554206
1806 2.553148
1807 2.557201
1808 2.555439
1809 2.556497
1810 2.553324
1811 2.554382
1812 2.558435
1813 2.555968
1814 2.553501
1815 2.553501
1816 2.550505
1817 2.550329
1818 2.550681
1819 2.550505
1820 2.548214
1821 2.547333
1822 2.550152
1823 2.550505
1824 2.548390
1825 2.552972
1826 2.552972
1827 2.551562
1828 2.556144
1829 2.557554
1830 2.558611
1831 2.556849
1832 2.559316
1833 2.560021
1834 2.559316
1835 2.561431
1836 2.558964
1837 2.558964
1838 2.559845
1839 2.553324
1840 2.557025
1841 2.554910
1842 2.555792
1843 2.558083
1844 2.556320
1845 2.556320
1846 2.555968
1847 2.556320
1848 2.556497
1849 2.557730
1850 2.558787
1851 2.563722
1852 2.561431
1853 2.563369
1854 2.563193
1855 2.560726
1856 2.561960
1857 2.564779
1858 2.565660
1859 2.565308
1860 2.566013
1861 2.564779
1862 2.565132
1863 2.565660
1864 2.563898
1865 2.563369
1866 2.564603
1867 2.555968
1868 2.558964
1869 2.559669
1870 2.560550
1871 2.562488
1872 2.561607
1873 2.564779
1874 2.564074
1875 2.564779
1876 2.564955
1877 2.565484
1878 2.563546
1879 2.563898
1880 2.561783
1881 2.562312
1882 2.562136
1883 2.560902
1884 2.559669
1885 2.558964
1886 2.560550
1887 2.558611
1888 2.555968
1889 2.552443
1890 2.559140
1891 2.561431
1892 2.560021
1893 2.560726
1894 2.560021
1895 2.557906
1896 2.556497
1897 2.560550
1898 2.558964
1899 2.562312
1900 2.565308
1901 2.561607
1902 2.556673
1903 2.558611
1904 2.554734
1905 2.552620
1906 2.552620
1907 2.552972
1908 2.553501
1909 2.551033
1910 2.552267
1911 2.553677
1912 2.553501
1913 2.549976
1914 2.551210
1915 2.549976
1916 2.548743
1917 2.551738
1918 2.551386
1919 2.549800
1920 2.553324
1921 2.554734
1922 2.553324
1923 2.555087
1924 2.548919
1925 2.555792
1926 2.553677
1927 2.552267
1928 2.553677
1929 2.552091
1930 2.551033
1931 2.548038
1932 2.547861
1933 2.549271
1934 2.548038
1935 2.548919
1936 2.550329
1937 2.548566
1938 2.552267
1939 2.555968
1940 2.553324
1941 2.551915
1942 2.555792
1943 2.560197
1944 2.556673
1945 2.558964
1946 2.558611
1947 2.560550
1948 2.560726
1949 2.563193
1950 2.559669
1951 2.558964
1952 2.553853
1953 2.554029
1954 2.557730
1955 2.556320
1956 2.555263
1957 2.556849
1958 2.562312
1959 2.559140
1960 2.560021
1961 2.560197
1962 2.559140
1963 2.559140
1964 2.561078
1965 2.562664
1966 2.562312
1967 2.560902
1968 2.560373
1969 2.562312
1970 2.564427
1971 2.567423
1972 2.567070
1973 2.564955
1974 2.563017
1975 2.565308
1976 2.567070
1977 2.565484
1978 2.561078
1979 2.562664
1980 2.560021
1981 2.557025
1982 2.561960
1983 2.560021
1984 2.560373
1985 2.561078
1986 2.562488
1987 2.561078
1988 2.561431
1989 2.560021
1990 2.566894
1991 2.564955
1992 2.565660
1993 2.568127
1994 2.566365
1995 2.563722
1996 2.560021
1997 2.557025
1998 2.557201
1999 2.559140
2000 2.557378
2001 2.555087
2002 2.553677
2003 2.559669
2004 2.555087
2005 2.555615
2006 2.556144
2007 2.555087
2008 2.557906
2009 2.556320
2010 2.558787
2011 2.559845
2012 2.558964
2013 2.560550
2014 2.561607
2015 2.559492
2016 2.558611
2017 2.556849
2018 2.556849
2019 2.555968
2020 2.555087
2021 2.555263
2022 2.555615
2023 2.553677
2024 2.551915
2025 2.550857
2026 2.548566
2027 2.548566
2028 2.551033
2029 2.550329
2030 2.546804
2031 2.549271
2032 2.553677
2033 2.552972
2034 2.555615
2035 2.557554
2036 2.556849
2037 2.553677
2038 2.552620
2039 2.554734
2040 2.553501
2041 2.552796
2042 2.554206
2043 2.555263
2044 2.553501
2045 2.552091
2046 2.547861
2047 2.548390
2048 2.544689
2049 2.550681
2050 2.551386
2051 2.547861
2052 2.553501
2053 2.555439
2054 2.556320
2055 2.555615
2056 2.555439
2057 2.557906
2058 2.558435
2059 2.556320
2060 2.561255
2061 2.554029
2062 2.558964
2063 2.561431
2064 2.559492
2065 2.559316
2066 2.552972
2067 2.558259
2068 2.557554
2069 2.556144
2070 2.554910
2071 2.556144
2072 2.556673
2073 2.554734
2074 2.557378
2075 2.558435
2076 2.555615
2077 2.558964
2078 2.561078
2079 2.561607
2080 2.564250
2081 2.564074
2082 2.563017
2083 2.562841
2084 2.563193
2085 2.563546
2086 2.567599
2087 2.563546
2088 2.562664
2089 2.561255
2090 2.561783
2091 2.561431
2092 2.558259
2093 2.560726
2094 2.555968
2095 2.556497
2096 2.559669
2097 2.558611
2098 2.554734
2099 2.560373
2100 2.562664
2101 2.561255
2102 2.564603
2103 2.563546
2104 2.565132
2105 2.566894
2106 2.565132
2107 2.564955
2108 2.561960
2109 2.562312
2110 2.559316
2111 2.563017
2112 2.559492
2113 2.560197
2114 2.558259
2115 2.555615
2116 2.557730
2117 2.558964
2118 2.557201
2119 2.558083
2120 2.556849
2121 2.558611
2122 2.560021
2123 2.556497
2124 2.560902
2125 2.557025
2126 2.558435
2127 2.558259
2128 2.557201
2129 2.555439
2130 2.557906
2131 2.556320
2132 2.553324
2133 2.554029
2134 2.555792
2135 2.553853
2136 2.552620
2137 2.552972
2138 2.551915
2139 2.552796
2140 2.552443
2141 2.551386
2142 2.549447
2143 2.549800
2144 2.548038
2145 2.550505
2146 2.553324
2147 2.553677
2148 2.555968
2149 2.555615
2150 2.555439
2151 2.555792
2152 2.555263
2153 2.554910
2154 2.551738
2155 2.555968
2156 2.553853
2157 2.555087
2158 2.553148
2159 2.550329
2160 2.551033
2161 2.548566
2162 2.549800
2163 2.547861
2164 2.551386
2165 2.551738
2166 2.553324
2167 2.554382
2168 2.555968
2169 2.554734
2170 2.557730
2171 2.554558
2172 2.555615
2173 2.557906
2174 2.558083
2175 2.557025
2176 2.561783
2177 2.556320
2178 2.560197
2179 2.556497
2180 2.556673
2181 2.555615
2182 2.556673
2183 2.558259
2184 2.558083
2185 2.561078
2186 2.557906
2187 2.557730
2188 2.558964
2189 2.563017
2190 2.559492
2191 2.558083
2192 2.557554
2193 2.558964
2194 2.562841
2195 2.560902
2196 2.562841
2197 2.565660
2198 2.566365
2199 2.567599
2200 2.567246
2201 2.565132
2202 2.562136
2203 2.565484
2204 2.561960
2205 2.560550
2206 2.563017
2207 2.558259
2208 2.555615
2209 2.560550
2210 2.560197
2211 2.558611
2212 2.559316
2213 2.562841
2214 2.565308
2215 2.567599
2216 2.563722
2217 2.564250
2218 2.562841
2219 2.565837
2220 2.568304
2221 2.567599
2222 2.564955
2223 2.562841
2224 2.561960
2225 2.558964
2226 2.560373
2227 2.560373
2228 2.555087
2229 2.555792
2230 2.555439
2231 2.555263
2232 2.557201
2233 2.557554
2234 2.557554
2235 2.558435
2236 2.555968
2237 2.556144
2238 2.559316
2239 2.556849
2240 2.557554
2241 2.560021
2242 2.558964
2243 2.556320
2244 2.559316
2245 2.558435
2246 2.554734
2247 2.555968
2248 2.552796
2249 2.551915
2250 2.552796
2251 2.554206
2252 2.551562
2253 2.550505
2254 2.549800
2255 2.552091
2256 2.549271
2257 2.549800
2258 2.551210
2259 2.554206
2260 2.551915
2261 2.554734
2262 2.554382
2263 2.558083
2264 2.554734
2265 2.555615
2266 2.554734
2267 2.552796
2268 2.552796
2269 2.551386
2270 2.550857
2271 2.548390
2272 2.548566
2273 2.546628
2274 2.548566
2275 2.548390
2276 2.549976
2277 2.550152
2278 2.546980
2279 2.555087
2280 2.551738
2281 2.558435
2282 2.557025
2283 2.557906
2284 2.558259
2285 2.555439
2286 2.554558
2287 2.553501
2288 2.554029
2289 2.555263
2290 2.557906
2291 2.558787
2292 2.560902
2293 2.554382
2294 2.556673
2295 2.555615
2296 2.558083
2297 2.558611
2298 2.559492
2299 2.559492
2300 2.555792
2301 2.558083
2302 2.558611
2303 2.557906
2304 2.557906
2305 2.560373
2306 2.562664
2307 2.562136
2308 2.564427
2309 2.562312
2310 2.566189
2311 2.567070
2312 2.570066
2313 2.568656
2314 2.567599
2315 2.564779
2316 2.563898
2317 2.567070
2318 2.565484
2319 2.563193
2320 2.563722
2321 2.558611
2322 2.556144
2323 2.560550
2324 2.559845
2325 2.561960
2326 2.561255
2327 2.560902
2328 2.559316
2329 2.561783
2330 2.564603
2331 2.566013
2332 2.565660
2333 2.565132
2334 2.565660
2335 2.564427
2336 2.565308
2337 2.562136
2338 2.562664
2339 2.557378
2340 2.561607
2341 2.558787
2342 2.555439
2343 2.557730
2344 2.561431
2345 2.560550
2346 2.559492
2347 2.558787
2348 2.557730
2349 2.559669
2350 2.555968
2351 2.559492
2352 2.558611
2353 2.556320
2354 2.557554
2355 2.556320
2356 2.557554
2357 2.557730
2358 2.558787
2359 2.558611
2360 2.557201
2361 2.557554
2362 2.556673
2363 2.554382
2364 2.555615
2365 2.555968
2366 2.551738
2367 2.552091
2368 2.549447
2369 2.550681
2370 2.549095
2371 2.549271
2372 2.551915
2373 2.554734
2374 2.553677
2375 2.557906
2376 2.556144
2377 2.558611
2378 2.555615
2379 2.554558
2380 2.555792
2381 2.552972
2382 2.552620
2383 2.552091
2384 2.551386
2385 2.548743
2386 2.551562
2387 2.547156
2388 2.546980
2389 2.549624
2390 2.552267
2391 2.549447
2392 2.552443
2393 2.552972
2394 2.551915
2395 2.556144
2396 2.558083
2397 2.559845
2398 2.555087
2399 2.555439
2400 2.556320
2401 2.558611
2402 2.558259
2403 2.559492
2404 2.559669
2405 2.558083
2406 2.557730
2407 2.555439
2408 2.555968
2409 2.555792
2410 2.556320
2411 2.559669
2412 2.554734
2413 2.556849
2414 2.556497
2415 2.558964
2416 2.559845
2417 2.558435
2418 2.559316
2419 2.561255
2420 2.560550
2421 2.563546
2422 2.566013
2423 2.561783
2424 2.565484
2425 2.566541
2426 2.565837
2427 2.564603
2428 2.564427
2429 2.566541
2430 2.562664
2431 2.563898
2432 2.563017
2433 2.560550
2434 2.563898
2435 2.558435
2436 2.558259
2437 2.559140
2438 2.557906
2439 2.561783
2440 2.563546
2441 2.562841
2442 2.564250
2443 2.564427
2444 2.564779
2445 2.566365
2446 2.567599
2447 2.567070
2448 2.563546
2449 2.564427
2450 2.563193
2451 2.559140
2452 2.558083
2453 2.558787
2454 2.562136
2455 2.559316
2456 2.556144
2457 2.553677
2458 2.555968
2459 2.554734
2460 2.561431
2461 2.559669
2462 2.560726
2463 2.558964
2464 2.556497
2465 2.559492
2466 2.556497
2467 2.558611
2468 2.559316
2469 2.557730
2470 2.555263
2471 2.556144
2472 2.559140
2473 2.556497
2474 2.556849
2475 2.555439
2476 2.554382
2477 2.554029
2478 2.551562
2479 2.553853
2480 2.550857
2481 2.552267
2482 2.551562
2483 2.549976
2484 2.550505
2485 2.548743
2486 2.553677
2487 2.552267
2488 2.553501
2489 2.556144
2490 2.555439
2491 2.556673
2492 2.556144
2493 2.555439
2494 2.553324
2495 2.556849
2496 2.555263
2497 2.552267
2498 2.551562
2499 2.546452
2500 2.549800
2501 2.546099
2502 2.543808
2503 2.548390
2504 2.550681
2505 2.553148
2506 2.552620
2507 2.555968
2508 2.557025
2509 2.556144
2510 2.556849
2511 2.558964
2512 2.560550
2513 2.558611
2514 2.558259
2515 2.558259
2516 2.558259
2517 2.560726
2518 2.557554
2519 2.560902
2520 2.554734
2521 2.555615
2522 2.557378
2523 2.554029
2524 2.554910
2525 2.556320
2526 2.560373
2527 2.557201
2528 2.557025
2529 2.560021
2530 2.558964
2531 2.559492
2532 2.560550
2533 2.560550
2534 2.560021
2535 2.563369
2536 2.563193
2537 2.562664
2538 2.564427
2539 2.565132
2540 2.563898
2541 2.565660
2542 2.565132
2543 2.567951
2544 2.565660
2545 2.567599
2546 2.564427
2547 2.563369
2548 2.557554
2549 2.557378
2550 2.557554
2551 2.558964
2552 2.559140
2553 2.560902
2554 2.565132
2555 2.565484
2556 2.564250
2557 2.565660
2558 2.568832
2559 2.566541
2560 2.567246
2561 2.562488
2562 2.565837
2563 2.564074
2564 2.562488
2565 2.562488
2566 2.560197
2567 2.561607
2568 2.560021
2569 2.560373
2570 2.560550
2571 2.562312
2572 2.561255
2573 2.562488
2574 2.562488
2575 2.557730
2576 2.560021
2577 2.555087
2578 2.557554
2579 2.556144
2580 2.555615
2581 2.558083
2582 2.557201
2583 2.558083
2584 2.556497
2585 2.557201
2586 2.558611
2587 2.555439
2588 2.553324
2589 2.552796
2590 2.552796
2591 2.552796
2592 2.552972
2593 2.551386
2594 2.552091
2595 2.552796
2596 2.555439
2597 2.550505
2598 2.551562
2599 2.552620
2600 2.554558
2601 2.553853
2602 2.557025
2603 2.555439
2604 2.556320
2605 2.554382
2606 2.554734
2607 2.554029
2608 2.553324
2609 2.552620
2610 2.552443
2611 2.550329
2612 2.549447
2613 2.549095
2614 2.550505
2615 2.546099
2616 2.547156
2617 2.551915
2618 2.549800
2619 2.552796
2620 2.554910
2621 2.556144
2622 2.553148
2623 2.555263
2624 2.561078
2625 2.558611
2626 2.555439
2627 2.557201
2628 2.557554
2629 2.558259
2630 2.558964
2631 2.558435
2632 2.556673
2633 2.557730
2634 2.553148
2635 2.556144
2636 2.554734
2637 2.556849
2638 2.557730
2639 2.555615
2640 2.557730
2641 2.556849
2642 2.556673
2643 2.557025
2644 2.554910
2645 2.556497
2646 2.560021
2647 2.561431
2648 2.559492
2649 2.561431
2650 2.559316
2651 2.562841
2652 2.565484
2653 2.567775
2654 2.567070
2655 2.566365
2656 2.566365
2657 2.566013
2658 2.565837
2659 2.561431
2660 2.561078
2661 2.561431
2662 2.555087
2663 2.559492
2664 2.562841
2665 2.559669
2666 2.560021
2667 2.565308
2668 2.565660
2669 2.563898
2670 2.563898
2671 2.563898
2672 2.567951
2673 2.565308
2674 2.567423
2675 2.563369
2676 2.564603
2677 2.562664
2678 2.560197
2679 2.563193
2680 2.560197
2681 2.559845
2682 2.558787
2683 2.558435
2684 2.558787
2685 2.559669
2686 2.557730
2687 2.560197
2688 2.557554
2689 2.556320
2690 2.556144
2691 2.555087
2692 2.561255
2693 2.558083
2694 2.557730
2695 2.557025
2696 2.558083
2697 2.558259
2698 2.558787
2699 2.557201
2700 2.555087
2701 2.555439
2702 2.552267
2703 2.552091
2704 2.552972
2705 2.551562
2706 2.552443
2707 2.551738
2708 2.549976
2709 2.553677
2710 2.551738
2711 2.549447
2712 2.550505
2713 2.552091
2714 2.553148
2715 2.554382
2716 2.554910
2717 2.556849
2718 2.555792
2719 2.550152
2720 2.553148
2721 2.552267
2722 2.552796
2723 2.554382
2724 2.551915
2725 2.555615
2726 2.550681
2727 2.550152
2728 2.551386
2729 2.547509
2730 2.549624
2731 2.551386
2732 2.551210
2733 2.552796
2734 2.555792
2735 2.552620
2736 2.554734
2737 2.555792
2738 2.557730
2739 2.557025
2740 2.556673
2741 2.557201
2742 2.560550
2743 2.559316
2744 2.560726
2745 2.556673
2746 2.558435
2747 2.554558
2748 2.554558
2749 2.556497
2750 2.555968
2751 2.554910
2752 2.555263
2753 2.558259
2754 2.557201
2755 2.558964
2756 2.558787
2757 2.558964
2758 2.559140
2759 2.561431
2760 2.564427
2761 2.562312
2762 2.563898
2763 2.564955
2764 2.562312
2765 2.560197
2766 2.566718
2767 2.562488
2768 2.563017
2769 2.559316
2770 2.564074
2771 2.561960
2772 2.564427
2773 2.559492
2774 2.561078
2775 2.560726
2776 2.558611
2777 2.560902
2778 2.562136
2779 2.560902
2780 2.564603
2781 2.565660
2782 2.563369
2783 2.564427
2784 2.563193
2785 2.565484
2786 2.563722
2787 2.564074
2788 2.567599
2789 2.564074
2790 2.563546
2791 2.561960
2792 2.559845
2793 2.562664
2794 2.560373
2795 2.559492
2796 2.557906
2797 2.555087
2798 2.555968
2799 2.557378
2800 2.559492
2801 2.559845
2802 2.557730
2803 2.560902
2804 2.554734
2805 2.556497
2806 2.559316
2807 2.553324
2808 2.555615
2809 2.555792
2810 2.554558
2811 2.553501
2812 2.555615
2813 2.552267
2814 2.552796
2815 2.552443
2816 2.555087
2817 2.552267
2818 2.551033
2819 2.551210
2820 2.552443
2821 2.550329
2822 2.549271
2823 2.555615
2824 2.552443
2825 2.548566
2826 2.550857
2827 2.553324
2828 2.551915
2829 2.554734
2830 2.555263
2831 2.556320
2832 2.552443
2833 2.554558
2834 2.554206
2835 2.554029
2836 2.553148
2837 2.551915
2838 2.551386
2839 2.546804
2840 2.549095
2841 2.548566
2842 2.549095
2843 2.546628
2844 2.548566
2845 2.548038
2846 2.550681
2847 2.553324
2848 2.554382
2849 2.555439
2850 2.556497
2851 2.559140
2852 2.558259
2853 2.558259
2854 2.556497
2855 2.559845
2856 2.559140
2857 2.556497
2858 2.557201
2859 2.558259
2860 2.559492
2861 2.554206
2862 2.554734
2863 2.555439
2864 2.555087
2865 2.557378
2866 2.554734
2867 2.557906
2868 2.558083
2869 2.558435
2870 2.558787
2871 2.558611
2872 2.560550
2873 2.561255
2874 2.560550
2875 2.562312
2876 2.560550
2877 2.561960
2878 2.566365
2879 2.564779
2880 2.566894
2881 2.569009
2882 2.568304
2883 2.564074
2884 2.565308
2885 2.560726
2886 2.564074
2887 2.560197
2888 2.562312
2889 2.559492
2890 2.556673
2891 2.561960
2892 2.558964
2893 2.558611
2894 2.563546
2895 2.561431
2896 2.563017
2897 2.563369
2898 2.565484
2899 2.569714
2900 2.565660
2901 2.567599
2902 2.564779
2903 2.563898
2904 2.560550
2905 2.557554
2906 2.559492
2907 2.556497
2908 2.560021
2909 2.557025
2910 2.557201
2911 2.556320
2912 2.558435
2913 2.560550
2914 2.561783
2915 2.560902
2916 2.557554
2917 2.559492
2918 2.553501
2919 2.557201
2920 2.558611
2921 2.558083
2922 2.560021
2923 2.558611
2924 2.557201
2925 2.556849
2926 2.554558
2927 2.554029
2928 2.553148
2929 2.554558
2930 2.554029
2931 2.554382
2932 2.552972
2933 2.551915
2934 2.549976
2935 2.551210
2936 2.552972
2937 2.552972
2938 2.548743
2939 2.549976
2940 2.552091
2941 2.553501
2942 2.553853
2943 2.555968
2944 2.557378
2945 2.556673
2946 2.554382
2947 2.556497
2948 2.554382
2949 2.549447
2950 2.551915
2951 2.551033
2952 2.553853
2953 2.554382
2954 2.550857
2955 2.553677
2956 2.549271
2957 2.551386
2958 2.547861
2959 2.547156
2960 2.551738
2961 2.552091
2962 2.554206
2963 2.552267
2964 2.555792
2965 2.559492
2966 2.555615
2967 2.556144
2968 2.560550
2969 2.560373
2970 2.558083
2971 2.562488
2972 2.557378
2973 2.558611
2974 2.554382
2975 2.549095
2976 2.553324
2977 2.554910
2978 2.554910
2979 2.555439
2980 2.557378
2981 2.553853
2982 2.555087
2983 2.555439
2984 2.558435
2985 2.558259
2986 2.562136
2987 2.563546
2988 2.563369
2989 2.566013
2990 2.566013
2991 2.566541
2992 2.567246
2993 2.569890
2994 2.564955
2995 2.568480
2996 2.564603
2997 2.564955
2998 2.566541
2999 2.565484
3000 2.561607
3001 2.560550
3002 2.562488
3003 2.557906
3004 2.560373
3005 2.560550
3006 2.558964
3007 2.557201
3008 2.562841
3009 2.563369
3010 2.563898
3011 2.565837
3012 2.563369
3013 2.564074
3014 2.564603
3015 2.564250
3016 2.564779
3017 2.563722
3018 2.561960
3019 2.560550
3020 2.560373
3021 2.559492
3022 2.562841
3023 2.556497
3024 2.557554
3025 2.556497
3026 2.556144
3027 2.555087
3028 2.558787
3029 2.556849
3030 2.558964
3031 2.558611
3032 2.555792
3033 2.558787
3034 2.557025
3035 2.561255
3036 2.560550
3037 2.561960
3038 2.559316
3039 2.558611
3040 2.558964
3041 2.557201
3042 2.557378
3043 2.554910
3044 2.553148
3045 2.554558
3046 2.550681
3047 2.553853
3048 2.551738
3049 2.552972
3050 2.554029
3051 2.549271
3052 2.548214
3053 2.549271
3054 2.549976
3055 2.551210
3056 2.553324
3057 2.553324
3058 2.553501
3059 2.554382
3060 2.552620
3061 2.555439
3062 2.552091
3063 2.551386
3064 2.553501
3065 2.552091
3066 2.552796
3067 2.550152
3068 2.549447
3069 2.549447
3070 2.548038
3071 2.547861
3072 2.551915
3073 2.551210
3074 2.551738
3075 2.552620
3076 2.552972
3077 2.556497
3078 2.557730
3079 2.559492
3080 2.558964
3081 2.555087
3082 2.557025
3083 2.559140
3084 2.556849
3085 2.560902
3086 2.558964
3087 2.557554
3088 2.553324
3089 2.554206
3090 2.556849
3091 2.557201
3092 2.559492
3093 2.556144
3094 2.561078
3095 2.558259
3096 2.560550
3097 2.560550
3098 2.559669
3099 2.559140
3100 2.560902
3101 2.564074
3102 2.561783
3103 2.563193
3104 2.564250
3105 2.563722
3106 2.564603
3107 2.567599
3108 2.564779
3109 2.563369
3110 2.561783
3111 2.561431
3112 2.561255
3113 2.565484
3114 2.561078
3115 2.563369
3116 2.560373
3117 2.557554
3118 2.560902
3119 2.559845
3120 2.558964
3121 2.561255
3122 2.565132
3123 2.564427
3124 2.567599
3125 2.567423
3126 2.567246
3127 2.563017
3128 2.564250
3129 2.562312
3130 2.564074
3131 2.561607
3132 2.559492
3133 2.561078
3134 2.559492
3135 2.561607
3136 2.555792
3137 2.554910
3138 2.555263
3139 2.558611
3140 2.559140
3141 2.559316
3142 2.559669
3143 2.558611
3144 2.557201
3145 2.555792
3146 2.559492
3147 2.561431
3148 2.558611
3149 2.559669
3150 2.558611
3151 2.554206
3152 2.555087
3153 2.554734
3154 2.556497
3155 2.555968
3156 2.557554
3157 2.551386
3158 2.552443
3159 2.553501
3160 2.554734
3161 2.552972
3162 2.553853
3163 2.554382
3164 2.555968
3165 2.550329
3166 2.547509
3167 2.549271
3168 2.552267
3169 2.554734
3170 2.554206
3171 2.554734
3172 2.555439
3173 2.551915
3174 2.553501
3175 2.553677
3176 2.551210
3177 2.555263
3178 2.552972
3179 2.551562
3180 2.550329
3181 2.549624
3182 2.549800
3183 2.548214
3184 2.547156
3185 2.550329
3186 2.549095
3187 2.551915
3188 2.554206
3189 2.553677
3190 2.555263
3191 2.554734
3192 2.557378
3193 2.557201
3194 2.557730
3195 2.557378
3196 2.558083
3197 2.558259
3198 2.558964
3199 2.557730
3200 2.560021
3201 2.558083
3202 2.555615
3203 2.558964
3204 2.555439
3205 2.556144
3206 2.557906
3207 2.560021
3208 2.556849
3209 2.557730
3210 2.557378
3211 2.559316
3212 2.559140
3213 2.560021
3214 2.561431
3215 2.561783
3216 2.563722
3217 2.563369
3218 2.565132
3219 2.566541
3220 2.566894
3221 2.564779
3222 2.563546
3223 2.564074
3224 2.564074
3225 2.564250
3226 2.562488
3227 2.562312
3228 2.558787
3229 2.560373
3230 2.556849
3231 2.557730
3232 2.560902
3233 2.557025
3234 2.560197
3235 2.561255
3236 2.562841
3237 2.565132
3238 2.559845
3239 2.563017
3240 2.566718
3241 2.566541
3242 2.567951
3243 2.566013
3244 2.563722
3245 2.562312
3246 2.558964
3247 2.559845
3248 2.557554
3249 2.561078
3250 2.559669
3251 2.557025
3252 2.556849
3253 2.558083
3254 2.560021
3255 2.560902
3256 2.559316
3257 2.559140
3258 2.558259
3259 2.557730
3260 2.559845
3261 2.559316
3262 2.558435
3263 2.559316
3264 2.559669
3265 2.558787
3266 2.556673
3267 2.558083
3268 2.556497
3269 2.557025
3270 2.554558
3271 2.554734
3272 2.552620
3273 2.549800
3274 2.551386
3275 2.554910
3276 2.552972
3277 2.552443
3278 2.549271
3279 2.549095
3280 2.548566
3281 2.554558
3282 2.553324
3283 2.553501
3284 2.553501
3285 2.554734
3286 2.556320
3287 2.554910
3288 2.555968
3289 2.553677
3290 2.551562
3291 2.551210
3292 2.553677
3293 2.549800
3294 2.549976
3295 2.548743
3296 2.550329
3297 2.548743
3298 2.549624
3299 2.549800
3300 2.550505
3301 2.551915
3302 2.549095
3303 2.551915
3304 2.553324
3305 2.554206
3306 2.558787
3307 2.555968
3308 2.558083
3309 2.559316
3310 2.559492
3311 2.558787
3312 2.561078
3313 2.557025
3314 2.558964
3315 2.554029
3316 2.554029
3317 2.554558
3318 2.554734
3319 2.558259
3320 2.555615
3321 2.555263
3322 2.552443
3323 2.555615
3324 2.557201
3325 2.557906
3326 2.558435
3327 2.560726
3328 2.561078
3329 2.559140
3330 2.560550
3331 2.562312
3332 2.564074
3333 2.564779
3334 2.566189
3335 2.564250
3336 2.564603
3337 2.560726
3338 2.561255
3339 2.561783
3340 2.566365
3341 2.562664
3342 2.562841
3343 2.561783
3344 2.559140
3345 2.561960
3346 2.562312
3347 2.560197
3348 2.563369
3349 2.564603
3350 2.564250
3351 2.564955
3352 2.565484
3353 2.565484
3354 2.565837
3355 2.567423
3356 2.567246
3357 2.566365
3358 2.563369
3359 2.562312
3360 2.561607
3361 2.560550
3362 2.561255
3363 2.561607
3364 2.558611
3365 2.558964
3366 2.561783
3367 2.559845
3368 2.561078
3369 2.560902
3370 2.557201
3371 2.559316
3372 2.555792
3373 2.558259
3374 2.559140
3375 2.555439
3376 2.557554
3377 2.558435
3378 2.557730
3379 2.555792
3380 2.554558
3381 2.554029
3382 2.554734
3383 2.557378
3384 2.551738
3385 2.553501
3386 2.553501
3387 2.553324
3388 2.550152
3389 2.549271
3390 2.552443
3391 2.555263
3392 2.551738
3393 2.552443
3394 2.548390
3395 2.551562
3396 2.552267
3397 2.555792
3398 2.553501
3399 2.556673
3400 2.554382
3401 2.552443
3402 2.554558
3403 2.553324
3404 2.554206
3405 2.552796
3406 2.553501
3407 2.551915
3408 2.549271
3409 2.552796
3410 2.548743
3411 2.549624
3412 2.551033
3413 2.546980
3414 2.547156
3415 2.551738
3416 2.549271
3417 2.554206
3418 2.555439
3419 2.558259
3420 2.557201
3421 2.558611
3422 2.557730
3423 2.559140
3424 2.558083
3425 2.558964
3426 2.556497
3427 2.556673
3428 2.555263
3429 2.554206
3430 2.557201
3431 2.555615
3432 2.556320
3433 2.559140
3434 2.559140
3435 2.558787
3436 2.557378
3437 2.558787
3438 2.556144
3439 2.558964
3440 2.561960
3441 2.563898
3442 2.562664
3443 2.564427
3444 2.566541
3445 2.563722
3446 2.562664
3447 2.564427
3448 2.563017
3449 2.562664
3450 2.561960
3451 2.561607
3452 2.563017
3453 2.561078
3454 2.561078
3455 2.558083
3456 2.563546
3457 2.557730
3458 2.560902
3459 2.559140
3460 2.559845
3461 2.561783
3462 2.560902
3463 2.562488
3464 2.561960
3465 2.564074
3466 2.566189
3467 2.564779
3468 2.568304
3469 2.566189
3470 2.565132
3471 2.563546
3472 2.564074
3473 2.561255
3474 2.561255
3475 2.560902
3476 2.560726
3477 2.559669
3478 2.556144
3479 2.555439
3480 2.557378
3481 2.558259
3482 2.559140
3483 2.557554
3484 2.561607
3485 2.558964
3486 2.560021
3487 2.560550
3488 2.563722
3489 2.560197
3490 2.562312
3491 2.558611
3492 2.556849
3493 2.557025
3494 2.554029
3495 2.555087
3496 2.553148
3497 2.554206
3498 2.555087
3499 2.555087
3500 2.551738
3501 2.553677
3502 2.552091
3503 2.552620
3504 2.551562
3505 2.554206
3506 2.547861
3507 2.550681
3508 2.551210
3509 2.553148
3510 2.554558
3511 2.554558
3512 2.552091
3513 2.554029
3514 2.554382
3515 2.556849
3516 2.555439
3517 2.554910
3518 2.554558
3519 2.554734
3520 2.556320
3521 2.549976
3522 2.547861
3523 2.551738
3524 2.549624
3525 2.547685
3526 2.548743
3527 2.548390
3528 2.551210
3529 2.553324
3530 2.552796
3531 2.556144
3532 2.556849
3533 2.555792
3534 2.553853
3535 2.555968
3536 2.556673
3537 2.558435
3538 2.559669
3539 2.560902
3540 2.554558
3541 2.558435
3542 2.554206
3543 2.553501
3544 2.552620
3545 2.554558
3546 2.555615
3547 2.553501
3548 2.554558
3549 2.554558
3550 2.555968
3551 2.555439
3552 2.558964
3553 2.557906
3554 2.560021
3555 2.561255
3556 2.561431
3557 2.559669
3558 2.563017
3559 2.562664
3560 2.566894
3561 2.567599
3562 2.563017
3563 2.561431
3564 2.561960
3565 2.559492
3566 2.560726
3567 2.562312
3568 2.563017
3569 2.563546
3570 2.559316
3571 2.555792
3572 2.558435
3573 2.557554
3574 2.561431
3575 2.561607
3576 2.566189
3577 2.564603
3578 2.565660
3579 2.566894
3580 2.566541
3581 2.567775
3582 2.566013
3583 2.565837
3584 2.563898
3585 2.564779
3586 2.560373
3587 2.561431
3588 2.561960
3589 2.558964
3590 2.558259
3591 2.554734
3592 2.554558
3593 2.557201
3594 2.557906
3595 2.555263
3596 2.557378
3597 2.556849
3598 2.557906
3599 2.556849
3600 2.557906
3601 2.558787
3602 2.558787
3603 2.557730
3604 2.555792
3605 2.560197
3606 2.558083
3607 2.556673
3608 2.555615
3609 2.556320
3610 2.555615
3611 2.553501
3612 2.554558
3613 2.554558
3614 2.552972
3615 2.552972
3616 2.550857
3617 2.551562
3618 2.551033
3619 2.548214
3620 2.547156
3621 2.550505
3622 2.553853
3623 2.554910
3624 2.555968
3625 2.555615
3626 2.555439
3627 2.552972
3628 2.551738
3629 2.554029
3630 2.553677
3631 2.553148
3632 2.554206
3633 2.552620
3634 2.551915
3635 2.548390
3636 2.550152
3637 2.546804
3638 2.548566
3639 2.547861
3640 2.547861
3641 2.548390
3642 2.550505
3643 2.552620
3644 2.554558
3645 2.555968
3646 2.557906
3647 2.560021
3648 2.557554
3649 2.557554
3650 2.561607
3651 2.559845
3652 2.559316
3653 2.560902
3654 2.558083
3655 2.558435
3656 2.554029
3657 2.556320
3658 2.555615
3659 2.551386
3660 2.556849
3661 2.558435
3662 2.560726
3663 2.558435
3664 2.559140
3665 2.556497
3666 2.557201
3667 2.560902
3668 2.559316
3669 2.560021
3670 2.559492
3671 2.564250
3672 2.563017
3673 2.563722
3674 2.567070
3675 2.567775
3676 2.565837
3677 2.565837
3678 2.563722
3679 2.563722
3680 2.561960
3681 2.561607
3682 2.560902
3683 2.562312
3684 2.559316
3685 2.561783
3686 2.558964
3687 2.559316
3688 2.559845
3689 2.560021
3690 2.564603
3691 2.562841
3692 2.563546
3693 2.562664
3694 2.563722
3695 2.565660
3696 2.563722
3697 2.563193
3698 2.563898
3699 2.563017
3700 2.562136
3701 2.560902
3702 2.558435
3703 2.564250
3704 2.562312
3705 2.554558
3706 2.555439
3707 2.557201
3708 2.557554
3709 2.557906
3710 2.557378
3711 2.557201
3712 2.557906
3713 2.555263
3714 2.557201
3715 2.558611
3716 2.557025
3717 2.557906
3718 2.555615
3719 2.555615
3720 2.557025
3721 2.554734
3722 2.556849
3723 2.555968
3724 2.557554
3725 2.554029
3726 2.553853
3727 2.553501
3728 2.553677
3729 2.554029
3730 2.552267
3731 2.553677
3732 2.551915
3733 2.550681
3734 2.548214
3735 2.550505
3736 2.552091
3737 2.552443
3738 2.556497
3739 2.556849
3740 2.557025
3741 2.552267
3742 2.556849
3743 2.555087
3744 2.553677
3745 2.555615
3746 2.551738
3747 2.551915
3748 2.550329
3749 2.548390
3750 2.549095
3751 2.545923
3752 2.551210
3753 2.552267
3754 2.552620
3755 2.550329
3756 2.554029
3757 2.551562
3758 2.554382
3759 2.559140
3760 2.558611
3761 2.558787
3762 2.558611
3763 2.558787
3764 2.560902
3765 2.558083
3766 2.559492
3767 2.555087
3768 2.557906
3769 2.555439
3770 2.554382
3771 2.557378
3772 2.557378
3773 2.553501
3774 2.554734
3775 2.554029
3776 2.553324
3777 2.554206
3778 2.555615
3779 2.555615
3780 2.558435
3781 2.560021
3782 2.562841
3783 2.559845
3784 2.566189
3785 2.566541
3786 2.565308
3787 2.566365
3788 2.567070
3789 2.563193
3790 2.563369
3791 2.563722
3792 2.562312
3793 2.563898
3794 2.563193
3795 2.562136
3796 2.559669
3797 2.562136
3798 2.555263
3799 2.559492
3800 2.559316
3801 2.560021
3802 2.564427
3803 2.563722
3804 2.566541
3805 2.567599
3806 2.566541
3807 2.566894
3808 2.565837
3809 2.564603
3810 2.566365
3811 2.564074
3812 2.565837
3813 2.563898
3814 2.561607
3815 2.560197
3816 2.557378
3817 2.558259
3818 2.557554
3819 2.554734
3820 2.556320
3821 2.556320
3822 2.558611
3823 2.560373
3824 2.557554
3825 2.557554
3826 2.555439
3827 2.559492
3828 2.556497
3829 2.558259
3830 2.557201
3831 2.557730
3832 2.552620
3833 2.554029
3834 2.554382
3835 2.554734
3836 2.555792
3837 2.554558
3838 2.556497
3839 2.555087
3840 2.553677
3841 2.552091
3842 2.552443
3843 2.554558
3844 2.552091
3845 2.555087
3846 2.549271
3847 2.550857
3848 2.549271
3849 2.551386
3850 2.554029
3851 2.557201
3852 2.555615
3853 2.558611
3854 2.555263
3855 2.552972
3856 2.555439
3857 2.552443
3858 2.553501
3859 2.554558
3860 2.553501
3861 2.550857
3862 2.550681
3863 2.549976
3864 2.549095
3865 2.551033
3866 2.551210
3867 2.552443
3868 2.552620
3869 2.554029
3870 2.554029
3871 2.554910
3872 2.558611
3873 2.556849
3874 2.556673
3875 2.555968
3876 2.557378
3877 2.560902
3878 2.561960
3879 2.559845
3880 2.561078
3881 2.558787
3882 2.560902
3883 2.557906
3884 2.557906
3885 2.557025
3886 2.554910
3887 2.556849
3888 2.555792
3889 2.555792
3890 2.556320
3891 2.557730
3892 2.558964
3893 2.559140
3894 2.559316
3895 2.559492
3896 2.559140
3897 2.560726
3898 2.561783
3899 2.564427
3900 2.565484
3901 2.564074
3902 2.564955
3903 2.563193
3904 2.567599
3905 2.564427
3906 2.562312
3907 2.564074
3908 2.567423
3909 2.563017
3910 2.562312
3911 2.558435
3912 2.556320
3913 2.562312
3914 2.561078
3915 2.561255
3916 2.563898
3917 2.560021
3918 2.564250
3919 2.562488
3920 2.564250
3921 2.566541
3922 2.564955
3923 2.567423
3924 2.563369
3925 2.564250
3926 2.564074
3927 2.561431
3928 2.560373
3929 2.561255
3930 2.560902
3931 2.556849
3932 2.556320
3933 2.556849
3934 2.558435
3935 2.558964
3936 2.559140
3937 2.559140
3938 2.556673
3939 2.560726
3940 2.553677
3941 2.559845
3942 2.558964
3943 2.558259
3944 2.559492
3945 2.557730
3946 2.558435
3947 2.558083
3948 2.556849
3949 2.555087
3950 2.554029
3951 2.556144
3952 2.554029
3953 2.555263
3954 2.553501
3955 2.553148
3956 2.550152
3957 2.549271
3958 2.551386
3959 2.552443
3960 2.551386
3961 2.551210
3962 2.554382
3963 2.556144
3964 2.555087
3965 2.557025
3966 2.555263
3967 2.553148
3968 2.552267
3969 2.554206
3970 2.554910
3971 2.554029
3972 2.555263
3973 2.555263
3974 2.553853
3975 2.551210
3976 2.555263
3977 2.549447
3978 2.549271
3979 2.549976
3980 2.551738
3981 2.550329
3982 2.553324
3983 2.549447
3984 2.552620
3985 2.550329
3986 2.552620
3987 2.553324
3988 2.558435
3989 2.556849
3990 2.560373
3991 2.561078
3992 2.556320
3993 2.558964
3994 2.558787
3995 2.559492
3996 2.557201
3997 2.555263
3998 2.557906
3999 2.558083
4000 2.556320
4001 2.557906
4002 2.557730
4003 2.558083
4004 2.559316
4005 2.559845
4006 2.559140
4007 2.555792
4008 2.559845
4009 2.560902
4010 2.562136
4011 2.562136
4012 2.565308
4013 2.564074
4014 2.564427
4015 2.567070
4016 2.564955
4017 2.564779
4018 2.562312
4019 2.562488
4020 2.564250
4021 2.565132
4022 2.563369
4023 2.559492
4024 2.561783
4025 2.558435
4026 2.559669
4027 2.557906
4028 2.557554
4029 2.560726
4030 2.564250
4031 2.564074
4032 2.564250
4033 2.563898
4034 2.563369
4035 2.563546
4036 2.564250
4037 2.567599
4038 2.565308
4039 2.564250
4040 2.560726
4041 2.560902
4042 2.561431
4043 2.561431
4044 2.563017
4045 2.556497
4046 2.553148
4047 2.553324
4048 2.556849
4049 2.556849
4050 2.559845
4051 2.557554
4052 2.556497
4053 2.554206
4054 2.554734
4055 2.560550
4056 2.557906
4057 2.559140
4058 2.560197
4059 2.559492
4060 2.558083
4061 2.556673
4062 2.558787
4063 2.554734
4064 2.557025
4065 2.555439
4066 2.556320
4067 2.557730
4068 2.555439
4069 2.554029
4070 2.550152
4071 2.548214
4072 2.551386
4073 2.551033
4074 2.550505
4075 2.551562
4076 2.553501
4077 2.550857
4078 2.553677
4079 2.554910
4080 2.556673
4081 2.551915
4082 2.554910
4083 2.559845
4084 2.556144
4085 2.555792
4086 2.552972
4087 2.554558
4088 2.551386
4089 2.548390
4090 2.549976
4091 2.548214
4092 2.546099
4093 2.548743
4094 2.548390
4095 2.547156
4096 2.548743
4097 2.551386
4098 2.552796
4099 2.555615
4100 2.554558
4101 2.557730
4102 2.556320
4103 2.559140
4104 2.557025
4105 2.558259
4106 2.558259
4107 2.562136
4108 2.558964
4109 2.557554
4110 2.554206
4111 2.553853
4112 2.555263
4113 2.551738
4114 2.555792
4115 2.555792
4116 2.555087
4117 2.554734
4118 2.555263
4119 2.557378
4120 2.557554
4121 2.558259
4122 2.558787
4123 2.561783
4124 2.560373
4125 2.563017
4126 2.562136
4127 2.561960
4128 2.563722
4129 2.567070
4130 2.564955
4131 2.565837
4132 2.561078
4133 2.560726
4134 2.563193
4135 2.564603
4136 2.560726
4137 2.561783
4138 2.559316
4139 2.561078
4140 2.560021
4141 2.562664
4142 2.563722
4143 2.562488
4144 2.563722
4145 2.562312
4146 2.561255
4147 2.564779
4148 2.563546
4149 2.563898
4150 2.568304
4151 2.566718
4152 2.566013
4153 2.563017
4154 2.560902
4155 2.558787
4156 2.558083
4157 2.560550
4158 2.558964
4159 2.558787
4160 2.555792
4161 2.557378
4162 2.555263
4163 2.556849
4164 2.558964
4165 2.558435
4166 2.560726
4167 2.557378
4168 2.559316
4169 2.560021
4170 2.559845
4171 2.557201
4172 2.559140
4173 2.555792
4174 2.557378
4175 2.557025
4176 2.556849
4177 2.555615
4178 2.556320
4179 2.555615
4180 2.551738
4181 2.554558
4182 2.550857
4183 2.553677
4184 2.550681
4185 2.550857
4186 2.554029
4187 2.549447
4188 2.551210
4189 2.552620
4190 2.553148
4191 2.552443
4192 2.556673
4193 2.554206
4194 2.558259
4195 2.553677
4196 2.554558
4197 2.554734
4198 2.552267
4199 2.554734
4200 2.552091
4201 2.550857
4202 2.548038
4203 2.550505
4204 2.549976
4205 2.545923
4206 2.549271
4207 2.549800
4208 2.549624
4209 2.549800
4210 2.553501
4211 2.553853
4212 2.555263
4213 2.557201
4214 2.557025
4215 2.555439
4216 2.555439
4217 2.556320
4218 2.559669
4219 2.558611
4220 2.559492
4221 2.559316
4222 2.560726
4223 2.557906
4224 2.556673
4225 2.559140
4226 2.557025
4227 2.556673
4228 2.553148
4229 2.557201
4230 2.554382
4231 2.557906
4232 2.559845
4233 2.560021
4234 2.561255
4235 2.560021
4236 2.561078
4237 2.562488
4238 2.562136
4239 2.563722
4240 2.561783
4241 2.563193
4242 2.570595
4243 2.567951
4244 2.565308
4245 2.566189
4246 2.569009
4247 2.564603
4248 2.565484
4249 2.561960
4250 2.560021
4251 2.563369
4252 2.556849
4253 2.560550
4254 2.560373
4255 2.558259
4256 2.562312
4257 2.560021
4258 2.564074
4259 2.563722
4260 2.561255
4261 2.564955
4262 2.565484
4263 2.565837
4264 2.565660
4265 2.564250
4266 2.562312
4267 2.560021
4268 2.558435
4269 2.558259
4270 2.558435
4271 2.561960
4272 2.558787
4273 2.554558
4274 2.555087
4275 2.558964
4276 2.560550
4277 2.560021
4278 2.557025
4279 2.558787
4280 2.556497
4281 2.556673
4282 2.557906
4283 2.558083
4284 2.556673
4285 2.560550
4286 2.557025
4287 2.558259
4288 2.558259
4289 2.557554
4290 2.555968
4291 2.553148
4292 2.555968
4293 2.553501
4294 2.555263
4295 2.550505
4296 2.550505
4297 2.551033
4298 2.548390
4299 2.552267
4300 2.551562
4301 2.549271
4302 2.545218
4303 2.552267
4304 2.548743
4305 2.552620
4306 2.555263
4307 2.555087
4308 2.555087
4309 2.553853
4310 2.555792
4311 2.555439
4312 2.554734
4313 2.557201
4314 2.552620
4315 2.552796
4316 2.550857
4317 2.550681
4318 2.549447
4319 2.546452
4320 2.547156
4321 2.548214
4322 2.547685
4323 2.552443
4324 2.556144
4325 2.553324
4326 2.555615
4327 2.555615
4328 2.557025
4329 2.557554
4330 2.556320
4331 2.559316
4332 2.560373
4333 2.559492
4334 2.560373
4335 2.558611
4336 2.559140
4337 2.554206
4338 2.554910
4339 2.554910
4340 2.554382
4341 2.556144
4342 2.554382
4343 2.555968
4344 2.556320
4345 2.558964
4346 2.556320
4347 2.555968
4348 2.556849
4349 2.558259
4350 2.561607
4351 2.561607
4352 2.563546
4353 2.562136
4354 2.564074
4355 2.564779
4356 2.568656
4357 2.563546
4358 2.564955
4359 2.564427
4360 2.566718
4361 2.565660
4362 2.563898
4363 2.560726
4364 2.563193
4365 2.562841
4366 2.556673
4367 2.558787
4368 2.556849
4369 2.559845
4370 2.559669
4371 2.563546
4372 2.561960
4373 2.565837
4374 2.569009
4375 2.568656
4376 2.566013
4377 2.564074
4378 2.565308
4379 2.566365
4380 2.562841
4381 2.560373
4382 2.562664
4383 2.560726
4384 2.558964
4385 2.563017
4386 2.557730
4387 2.553853
4388 2.557378
4389 2.558259
4390 2.560021
4391 2.561078
4392 2.561078
4393 2.560726
4394 2.554734
4395 2.556144
4396 2.558259
4397 2.559669
4398 2.561783
4399 2.562664
4400 2.559669
4401 2.556144
4402 2.554734
4403 2.557730
4404 2.554910
4405 2.556144
4406 2.555792
4407 2.555792
4408 2.553148
4409 2.552620
4410 2.551562
4411 2.548390
4412 2.549271
4413 2.552443
4414 2.549447
4415 2.549447
4416 2.549800
4417 2.553677
4418 2.552796
4419 2.556497
4420 2.557554
4421 2.560197
4422 2.558083
4423 2.555263
4424 2.554910
4425 2.550152
4426 2.551386
4427 2.550681
4428 2.551738
4429 2.546804
4430 2.548214
4431 2.549095
4432 2.545394
4433 2.547156
4434 2.550505
4435 2.547333
4436 2.548214
4437 2.549800
4438 2.551562
4439 2.553853
4440 2.554382
4441 2.555263
4442 2.557906
4443 2.556849
4444 2.559140
4445 2.560021
4446 2.559140
4447 2.558964
4448 2.560021
4449 2.560021
4450 2.557025
4451 2.556497
4452 2.558083
4453 2.555968
4454 2.557025
4455 2.558611
4456 2.556849
4457 2.556320
4458 2.559845
4459 2.554734
4460 2.557025
4461 2.557730
4462 2.560197
4463 2.561431
4464 2.559845
4465 2.564603
4466 2.564250
4467 2.562841
4468 2.563193
4469 2.564955
4470 2.564427
4471 2.565132
4472 2.562841
4473 2.564955
4474 2.564603
4475 2.564955
4476 2.563193
4477 2.561960
4478 2.564603
4479 2.554206
4480 2.559316
4481 2.562841
4482 2.560021
4483 2.562136
4484 2.562664
4485 2.564074
4486 2.564427
4487 2.564074
4488 2.565132
4489 2.565308
4490 2.562664
4491 2.566189
4492 2.563722
4493 2.563722
4494 2.561431
4495 2.561607
4496 2.559845
4497 2.557201
4498 2.561431
4499 2.556144
4500 2.556497
4501 2.557201
4502 2.560550
4503 2.555792
4504 2.558964
4505 2.558259
4506 2.562312
4507 2.559316
4508 2.557554
4509 2.559492
4510 2.560021
4511 2.556849
4512 2.560021
4513 2.558435
4514 2.557201
4515 2.554382
4516 2.556320
4517 2.554734
4518 2.552796
4519 2.556144
4520 2.552620
4521 2.552796
4522 2.551738
4523 2.549271
4524 2.548743
4525 2.549624
4526 2.553853
4527 2.552267
4528 2.552267
4529 2.552972
4530 2.551210
4531 2.552091
4532 2.548743
4533 2.553501
4534 2.556673
4535 2.555968
4536 2.553324
4537 2.556673
4538 2.552267
4539 2.551210
4540 2.553324
4541 2.552972
4542 2.552620
4543 2.549447
4544 2.549447
4545 2.550329
4546 2.549800
4547 2.549800
4548 2.553677
4549 2.549271
4550 2.551562
4551 2.551386
4552 2.554734
4553 2.554382
4554 2.554734
4555 2.555615
4556 2.555439
4557 2.553501
4558 2.559140
4559 2.558964
4560 2.557025
4561 2.557730
4562 2.555263
4563 2.558435
4564 2.555615
4565 2.554558
4566 2.557730
4567 2.554910
4568 2.556320
4569 2.558083
4570 2.557730
4571 2.555439
4572 2.555615
4573 2.559316
4574 2.562136
4575 2.562136
4576 2.561607
4577 2.562488
4578 2.565484
4579 2.565308
4580 2.563898
4581 2.566718
4582 2.565837
4583 2.566894
4584 2.564427
4585 2.562664
4586 2.562841
4587 2.562136
4588 2.564074
4589 2.566541
4590 2.561078
4591 2.564427
4592 2.562841
4593 2.560373
4594 2.562136
4595 2.562488
4596 2.561783
4597 2.561783
4598 2.561431
4599 2.560373
4600 2.564955
4601 2.564074
4602 2.566189
4603 2.562136
4604 2.567246
4605 2.565837
4606 2.565837
4607 2.563193
4608 2.559845
4609 2.560373
4610 2.558964
4611 2.559669
4612 2.562488
4613 2.557025
4614 2.554206
4615 2.557378
4616 2.557730
4617 2.555087
4618 2.557730
4619 2.558964
4620 2.560726
4621 2.556497
4622 2.558787
4623 2.555439
4624 2.554029
4625 2.557554
4626 2.560197
4627 2.559140
4628 2.557025
4629 2.557730
4630 2.558611
4631 2.554382
4632 2.554558
4633 2.553324
4634 2.552972
4635 2.552972
4636 2.550681
4637 2.549271
4638 2.551033
4639 2.549976
4640 2.552443
4641 2.549624
4642 2.550681
4643 2.553501
4644 2.555263
4645 2.555263
4646 2.557025
4647 2.556849
4648 2.557906
4649 2.555087
4650 2.555968
4651 2.559140
4652 2.556673
4653 2.554382
4654 2.553501
4655 2.553677
4656 2.551210
4657 2.551033
4658 2.552443
4659 2.552091
4660 2.549447
4661 2.548566
4662 2.551033
4663 2.549976
4664 2.550152
4665 2.552267
4666 2.552620
4667 2.557378
4668 2.557554
4669 2.558435
4670 2.558964
4671 2.559845
4672 2.560902
4673 2.557378
4674 2.556849
4675 2.560021
4676 2.557025
4677 2.558964
4678 2.552796
4679 2.555263
4680 2.552796
4681 2.554734
4682 2.553853
4683 2.552972
4684 2.557906
4685 2.555968
4686 2.558435
4687 2.559845
4688 2.556849
4689 2.560726
4690 2.558964
4691 2.561607
4692 2.560902
4693 2.564603
4694 2.561431
4695 2.565837
4696 2.566894
4697 2.566894
4698 2.563369
4699 2.562664
4700 2.566541
4701 2.565132
4702 2.564779
4703 2.565132
4704 2.562841
4705 2.562664
4706 2.557201
4707 2.559669
4708 2.558435
4709 2.558083
4710 2.559669
4711 2.559845
4712 2.563546
4713 2.563722
4714 2.564427
4715 2.562664
4716 2.566013
4717 2.564250
4718 2.565660
4719 2.562488
4720 2.563546
4721 2.566189
4722 2.560550
4723 2.561431
4724 2.560550
4725 2.563017
4726 2.555087
4727 2.552267
4728 2.553501
4729 2.556497
4730 2.556673
4731 2.558787
4732 2.560373
4733 2.559669
4734 2.559140
4735 2.559492
4736 2.562664
4737 2.561078
4738 2.557906
4739 2.557906
4740 2.557554
4741 2.556497
4742 2.556320
4743 2.558083
4744 2.557025
4745 2.557201
4746 2.555968
4747 2.553324
4748 2.551562
4749 2.551562
4750 2.551562
4751 2.550681
4752 2.552796
4753 2.551386
4754 2.549095
4755 2.548919
4756 2.549447
4757 2.552972
4758 2.553324
4759 2.552267
4760 2.554910
4761 2.557025
4762 2.558083
4763 2.553677
4764 2.553677
4765 2.554206
4766 2.554382
4767 2.554734
4768 2.555263
4769 2.552091
4770 2.550329
4771 2.551386
4772 2.551562
4773 2.549800
4774 2.548566
4775 2.550329
4776 2.551210
4777 2.552267
4778 2.553324
4779 2.552267
4780 2.554206
4781 2.557906
4782 2.555439
4783 2.558083
4784 2.558259
4785 2.556849
4786 2.560373
4787 2.558083
4788 2.562136
4789 2.558611
4790 2.560902
4791 2.557554
4792 2.554206
4793 2.556497
4794 2.556320
4795 2.555439
4796 2.556320
4797 2.559669
4798 2.557201
4799 2.555087
4800 2.555968
4801 2.557906
4802 2.559316
4803 2.560902
4804 2.563017
4805 2.561255
4806 2.561607
4807 2.561783
4808 2.562136
4809 2.564250
4810 2.568480
4811 2.567070
4812 2.567070
4813 2.567599
4814 2.564603
4815 2.562488
4816 2.561607
4817 2.562664
4818 2.562664
4819 2.561078
4820 2.557554
4821 2.560726
4822 2.559140
4823 2.558611
4824 2.561607
4825 2.561255
4826 2.562312
4827 2.565308
4828 2.565308
4829 2.567070
4830 2.565308
4831 2.564955
4832 2.564427
4833 2.563546
4834 2.562664
4835 2.562488
4836 2.562488
4837 2.561960
4838 2.558259
4839 2.559140
4840 2.558787
4841 2.558083
4842 2.555968
4843 2.558787
4844 2.557730
4845 2.561783
4846 2.558083
4847 2.560726
4848 2.559140
4849 2.562664
4850 2.560373
4851 2.556497
4852 2.559669
4853 2.558259
4854 2.557730
4855 2.556673
4856 2.556320
4857 2.555615
4858 2.555968
4859 2.554206
4860 2.554734
4861 2.553501
4862 2.552091
4863 2.551210
4864 2.550505
4865 2.552620
4866 2.553501
4867 2.554910
4868 2.551033
4869 2.551386
4870 2.550681
4871 2.552443
4872 2.551562
4873 2.554206
4874 2.555439
4875 2.556320
4876 2.556849
4877 2.553677
4878 2.561783
4879 2.557201
4880 2.558435
4881 2.553501
4882 2.552443
4883 2.551738
4884 2.552972
4885 2.551562
4886 2.549800
4887 2.550857
4888 2.551738
4889 2.552267
4890 2.549095
4891 2.549447
4892 2.554558
4893 2.552091
4894 2.553148
4895 2.557378
4896 2.556144
4897 2.556849
4898 2.558787
4899 2.559316
4900 2.559845
4901 2.557906
4902 2.558787
4903 2.557025
4904 2.560197
4905 2.555263
4906 2.556849
4907 2.555792
4908 2.554029
4909 2.558259
4910 2.556849
4911 2.555615
4912 2.555263
4913 2.557730
4914 2.558435
4915 2.560021
4916 2.558259
4917 2.560373
4918 2.560550
4919 2.560021
4920 2.563898
4921 2.561255
4922 2.562841
4923 2.564955
4924 2.566365
4925 2.564603
4926 2.564250
4927 2.565837
4928 2.564955
4929 2.566013
4930 2.568304
4931 2.562312
4932 2.566189
4933 2.558259
4934 2.559140
4935 2.563193
4936 2.559845
4937 2.562136
4938 2.563722
4939 2.564779
4940 2.564250
4941 2.565308
4942 2.565837
4943 2.567070
4944 2.565132
4945 2.566894
4946 2.566541
4947 2.562488
4948 2.560726
4949 2.557554
4950 2.559140
4951 2.558964
4952 2.559492
4953 2.559140
4954 2.557730
4955 2.557730
4956 2.557201
4957 2.559140
4958 2.560021
4959 2.559316
4960 2.560902
4961 2.561607
4962 2.557554
4963 2.559492
4964 2.562488
4965 2.555968
4966 2.558259
4967 2.558083
4968 2.554910
4969 2.555792
4970 2.557554
4971 2.555087
4972 2.555087
4973 2.554910
4974 2.553324
4975 2.555968
4976 2.555792
4977 2.550857
4978 2.553677
4979 2.549271
4980 2.548566
4981 2.550329
4982 2.552620
4983 2.551210
4984 2.552443
4985 2.551915
4986 2.554206
4987 2.557730
4988 2.556497
4989 2.558787
4990 2.552620
4991 2.556673
4992 2.558964
4993 2.555792
4994 2.557025
4995 2.554734
4996 2.549976
4997 2.551033
4998 2.550681
4999 2.551386
