0 2.461862
1 2.465739
2 2.457281
3 2.465211
4 2.460276
5 2.466092
6 2.468207
7 2.458690
8 2.471731
9 2.464153
10 2.472260
11 2.473141
12 2.470321
13 2.479838
14 2.476842
15 2.481424
16 2.484243
17 2.489706
18 2.491292
19 2.496051
20 2.501514
21 2.501337
22 2.514554
23 2.509620
24 2.530415
25 2.522661
26 2.538521
27 2.534468
28 2.549447
29 2.548038
30 2.558964
31 2.555968
32 2.574119
33 2.569185
34 2.581168
35 2.580640
36 2.590508
37 2.592623
38 2.598967
39 2.600025
40 2.611832
41 2.613065
42 2.618705
43 2.625578
44 2.623992
45 2.633684
46 2.631393
47 2.639323
48 2.639500
49 2.646901
50 2.636151
51 2.646196
52 2.644610
53 2.649544
54 2.653245
55 2.656065
56 2.652364
57 2.654479
58 2.656417
59 2.650426
60 2.653950
61 2.649016
62 2.646372
63 2.650954
64 2.643377
65 2.647782
66 2.642143
67 2.638618
68 2.642495
69 2.638266
70 2.638442
71 2.640028
72 2.631041
73 2.631746
74 2.629983
75 2.624168
76 2.619057
77 2.618528
78 2.609893
79 2.612008
80 2.592976
81 2.604430
82 2.586808
83 2.589627
84 2.574295
85 2.575529
86 2.575000
87 2.534821
88 2.591742
89 2.509620
90 2.573238
91 2.519841
92 2.544866
93 2.523542
94 2.507682
95 2.545923
96 2.483891
97 2.529534
98 2.498518
99 2.504686
100 2.503805
101 2.493583
102 2.483538
103 2.505567
104 2.473846
105 2.487592
106 2.477547
107 2.465739
108 2.484243
109 2.455166
110 2.472436
111 2.465563
112 2.470321
113 2.459219
114 2.463272
115 2.458867
116 2.467854
117 2.456047
118 2.465387
119 2.462920
120 2.464330
121 2.469440
122 2.458690
123 2.473670
124 2.466092
125 2.471731
126 2.476137
127 2.470498
128 2.480543
129 2.479838
130 2.480014
131 2.483891
132 2.488649
133 2.494641
134 2.494993
135 2.505567
136 2.502747
137 2.513850
138 2.506977
139 2.526714
140 2.521604
141 2.538521
142 2.535173
143 2.545042
144 2.547509
145 2.557906
146 2.558787
147 2.571476
148 2.572886
149 2.581697
150 2.586279
151 2.589451
152 2.597381
153 2.599320
154 2.603902
155 2.609717
156 2.613770
157 2.616766
158 2.626106
159 2.624873
160 2.634741
161 2.631569
162 2.639852
163 2.641790
164 2.644786
165 2.642143
166 2.651483
167 2.650954
168 2.653069
169 2.652364
170 2.655184
171 2.651659
172 2.656417
173 2.652893
174 2.651131
175 2.652188
176 2.650602
177 2.647782
178 2.649544
179 2.646725
180 2.647782
181 2.646901
182 2.642143
183 2.641438
184 2.641967
185 2.635975
186 2.637737
187 2.631569
188 2.630688
189 2.626106
190 2.625578
191 2.619410
192 2.617119
193 2.603725
194 2.606545
195 2.591389
196 2.602139
197 2.584517
198 2.588394
199 2.575705
200 2.579054
201 2.575881
202 2.533235
203 2.591389
204 2.518079
205 2.562664
206 2.532882
207 2.530944
208 2.533058
209 2.496932
210 2.553148
211 2.483362
212 2.534116
213 2.492526
214 2.501866
215 2.500456
216 2.495874
217 2.477370
218 2.507329
219 2.289160
220 2.473317
221 2.475784
222 2.466444
223 2.483538
224 2.456223
225 2.474727
226 2.462391
227 2.469440
228 2.463449
229 2.461862
230 2.457809
231 2.463096
232 2.455871
233 2.463096
234 2.463272
235 2.460981
236 2.472084
237 2.456223
238 2.471026
239 2.461334
240 2.468559
241 2.473846
242 2.466444
243 2.481952
244 2.479485
245 2.481247
246 2.484067
247 2.487768
248 2.494993
249 2.498870
250 2.504686
251 2.499399
252 2.508739
253 2.506977
254 2.521427
255 2.521075
256 2.539931
257 2.537112
258 2.547861
259 2.550152
260 2.553324
261 2.557730
262 2.569185
263 2.569714
264 2.577115
265 2.583812
266 2.590508
267 2.596853
268 2.595443
269 2.603725
270 2.609541
271 2.615180
272 2.619233
273 2.627164
274 2.626282
275 2.635094
276 2.634389
277 2.639852
278 2.644963
279 2.647606
280 2.645491
281 2.652188
282 2.654303
283 2.652012
284 2.654831
285 2.653245
286 2.655536
287 2.653069
288 2.656065
289 2.647958
290 2.651307
291 2.651131
292 2.650778
293 2.648135
294 2.643024
295 2.642495
296 2.643024
297 2.525128
298 1.085704
299 1.085704
300 1.075835
301 1.081651
302 1.067553
303 1.068786
304 1.064909
305 1.064557
306 1.073368
307 1.073016
308 1.064557
309 1.064909
310 1.099450
311 1.064557
312 1.091343
313 1.098569
314 1.073544
315 1.087466
316 1.087290
317 1.064557
318 1.099450
319 2.508210
320 2.556849
321 2.533411
322 2.526538
323 2.531472
324 2.496403
325 2.551210
326 2.481776
327 2.531825
328 2.493407
329 2.500456
330 2.497284
331 0.861543
332 0.841101
333 2.497284
334 2.472084
335 2.479661
336 2.479133
337 2.461686
338 2.485301
339 2.456223
340 2.475784
341 2.462744
342 2.473670
343 2.465563
344 2.466092
345 2.460453
346 2.468912
347 2.456752
348 2.464682
349 2.462391
350 2.459219
351 2.467678
352 2.458338
353 2.472084
354 2.282816
355 0.839515
356 0.841629
357 0.839338
358 0.844625
359 0.845154
360 0.845506
361 0.848855
362 0.861896
363 0.863658
364 0.872998
365 0.878637
366 0.872998
367 0.882690
368 1.064557
369 1.066143
370 1.070196
371 1.065262
372 1.067376
373 1.077245
374 1.082180
375 1.084823
376 1.064557
377 1.070196
378 1.066672
379 1.087643
380 1.088171
381 1.104032
382 1.106851
383 1.065086
384 1.064733
385 1.070372
386 1.064909
387 2.508563
388 1.064733
389 1.067200
390 1.076012
391 1.075835
392 2.525657
393 2.642143
394 2.645139
395 2.640557
396 2.650778
397 2.651483
398 2.651483
399 2.652893
400 2.650954
401 2.649721
402 2.658180
403 2.655889
404 2.650602
405 2.652188
406 2.650073
407 1.203248
408 2.555615
409 1.109847
410 1.110200
411 1.081651
412 1.086057
413 1.084647
414 1.085880
415 1.077950
416 1.077421
417 1.067553
418 1.067376
419 1.064909
420 1.064557
421 1.073192
422 1.070901
423 1.064733
424 1.068786
425 1.098392
426 1.104032
427 1.088524
428 1.089934
429 1.073544
430 1.070372
431 1.073016
432 1.064557
433 2.536230
434 2.526185
435 2.552267
436 2.546980
437 2.520546
438 2.543632
439 2.492702
440 2.553677
441 2.484420
442 2.533411
443 2.497460
444 2.502923
445 2.496755
446 2.496755
447 2.478428
448 2.502042
449 2.474375
450 2.475080
451 2.483715
452 2.459924
453 2.486182
454 2.454637
455 2.473317
456 2.463096
457 2.470674
458 2.461686
459 2.467149
460 2.456047
461 2.468383
462 2.458338
463 2.464682
464 2.459748
465 2.461510
466 2.465035
467 2.462920
468 2.469088
469 2.470674
470 2.470850
471 2.484243
472 2.466797
473 2.482129
474 2.475961
475 2.482305
476 2.482305
477 2.487592
478 2.492174
479 2.497284
480 2.505391
481 2.501866
482 2.509268
483 2.513145
484 2.524776
485 2.525657
486 2.538169
487 2.540636
488 2.548743
489 2.550505
490 2.556497
491 2.559669
492 2.571652
493 2.569537
494 2.583107
495 2.583812
496 2.591742
497 2.593504
498 2.598967
499 2.602492
500 2.613242
501 2.613065
502 2.620819
503 2.624344
504 2.625930
505 2.634389
506 2.632979
507 2.643024
508 2.640557
509 2.643553
510 2.642319
511 2.649897
512 2.649721
513 2.651131
514 2.654303
515 2.649544
516 2.653245
517 2.652540
518 2.654831
519 2.650954
520 2.652364
521 2.650249
522 2.648840
523 2.651483
524 2.646196
525 2.648487
526 2.644081
527 2.639147
528 2.642495
529 2.637737
530 2.638442
531 2.635094
532 2.632979
533 2.630159
534 2.628926
535 2.622053
536 2.624344
537 2.619410
538 2.601963
539 2.608660
540 2.583635
541 2.597381
542 2.582402
543 2.584164
544 2.570242
545 2.575353
546 2.570947
547 2.539755
548 2.570595
549 2.554734
550 2.520546
551 2.566013
552 2.493231
553 2.562488
554 2.480895
555 2.545218
556 2.490764
557 2.530415
558 2.499399
559 2.499575
560 2.495169
561 2.502923
562 2.479133
563 2.492702
564 2.484596
565 2.472436
566 2.493231
567 2.462920
568 2.479661
569 2.460453
570 2.474198
571 2.463096
572 2.467326
573 2.463625
574 2.466268
575 2.456928
576 2.463272
577 2.462744
578 2.466797
579 2.467149
580 2.454285
581 2.469264
582 2.463272
583 2.469440
584 2.468912
585 2.467326
586 2.480895
587 2.472084
588 2.478957
589 2.482657
590 2.482481
591 2.487239
592 2.488120
593 2.494112
594 2.498870
595 2.508210
596 2.502395
597 2.510854
598 2.517198
599 2.521956
600 2.533763
601 2.533763
602 2.543984
603 2.541870
604 2.553853
605 2.547509
606 2.563898
607 2.566718
608 2.579230
609 2.577291
610 2.583283
611 2.588394
612 2.597029
613 2.600025
614 2.603549
615 2.616061
616 2.614828
617 2.626282
618 2.621877
619 2.629631
620 2.629631
621 2.635799
622 2.637561
623 2.646020
624 2.645315
625 2.646372
626 2.650073
627 2.654831
628 2.652717
629 2.656241
630 2.655889
631 2.654479
632 2.656770
633 2.649544
634 2.652364
635 2.655184
636 2.650073
637 2.650249
638 2.646020
639 2.641086
640 2.644081
641 2.641614
642 2.642495
643 2.646549
644 2.638795
645 2.638618
646 2.632803
647 2.632803
648 2.627869
649 2.627516
650 2.620643
651 2.622582
652 2.615180
653 2.601082
654 2.607779
655 2.587160
656 2.598262
657 2.585398
658 2.589980
659 2.573238
660 2.577996
661 2.568304
662 2.539226
663 2.570066
664 2.557025
665 2.519136
666 2.569185
667 2.496403
668 2.564427
669 2.482834
670 2.551033
671 2.488649
672 2.532882
673 2.496579
674 2.500985
675 2.495698
676 2.501337
677 2.479838
678 2.492702
679 2.486534
680 2.472612
681 2.492878
682 2.460276
683 2.480719
684 2.460981
685 2.475961
686 2.458338
687 2.466444
688 2.461158
689 2.462391
690 2.454990
691 2.461334
692 2.459219
693 2.465035
694 2.466092
695 2.459043
696 2.472965
697 2.463096
698 2.467678
699 2.464153
700 2.468559
701 2.480014
702 2.470498
703 2.480719
704 2.481424
705 2.483186
706 2.483010
707 2.487944
708 2.486711
709 2.500456
710 2.504333
711 2.504862
712 2.506272
713 2.517727
714 2.518784
715 2.530767
716 2.531648
717 2.540636
718 2.544866
719 2.554734
720 2.553501
721 2.566894
722 2.571123
723 2.531648
724 1.088700
725 1.087290
726 1.098392
727 1.108966
728 2.508563
729 2.516845
730 2.618528
731 2.615356
732 2.626635
733 2.624696
734 2.633508
735 2.633155
736 2.636504
737 2.639323
738 2.644081
739 2.641438
740 2.647254
741 2.650778
742 2.649368
743 2.651483
744 2.653774
745 2.652188
746 2.652540
747 2.655184
748 2.654126
749 2.655712
750 2.652717
751 2.649897
752 2.648663
753 2.647254
754 2.643024
755 1.109671
756 1.086761
757 1.078479
758 2.644434
759 2.638266
760 2.644786
761 2.636856
762 2.634213
763 2.629455
764 2.626987
765 2.616590
766 2.615885
767 2.613947
768 2.601082
769 2.605664
770 2.593680
771 2.592976
772 2.587865
773 2.587865
774 2.574472
775 2.580111
776 2.564250
777 2.568832
778 2.532001
779 2.598086
780 2.493936
781 2.586984
782 2.481776
783 2.563898
784 2.506624
785 2.521251
786 2.511559
787 2.519665
788 2.506096
789 2.505391
790 2.488297
791 2.501690
792 2.496403
793 2.476489
794 2.496227
795 2.465387
796 2.491116
797 2.465387
798 2.468912
799 2.463272
800 2.471731
801 2.466092
802 2.462039
803 2.464506
804 2.463977
805 2.466973
806 2.457457
807 2.462215
808 0.806913
809 0.841453
810 0.811495
811 0.815900
812 0.839338
813 0.838986
814 0.841982
815 0.840572
816 0.839515
817 0.839867
818 0.838986
819 0.849031
820 0.844801
821 0.862777
822 0.861543
823 0.861719
824 0.875289
825 0.878461
826 1.064557
827 0.881457
828 1.070901
829 2.519136
830 2.538521
831 2.534821
832 2.542575
833 2.544689
834 2.555087
835 2.556320
836 2.568127
837 2.572533
838 2.575353
839 2.584517
840 2.583988
841 2.591037
842 2.597029
843 2.600730
844 2.604078
845 2.615004
846 2.615180
847 2.626106
848 2.626459
849 2.632450
850 2.635623
851 2.636151
852 2.643377
853 2.642495
854 2.639852
855 2.646901
856 2.648663
857 2.652012
858 2.650602
859 2.659413
860 2.652540
861 2.655360
862 2.652893
863 2.654479
864 2.652540
865 2.655360
866 2.650602
867 2.649897
868 2.647958
869 2.643024
870 2.646549
871 2.639500
872 2.643024
873 2.641438
874 2.637913
875 2.639852
876 2.635094
877 2.630336
878 2.632450
879 2.626811
880 2.620115
881 2.617647
882 2.611479
883 2.601434
884 2.602844
885 2.594738
886 2.590861
887 2.586984
888 2.582931
889 2.578877
890 2.575881
891 2.568127
892 2.558259
893 2.534644
894 2.593680
895 2.493760
896 2.589627
897 2.480366
898 2.565660
899 2.498694
900 2.522661
901 2.503628
902 2.519313
903 2.502219
904 2.500809
905 2.487592
906 2.500632
907 2.493760
908 2.476666
909 2.493231
910 2.463449
911 2.490940
912 2.465035
913 2.466621
914 2.463625
915 2.473317
916 2.463449
917 2.461334
918 2.461686
919 2.460805
920 2.462391
921 2.453404
922 2.462744
923 2.457809
924 2.472084
925 2.457985
926 2.466973
927 2.467678
928 2.470145
929 2.470145
930 2.470674
931 2.476489
932 2.476842
933 2.474903
934 2.479661
935 2.481776
936 2.487063
937 2.490059
938 2.491997
939 2.496051
940 2.499575
941 2.506448
942 2.504157
943 2.521956
944 2.520017
945 2.536935
946 2.533235
947 2.544866
948 2.543279
949 2.554558
950 2.548743
951 2.570242
952 2.564427
953 2.580287
954 2.576939
955 2.586455
956 2.590685
957 2.599672
958 2.599848
959 2.610246
960 2.611656
961 2.619586
962 2.627340
963 2.624344
964 2.633332
965 2.630864
966 2.637209
967 2.640909
968 2.645491
969 2.642848
970 2.651307
971 2.648840
972 2.653069
973 2.650249
974 2.656594
975 2.649368
976 2.651659
977 2.655008
978 2.649897
979 2.651835
980 2.651835
981 2.645315
982 2.650073
983 2.644258
984 2.643905
985 2.644610
986 2.642495
987 2.643024
988 2.642319
989 2.640028
990 2.638795
991 2.636504
992 2.630688
993 2.629983
994 2.626635
995 2.620467
996 2.619938
997 2.609188
998 2.601258
999 2.598615
1000 2.599672
1001 2.585398
1002 2.585926
1003 2.579054
1004 2.580287
1005 2.577291
1006 2.555087
1007 2.576939
1008 2.518608
1009 2.603373
1010 2.492702
1011 2.578525
1012 2.490940
1013 2.550329
1014 2.523190
1015 2.506448
1016 2.520194
1017 2.512440
1018 2.504686
1019 2.502747
1020 2.490588
1021 2.493055
1022 2.502219
1023 2.469264
1024 2.492702
1025 2.463977
1026 2.486006
1027 2.472789
1028 2.459572
1029 2.463977
1030 2.467854
1031 2.469264
1032 2.460805
1033 2.464506
1034 2.462039
1035 2.466797
1036 2.455871
1037 2.464682
1038 2.460100
1039 2.469264
1040 2.460629
1041 2.460629
1042 2.471026
1043 2.465387
1044 2.475784
1045 2.473317
1046 2.475784
1047 2.481600
1048 2.479133
1049 2.484243
1050 2.481600
1051 2.486887
1052 2.492174
1053 2.491997
1054 2.499928
1055 2.503981
1056 2.507153
1057 2.507329
1058 2.522837
1059 2.516845
1060 2.535349
1061 2.533235
1062 2.540989
1063 2.546628
1064 2.554206
1065 2.554734
1066 2.567951
1067 2.567599
1068 2.580111
1069 2.582402
1070 2.589803
1071 2.590861
1072 2.601258
1073 2.600377
1074 2.611303
1075 2.614828
1076 2.620996
1077 2.628045
1078 2.626635
1079 2.633155
1080 2.635270
1081 2.639852
1082 2.645844
1083 2.650602
1084 2.640028
1085 2.649368
1086 2.649016
1087 2.653245
1088 2.650426
1089 2.659061
1090 2.649192
1091 2.655712
1092 2.654126
1093 2.651835
1094 2.650954
1095 2.650778
1096 2.644786
1097 2.647782
1098 2.640909
1099 2.641967
1100 2.643200
1101 2.637385
1102 2.641967
1103 2.646901
1104 2.639147
1105 2.641967
1106 2.637032
1107 2.630512
1108 2.628573
1109 2.621877
1110 2.619410
1111 2.615885
1112 2.611832
1113 2.601434
1114 2.598615
1115 2.598615
1116 2.585926
1117 2.585926
1118 2.578172
1119 2.575881
1120 2.573943
1121 2.545042
1122 2.588570
1123 2.508210
1124 2.595619
1125 2.500456
1126 2.571476
1127 2.498694
1128 2.531296
1129 2.537112
1130 2.494288
1131 2.525304
1132 2.503981
1133 2.504333
1134 2.504862
1135 2.490059
1136 2.491292
1137 2.506448
1138 2.470145
1139 2.495698
1140 2.469440
1141 2.482129
1142 2.482129
1143 2.460981
1144 2.470145
1145 2.469088
1146 2.471555
1147 2.460805
1148 2.468207
1149 2.457104
1150 2.470498
1151 2.449703
1152 2.467678
1153 2.451818
1154 2.469088
1155 2.459219
1156 2.461862
1157 2.467149
1158 2.469440
1159 2.465739
1160 2.474727
1161 2.469793
1162 2.480719
1163 2.475608
1164 2.484067
1165 2.481952
1166 2.488473
1167 2.486006
1168 2.493583
1169 2.494993
1170 2.500985
1171 2.509620
1172 2.504862
1173 2.526538
1174 2.525833
1175 2.536759
1176 2.538874
1177 2.542575
1178 2.549095
1179 2.558435
1180 2.556497
1181 2.571828
1182 2.568480
1183 2.579758
1184 2.582402
1185 2.588394
1186 2.592094
1187 2.598791
1188 2.600730
1189 2.615004
1190 2.612889
1191 2.618528
1192 2.626106
1193 2.623463
1194 2.632979
1195 2.631393
1196 2.637032
1197 2.640557
1198 2.644786
1199 2.640204
1200 2.648487
1201 2.650954
1202 2.650778
1203 2.656241
1204 2.660823
1205 2.654479
1206 2.657475
1207 2.655712
1208 2.649721
1209 2.652540
1210 2.652540
1211 2.647254
1212 2.649544
1213 2.643024
1214 2.643553
1215 2.642495
1216 2.638090
1217 2.641967
1218 2.645491
1219 2.637561
1220 2.640557
1221 2.632274
1222 2.631569
1223 2.630336
1224 2.623639
1225 2.621524
1226 2.613065
1227 2.612361
1228 2.604959
1229 2.591037
1230 2.601963
1231 2.583812
1232 2.589451
1233 2.576586
1234 2.577291
1235 2.577291
1236 2.543103
1237 2.591566
1238 2.514378
1239 2.585045
1240 2.515083
1241 2.549271
1242 2.515083
1243 2.514202
1244 2.547861
1245 2.486711
1246 2.535878
1247 2.496227
1248 2.508563
1249 2.502219
1250 2.493231
1251 2.481424
1252 2.509620
1253 2.469616
1254 2.491821
1255 2.471555
1256 2.471026
1257 2.477194
1258 2.454285
1259 2.466621
1260 2.465739
1261 2.471026
1262 2.462567
1263 2.463272
1264 2.459395
1265 2.467854
1266 2.455166
1267 2.466621
1268 2.459395
1269 2.466092
1270 2.467502
1271 2.456752
1272 2.471555
1273 2.464506
1274 2.472789
1275 2.475608
1276 2.470321
1277 2.481776
1278 2.478604
1279 2.483186
1280 2.483010
1281 2.485829
1282 2.491645
1283 2.495874
1284 2.501161
1285 2.502747
1286 2.511030
1287 2.511382
1288 2.523894
1289 2.525833
1290 2.535878
1291 2.537464
1292 2.542927
1293 2.549447
1294 2.552443
1295 2.560550
1296 2.567951
1297 2.567775
1298 2.582931
1299 2.579758
1300 2.592271
1301 2.591742
1302 2.601082
1303 2.606369
1304 2.612889
1305 2.613418
1306 2.619938
1307 2.626459
1308 2.624168
1309 2.632627
1310 2.631041
1311 2.639676
1312 2.642848
1313 2.646725
1314 2.641438
1315 2.649544
1316 2.651483
1317 2.650602
1318 2.658003
1319 2.654831
1320 2.652540
1321 1.213469
1322 2.553324
1323 1.110728
1324 2.563898
1325 2.651307
1326 2.648487
1327 2.647782
1328 2.644258
1329 2.647077
1330 2.647077
1331 2.645315
1332 2.647430
1333 2.641262
1334 2.641086
1335 2.637737
1336 2.632274
1337 2.629807
1338 2.629807
1339 2.623639
1340 2.619410
1341 2.617295
1342 2.604607
1343 2.607602
1344 2.592976
1345 2.602139
1346 2.586103
1347 2.586984
1348 2.570066
1349 2.577468
1350 2.570418
1351 2.534997
1352 2.585222
1353 2.525304
1354 2.547156
1355 2.537816
1356 2.518960
1357 2.540989
1358 2.490940
1359 2.552620
1360 2.481424
1361 2.533763
1362 2.497460
1363 2.504157
1364 2.502219
1365 2.499575
1366 2.477723
1367 2.502395
1368 2.474198
1369 2.480190
1370 2.480190
1371 2.458514
1372 2.481600
1373 2.452699
1374 2.473493
1375 2.458514
1376 2.470850
1377 2.461334
1378 2.466444
1379 2.457281
1380 2.468207
1381 2.455166
1382 2.468383
1383 2.463449
1384 2.461334
1385 2.470145
1386 2.455871
1387 2.465211
1388 2.463449
1389 2.465916
1390 2.476666
1391 2.464330
1392 2.481776
1393 2.478780
1394 2.487063
1395 2.485124
1396 2.488649
1397 2.489001
1398 2.500632
1399 2.501161
1400 2.504157
1401 2.510854
1402 2.516493
1403 2.525128
1404 2.529534
1405 2.535173
1406 2.540989
1407 2.543279
1408 2.554734
1409 2.550857
1410 2.559492
1411 2.570066
1412 2.573238
1413 2.578877
1414 2.581168
1415 2.589099
1416 2.594738
1417 2.600025
1418 2.604783
1419 2.612008
1420 2.612713
1421 2.622582
1422 2.622934
1423 2.627516
1424 2.631041
1425 2.631217
1426 2.637385
1427 2.641614
1428 2.644963
1429 2.643905
1430 2.651307
1431 2.652012
1432 2.656065
1433 2.654479
1434 2.652717
1435 2.653598
1436 2.656770
1437 2.652188
1438 2.652717
1439 2.653774
1440 2.652188
1441 2.648487
1442 2.648663
1443 2.644963
1444 2.648135
1445 2.642319
1446 2.643905
1447 2.641614
1448 2.641967
1449 2.639500
1450 2.638618
1451 2.631041
1452 2.629455
1453 2.626282
1454 2.620996
1455 2.620819
1456 2.617647
1457 2.604430
1458 2.608307
1459 2.590332
1460 2.598615
1461 2.587336
1462 2.585574
1463 2.574119
1464 2.570595
1465 2.574824
1466 2.530415
1467 2.586808
1468 2.534292
1469 2.543808
1470 2.550857
1471 2.509973
1472 2.548919
1473 2.483362
1474 2.554382
1475 2.481071
1476 2.536054
1477 2.494112
1478 2.501866
1479 2.494993
1480 2.497284
1481 2.473493
1482 2.496932
1483 2.473317
1484 2.475432
1485 2.485124
1486 2.459748
1487 2.480719
1488 2.456576
1489 2.471026
1490 2.463801
1491 2.463801
1492 2.464858
1493 2.461686
1494 2.457809
1495 2.466092
1496 2.459572
1497 2.465563
1498 2.462215
1499 2.460453
1500 2.471907
1501 2.460453
1502 2.472965
1503 2.468912
1504 2.470674
1505 2.481600
1506 2.468912
1507 2.481247
1508 2.478428
1509 2.484596
1510 2.483362
1511 2.491997
1512 2.488297
1513 2.499928
1514 2.497460
1515 2.503805
1516 2.506624
1517 2.517022
1518 2.521427
1519 2.529181
1520 2.531472
1521 2.538698
1522 2.543456
1523 2.551562
1524 2.553501
1525 2.564074
1526 2.575705
1527 2.575529
1528 2.581697
1529 2.585926
1530 2.590332
1531 2.594914
1532 2.597910
1533 2.604254
1534 2.612713
1535 2.614123
1536 2.622053
1537 2.625930
1538 2.626987
1539 2.636504
1540 2.634389
1541 2.643729
1542 2.645139
1543 2.642672
1544 2.646196
1545 2.650073
1546 2.651835
1547 2.649016
1548 2.657651
1549 2.652188
1550 2.654479
1551 2.653598
1552 2.654655
1553 2.650426
1554 2.652893
1555 2.652012
1556 2.648663
1557 2.645844
1558 2.642672
1559 2.646901
1560 2.641790
1561 2.641262
1562 2.642848
1563 2.640733
1564 2.641262
1565 2.635094
1566 2.632979
1567 2.630159
1568 2.626635
1569 2.620291
1570 2.619057
1571 2.615180
1572 2.601434
1573 2.609893
1574 2.591918
1575 2.593504
1576 2.588217
1577 2.585045
1578 2.572709
1579 2.573062
1580 2.572357
1581 2.546275
1582 2.559669
1583 2.570242
1584 2.506448
1585 2.580463
1586 2.484948
1587 2.570418
1588 2.484596
1589 2.543632
1590 2.490235
1591 2.524776
1592 2.494465
1593 2.498870
1594 2.493055
1595 2.504509
1596 2.482305
1597 2.486534
1598 2.487063
1599 2.468207
1600 2.492350
1601 2.459219
1602 2.478075
1603 2.460629
1604 2.476313
1605 2.460981
1606 2.463272
1607 2.463977
1608 2.465563
1609 2.459748
1610 2.463096
1611 2.463272
1612 2.463272
1613 2.469088
1614 2.455695
1615 2.467149
1616 2.461862
1617 2.467854
1618 2.469440
1619 2.465916
1620 2.478957
1621 2.474375
1622 2.475784
1623 2.481952
1624 2.480014
1625 2.487592
1626 2.485124
1627 2.494817
1628 2.493055
1629 2.506624
1630 2.498342
1631 2.508386
1632 2.515259
1633 2.520194
1634 2.530767
1635 2.532530
1636 2.538874
1637 2.543103
1638 2.552091
1639 2.548743
1640 2.570947
1641 2.566541
1642 2.578877
1643 2.574824
1644 2.587336
1645 2.588570
1646 2.599496
1647 2.599320
1648 2.610774
1649 2.616942
1650 2.619586
1651 2.622758
1652 2.623287
1653 2.630159
1654 2.634389
1655 2.639500
1656 2.640381
1657 2.643553
1658 2.643377
1659 2.646901
1660 2.647782
1661 2.652188
1662 2.647958
1663 2.656241
1664 2.650778
1665 2.653598
1666 2.654831
1667 2.653421
1668 2.651307
1669 2.652893
1670 2.650602
1671 2.650426
1672 2.646196
1673 2.642672
1674 2.648135
1675 2.641967
1676 2.641262
1677 2.641614
1678 2.637913
1679 2.640557
1680 2.633684
1681 2.629631
1682 2.626106
1683 2.624873
1684 2.619586
1685 2.615709
1686 2.612008
1687 2.599320
1688 2.603549
1689 2.592447
1690 2.589627
1691 2.586631
1692 2.583812
1693 2.575000
1694 2.573414
1695 2.565308
1696 2.557025
1697 2.544337
1698 2.590156
1699 2.499399
1700 2.586808
1701 2.481952
1702 2.568480
1703 2.495698
1704 2.527595
1705 2.503452
1706 2.524599
1707 2.502571
1708 2.504509
1709 2.491292
1710 2.500809
1711 2.487415
1712 2.478780
1713 2.492878
1714 2.462391
1715 2.491821
1716 2.461334
1717 2.469793
1718 2.463096
1719 2.474022
1720 2.460805
1721 2.461686
1722 2.461510
1723 2.463096
1724 2.462215
1725 2.457633
1726 2.464506
1727 2.458514
1728 2.469088
1729 2.458162
1730 2.466797
1731 2.464858
1732 2.467326
1733 2.466621
1734 2.465916
1735 2.479838
1736 2.478075
1737 2.479661
1738 2.485124
1739 2.483362
1740 2.489354
1741 2.492174
1742 2.496227
1743 2.500809
1744 2.503100
1745 2.508034
1746 2.505391
1747 2.521956
1748 2.522485
1749 2.533058
1750 2.535349
1751 2.539931
1752 2.544161
1753 2.555439
1754 2.555968
1755 2.570771
1756 2.570947
1757 2.576763
1758 2.579935
1759 2.584340
1760 2.590685
1761 2.601258
1762 2.602316
1763 2.607955
1764 2.614828
1765 2.616061
1766 2.625754
1767 2.624520
1768 2.629102
1769 2.631217
1770 2.635094
1771 2.640557
1772 2.644963
1773 2.641262
1774 2.649368
1775 2.647430
1776 2.649368
1777 2.647782
1778 2.656770
1779 2.649721
1780 2.650426
1781 2.658180
1782 2.650249
1783 2.653598
1784 2.652893
1785 2.650426
1786 2.649368
1787 2.648311
1788 2.641438
1789 2.647782
1790 2.640204
1791 2.641262
1792 2.642319
1793 2.640381
1794 2.641790
1795 2.635623
1796 2.632979
1797 2.629455
1798 2.628221
1799 2.620291
1800 2.622229
1801 2.615533
1802 2.602316
1803 2.601611
1804 2.596500
1805 2.588746
1806 2.587865
1807 2.580992
1808 2.579230
1809 2.574824
1810 2.560550
1811 2.573414
1812 2.518255
1813 2.602668
1814 2.493407
1815 2.579230
1816 2.482657
1817 2.553853
1818 2.516140
1819 2.507682
1820 2.516140
1821 2.510677
1822 2.505038
1823 2.502042
1824 2.489706
1825 2.495346
1826 2.499751
1827 2.469440
1828 2.495698
1829 2.464330
1830 2.486711
1831 2.474022
1832 2.464330
1833 2.468735
1834 2.474903
1835 2.467678
1836 2.462567
1837 2.459748
1838 2.464506
1839 2.466621
1840 2.460276
1841 2.462215
1842 2.459572
1843 2.466621
1844 2.463272
1845 2.459395
1846 2.469264
1847 2.466621
1848 2.470321
1849 2.469440
1850 2.473670
1851 2.479485
1852 2.476313
1853 2.482657
1854 2.481952
1855 2.489706
1856 2.489354
1857 2.491997
1858 2.498694
1859 2.504862
1860 2.508563
1861 2.506800
1862 2.523013
1863 2.517374
1864 2.532353
1865 2.530767
1866 2.541165
1867 2.545218
1868 2.554029
1869 2.554558
1870 2.567246
1871 2.567246
1872 2.578525
1873 2.579230
1874 2.585398
1875 2.590861
1876 2.600377
1877 2.601963
1878 2.609541
1879 2.616942
1880 2.619762
1881 2.625401
1882 2.625049
1883 2.630512
1884 2.637561
1885 2.641438
1886 2.642495
1887 2.647782
1888 2.640733
1889 2.648135
1890 2.644434
1891 2.650954
1892 2.649368
1893 2.655889
1894 2.652364
1895 2.654831
1896 2.653421
1897 2.652188
1898 2.651659
1899 2.651131
1900 2.647958
1901 2.649544
1902 2.646901
1903 2.645844
1904 2.646196
1905 2.638618
1906 2.641790
1907 2.638266
1908 2.637032
1909 2.637385
1910 2.632627
1911 2.628221
1912 2.629807
1913 2.620115
1914 2.618176
1915 2.615004
1916 2.611303
1917 2.601963
1918 2.599672
1919 2.598439
1920 2.586984
1921 2.590156
1922 2.579054
1923 2.578349
1924 2.574472
1925 2.553853
1926 2.572357
1927 2.517727
1928 2.598262
1929 2.491469
1930 2.576410
1931 2.487768
1932 2.551386
1933 2.516845
1934 2.505391
1935 2.517550
1936 2.511030
1937 2.507682
1938 2.502571
1939 2.488825
1940 2.490235
1941 2.500985
1942 2.465916
1943 2.493760
1944 2.462215
1945 2.485301
1946 2.468559
1947 2.463272
1948 2.466621
1949 2.472260
1950 2.463977
1951 2.459572
1952 2.460276
1953 2.465035
1954 2.462920
1955 2.459395
1956 2.464330
1957 2.461686
1958 2.467678
1959 2.463449
1960 2.459924
1961 2.469088
1962 2.463801
1963 2.470850
1964 2.470498
1965 2.470498
1966 2.480895
1967 2.474727
1968 2.478075
1969 2.478957
1970 2.486006
1971 2.487944
1972 2.494465
1973 2.497284
1974 2.505214
1975 2.504157
1976 2.506096
1977 2.521956
1978 2.522661
1979 2.535173
1980 2.539402
1981 2.542222
1982 2.549447
1983 2.553324
1984 2.555968
1985 2.569361
1986 2.568304
1987 2.582754
1988 2.584693
1989 2.589803
1990 2.593152
1991 2.596148
1992 2.599672
1993 2.613065
1994 2.613065
1995 2.620996
1996 2.625225
1997 2.626459
1998 2.631041
1999 2.631922
2000 2.636680
2001 2.638442
2002 2.644963
2003 2.639852
2004 2.648663
2005 2.647782
2006 2.649368
2007 2.654126
2008 2.657122
2009 2.650249
2010 2.655008
2011 2.653950
2012 2.654303
2013 2.655008
2014 2.651131
2015 2.649192
2016 2.653421
2017 2.646372
2018 2.648840
2019 2.644081
2020 2.644258
2021 2.641790
2022 2.641790
2023 2.638090
2024 2.638971
2025 2.633684
2026 2.629631
2027 2.630336
2028 2.621348
2029 2.617295
2030 2.613947
2031 2.609893
2032 2.606897
2033 2.594562
2034 2.600906
2035 2.588394
2036 2.586279
2037 2.575881
2038 2.579582
2039 2.573943
2040 2.536759
2041 2.591037
2042 2.513321
2043 2.575705
2044 2.524776
2045 2.545218
2046 2.526362
2047 2.505214
2048 2.552796
2049 2.485124
2050 2.536230
2051 2.496051
2052 2.507153
2053 2.502571
2054 2.497813
2055 2.476842
2056 2.506624
2057 2.464682
2058 2.484948
2059 2.470674
2060 2.466092
2061 2.478428
2062 2.455166
2063 2.470498
2064 2.464153
2065 2.466973
2066 2.460276
2067 2.463096
2068 2.458162
2069 2.469088
2070 2.456223
2071 2.466973
2072 2.460453
2073 2.463977
2074 2.467678
2075 2.457104
2076 2.471026
2077 2.465739
2078 2.469616
2079 2.477194
2080 2.467854
2081 2.482129
2082 2.475080
2083 2.480543
2084 2.483715
2085 2.488297
2086 2.490940
2087 2.498165
2088 2.501514
2089 2.503981
2090 2.508386
2091 2.511206
2092 2.520194
2093 2.524776
2094 2.533411
2095 2.537288
2096 2.540989
2097 2.549976
2098 2.550857
2099 2.557554
2100 2.568127
2101 2.571300
2102 2.580111
2103 2.580816
2104 2.590685
2105 2.595090
2106 2.601434
2107 2.602316
2108 2.609541
2109 2.615180
2110 2.617295
2111 2.626635
2112 2.623287
2113 2.635094
2114 2.631041
2115 2.640557
2116 2.641262
2117 2.645315
2118 2.641967
2119 2.649016
2120 2.649721
2121 2.651131
2122 2.653245
2123 2.653774
2124 2.652893
2125 2.653421
2126 2.653069
2127 2.651483
2128 2.653421
2129 2.654479
2130 2.651307
2131 2.650073
2132 2.645844
2133 2.647782
2134 2.643905
2135 2.641614
2136 2.641438
2137 2.644434
2138 2.640028
2139 2.645139
2140 2.635975
2141 2.634741
2142 2.630688
2143 2.622582
2144 2.620115
2145 2.617119
2146 2.605311
2147 2.607955
2148 2.591566
2149 2.597734
2150 2.587689
2151 2.587865
2152 2.576586
2153 2.577468
2154 2.573767
2155 2.529886
2156 2.592799
2157 2.518960
2158 2.562664
2159 2.536583
2160 2.533058
2161 2.539050
2162 2.496932
2163 2.554382
2164 2.483186
2165 2.534292
2166 2.494288
2167 2.500280
2168 2.499223
2169 2.498518
2170 2.478075
2171 2.503276
2172 2.472789
2173 2.483186
2174 2.479309
2175 2.465563
2176 2.483891
2177 2.461510
2178 2.475784
2179 2.465387
2180 2.468383
2181 2.464682
2182 2.462744
2183 2.459924
2184 2.462039
2185 2.458514
2186 2.463096
2187 2.459748
2188 2.460629
2189 2.469440
2190 2.457281
2191 2.472789
2192 2.466092
2193 2.472965
2194 2.476137
2195 2.470850
2196 2.477194
2197 2.481952
2198 2.475961
2199 2.485124
2200 2.482834
2201 2.495874
2202 2.493231
2203 2.505214
2204 2.497989
2205 2.511559
2206 2.511030
2207 2.528653
2208 2.525304
2209 2.538345
2210 2.540812
2211 2.545042
2212 2.553853
2213 2.552267
2214 2.561255
2215 2.570242
2216 2.573767
2217 2.579230
2218 2.585750
2219 2.588041
2220 2.595266
2221 2.600377
2222 2.603197
2223 2.616766
2224 2.613594
2225 2.619938
2226 2.625754
2227 2.624520
2228 2.635799
2229 2.633332
2230 2.645491
2231 2.642848
2232 2.648135
2233 2.641790
2234 2.649897
2235 2.650249
2236 2.650073
2237 2.652893
2238 2.651483
2239 2.653245
2240 2.655360
2241 2.651307
2242 2.650426
2243 2.651659
2244 2.647782
2245 2.646549
2246 2.648135
2247 2.645315
2248 2.649721
2249 2.642848
2250 2.640204
2251 2.643553
2252 2.640204
2253 2.639323
2254 2.635446
2255 2.632274
2256 2.631217
2257 2.627516
2258 2.620819
2259 2.620643
2260 2.614651
2261 2.605311
2262 2.607779
2263 2.589451
2264 2.596500
2265 2.585045
2266 2.585574
2267 2.572709
2268 2.570771
2269 2.575000
2270 2.531120
2271 2.586455
2272 2.530591
2273 2.544513
2274 2.547685
2275 2.510854
2276 2.547156
2277 2.485124
2278 2.554206
2279 2.482481
2280 2.533763
2281 2.494817
2282 2.500280
2283 2.495346
2284 2.494641
2285 2.473317
2286 2.497460
2287 2.473846
2288 2.477723
2289 2.483010
2290 2.461862
2291 2.481071
2292 2.460805
2293 2.472084
2294 2.467326
2295 2.466973
2296 2.466621
2297 2.459395
2298 2.457985
2299 2.462391
2300 2.460276
2301 2.465563
2302 2.461510
2303 2.458690
2304 2.468735
2305 2.461158
2306 2.472436
2307 2.468735
2308 2.469440
2309 2.479838
2310 2.468383
2311 2.478780
2312 2.481424
2313 2.478780
2314 2.487768
2315 2.480190
2316 2.497989
2317 2.493760
2318 2.510149
2319 2.499751
2320 2.511206
2321 2.514731
2322 2.526714
2323 2.530239
2324 2.536759
2325 2.536935
2326 2.542398
2327 2.553148
2328 2.550329
2329 2.564603
2330 2.564603
2331 2.575881
2332 2.575353
2333 2.585750
2334 2.587160
2335 2.597734
2336 2.599320
2337 2.604430
2338 2.617119
2339 2.614123
2340 2.625754
2341 2.622229
2342 2.629807
2343 2.628397
2344 2.635446
2345 2.638266
2346 2.644081
2347 2.640909
2348 2.642848
2349 2.648840
2350 2.648840
2351 2.651835
2352 2.656770
2353 2.654655
2354 2.653069
2355 2.657475
2356 2.654126
2357 2.652717
2358 2.652364
2359 2.650073
2360 2.650778
2361 2.647958
2362 2.641790
2363 2.649192
2364 2.641438
2365 2.644786
2366 2.639676
2367 2.641086
2368 2.638795
2369 2.638618
2370 2.631922
2371 2.634918
2372 2.626459
2373 2.624168
2374 2.619938
2375 2.618000
2376 2.602139
2377 2.609717
2378 2.588746
2379 2.591213
2380 2.586984
2381 2.584517
2382 2.577996
2383 2.577115
2384 2.572886
2385 2.545042
2386 2.560197
2387 2.567246
2388 2.509444
2389 2.578172
2390 2.489530
2391 2.569537
2392 2.486534
2393 2.543279
2394 2.496403
2395 2.525481
2396 2.500280
2397 2.494465
2398 2.493583
2399 2.500809
2400 2.484067
2401 2.483891
2402 2.491116
2403 2.466621
2404 2.493055
2405 2.460629
2406 2.478075
2407 2.460276
2408 2.474375
2409 2.461686
2410 2.460981
2411 2.463449
2412 2.461158
2413 2.458162
2414 2.460100
2415 2.460981
2416 2.462039
2417 2.468383
2418 2.453932
2419 2.470498
2420 2.462391
2421 2.471379
2422 2.468207
2423 2.470498
2424 2.477370
2425 2.473670
2426 2.475608
2427 2.483538
2428 2.479485
2429 2.487239
2430 2.484948
2431 2.489883
2432 2.494641
2433 2.504686
2434 2.501514
2435 2.508210
2436 2.521075
2437 2.522308
2438 2.529710
2439 2.533939
2440 2.537464
2441 2.545218
2442 2.551386
2443 2.550681
2444 2.567070
2445 2.564074
2446 2.575353
2447 2.577996
2448 2.582226
2449 2.588041
2450 2.598967
2451 2.598791
2452 2.606369
2453 2.614651
2454 2.617119
2455 2.624873
2456 2.624696
2457 2.630336
2458 2.631569
2459 2.636504
2460 2.638795
2461 2.643729
2462 2.641086
2463 2.647958
2464 2.649544
2465 2.653774
2466 2.653950
2467 2.659061
2468 2.656770
2469 2.652540
2470 2.655360
2471 2.650954
2472 2.653245
2473 2.653421
2474 2.651131
2475 2.647958
2476 2.648663
2477 2.639323
2478 2.646901
2479 2.639323
2480 2.642495
2481 2.642848
2482 2.638795
2483 2.639500
2484 2.634741
2485 2.630688
2486 2.631922
2487 2.626459
2488 2.618881
2489 2.619410
2490 2.615885
2491 2.601787
2492 2.607074
2493 2.594209
2494 2.592094
2495 2.587160
2496 2.584340
2497 2.570947
2498 2.576586
2499 2.566541
2500 2.556849
2501 2.539931
2502 2.589980
2503 2.494288
2504 2.585750
2505 2.478957
2506 2.567599
2507 2.496755
2508 2.525657
2509 2.503276
2510 2.516493
2511 2.502042
2512 2.501337
2513 2.488649
2514 2.502571
2515 2.489354
2516 2.480014
2517 2.494112
2518 2.463625
2519 2.491997
2520 2.462215
2521 2.473317
2522 2.464506
2523 2.475961
2524 2.461334
2525 2.460629
2526 2.463449
2527 2.463801
2528 2.462215
2529 2.458690
2530 2.465035
2531 2.461158
2532 2.467854
2533 2.454813
2534 2.463625
2535 2.465739
2536 2.462215
2537 2.465916
2538 2.465387
2539 2.475256
2540 2.472789
2541 2.472789
2542 2.479309
2543 2.482305
2544 2.487592
2545 2.488825
2546 2.493583
2547 2.494993
2548 2.506977
2549 2.503805
2550 2.508739
2551 2.516317
2552 2.524776
2553 2.530591
2554 2.540812
2555 2.540284
2556 2.551562
2557 2.553324
2558 2.556673
2559 2.571652
2560 2.570947
2561 2.581345
2562 2.576763
2563 2.588746
2564 2.590685
2565 2.603902
2566 2.600377
2567 2.614299
2568 2.609012
2569 2.621877
2570 2.622053
2571 2.626282
2572 2.630512
2573 2.631041
2574 2.638442
2575 2.638090
2576 2.644610
2577 2.639147
2578 2.650073
2579 2.646372
2580 2.652364
2581 2.646725
2582 2.659942
2583 2.650602
2584 2.658532
2585 2.655536
2586 2.649721
2587 2.652717
2588 2.650778
2589 2.649192
2590 2.647606
2591 2.645139
2592 2.642143
2593 2.647958
2594 2.642319
2595 2.644258
2596 2.644610
2597 2.640909
2598 2.637561
2599 2.636327
2600 2.630864
2601 2.630336
2602 2.623992
2603 2.621348
2604 2.617119
2605 2.614828
2606 2.600025
2607 2.605488
2608 2.594738
2609 2.592447
2610 2.586455
2611 2.582402
2612 2.577115
2613 2.576058
2614 2.560197
2615 2.573414
2616 2.523718
2617 2.599496
2618 2.493231
2619 2.582931
2620 2.485477
2621 2.558611
2622 2.520017
2623 2.514026
2624 2.517198
2625 2.515788
2626 2.503276
2627 2.507153
2628 2.487415
2629 2.497637
2630 2.498694
2631 2.472612
2632 2.494288
2633 2.463801
2634 2.488297
2635 2.470498
2636 2.464858
2637 2.463449
2638 2.474198
2639 2.463096
2640 2.463096
2641 2.460276
2642 2.464682
2643 2.466444
2644 2.458514
2645 2.463272
2646 2.459219
2647 2.474198
2648 2.462391
2649 2.462567
2650 2.469264
2651 2.467149
2652 2.470498
2653 2.472612
2654 2.473141
2655 2.478428
2656 2.473670
2657 2.480014
2658 2.477547
2659 2.485477
2660 2.489883
2661 2.492702
2662 2.499751
2663 2.506448
2664 2.509091
2665 2.512616
2666 2.523013
2667 2.523894
2668 2.533058
2669 2.536230
2670 2.538874
2671 2.549095
2672 2.551738
2673 2.554029
2674 2.566894
2675 2.570947
2676 2.580640
2677 2.578877
2678 2.587689
2679 2.587865
2680 2.601963
2681 2.601611
2682 2.613418
2683 2.613242
2684 2.619410
2685 2.625225
2686 2.626635
2687 2.631922
2688 2.632627
2689 2.634918
2690 2.640909
2691 2.647782
2692 2.639147
2693 2.652540
2694 2.649192
2695 2.655184
2696 2.647606
2697 2.659942
2698 2.649016
2699 2.654655
2700 2.648487
2701 2.651659
2702 2.647958
2703 2.655184
2704 2.647782
2705 2.650954
2706 2.645139
2707 2.644434
2708 2.644963
2709 2.640204
2710 2.641262
2711 2.644258
2712 2.639500
2713 2.638971
2714 2.632274
2715 2.626459
2716 2.630512
2717 2.619762
2718 2.618705
2719 2.612361
2720 2.610598
2721 2.603549
2722 2.595443
2723 2.601611
2724 2.588570
2725 2.590332
2726 2.579230
2727 2.577644
2728 2.581168
2729 2.542927
2730 2.589451
2731 2.512440
2732 2.589803
2733 2.510854
2734 2.554910
2735 2.507153
2736 2.522485
2737 2.541870
2738 2.489001
2739 2.528829
2740 2.500985
2741 2.503805
2742 2.501161
2743 2.491645
2744 2.483538
2745 2.506624
2746 2.465211
2747 2.491645
2748 2.467854
2749 2.477547
2750 2.479133
2751 2.458338
2752 2.466268
2753 2.466092
2754 2.469264
2755 2.461158
2756 2.459043
2757 2.458514
2758 2.463625
2759 2.459219
2760 2.458514
2761 2.461686
2762 2.463977
2763 2.468735
2764 2.455518
2765 2.470145
2766 2.461686
2767 2.472965
2768 2.475961
2769 2.469088
2770 2.481776
2771 2.473846
2772 2.482657
2773 2.478604
2774 2.490411
2775 2.489178
2776 2.497108
2777 2.497284
2778 2.499928
2779 2.509268
2780 2.507682
2781 2.522837
2782 2.522837
2783 2.531825
2784 2.537993
2785 2.541165
2786 2.548743
2787 2.556320
2788 2.554558
2789 2.571652
2790 2.567775
2791 2.578525
2792 2.582226
2793 2.584517
2794 2.591742
2795 2.601258
2796 2.603549
2797 2.612537
2798 2.613947
2799 2.619762
2800 2.626459
2801 2.624520
2802 2.632450
2803 2.634741
2804 2.638090
2805 2.643553
2806 2.646549
2807 2.639676
2808 2.651659
2809 2.650602
2810 2.655712
2811 2.650073
2812 2.658356
2813 2.650426
2814 2.655889
2815 2.651131
2816 2.654655
2817 2.650426
2818 2.654479
2819 2.643200
2820 2.649368
2821 2.641790
2822 2.646196
2823 2.644434
2824 2.640909
2825 2.644258
2826 2.640733
2827 2.640557
2828 2.639500
2829 2.636680
2830 2.631922
2831 2.633155
2832 2.622405
2833 2.620291
2834 2.611832
2835 2.607074
2836 2.603549
2837 2.588922
2838 2.597557
2839 2.580640
2840 2.585750
2841 2.576058
2842 2.579230
2843 2.577115
2844 2.539579
2845 2.588394
2846 2.513673
2847 2.580816
2848 2.516317
2849 2.546804
2850 2.517903
2851 2.510501
2852 2.543808
2853 2.483715
2854 2.525833
2855 2.499046
2856 2.500985
2857 2.505743
2858 2.489178
2859 2.484596
2860 2.504333
2861 2.466268
2862 2.485124
2863 2.474903
2864 2.469088
2865 2.481776
2866 2.456576
2867 2.471203
2868 2.467678
2869 2.471555
2870 2.461862
2871 2.461158
2872 2.457457
2873 2.464682
2874 2.454990
2875 2.462039
2876 2.460100
2877 2.460100
2878 2.471731
2879 2.454637
2880 2.474375
2881 2.459395
2882 2.471731
2883 2.471731
2884 2.471379
2885 2.477018
2886 2.481776
2887 2.477899
2888 2.486182
2889 2.483362
2890 2.494465
2891 2.494288
2892 2.503981
2893 2.498342
2894 2.514554
2895 2.510501
2896 2.529005
2897 2.524247
2898 2.541870
2899 2.538345
2900 2.544513
2901 2.552443
2902 2.551210
2903 2.561255
2904 2.570947
2905 2.576234
2906 2.580640
2907 2.585574
2908 2.585045
2909 2.595443
2910 2.595443
2911 2.603549
2912 2.609012
2913 2.610070
2914 2.623110
2915 2.619762
2916 2.628221
2917 2.632979
2918 2.634565
2919 2.636504
2920 2.644081
2921 2.646196
2922 2.640557
2923 2.651307
2924 2.645844
2925 2.652364
2926 2.652540
2927 2.658003
2928 2.648135
2929 2.655889
2930 2.649368
2931 2.655008
2932 2.649544
2933 2.652188
2934 2.644786
2935 2.649544
2936 2.640028
2937 2.646901
2938 2.641614
2939 2.643024
2940 2.643200
2941 2.640557
2942 2.640381
2943 2.640909
2944 2.633332
2945 2.628573
2946 2.626459
2947 2.617471
2948 2.623110
2949 2.614651
2950 2.609012
2951 2.608660
2952 2.590332
2953 2.599672
2954 2.593152
2955 2.590332
2956 2.579582
2957 2.571828
2958 2.574119
2959 2.536583
2960 2.571300
2961 2.558259
2962 2.520722
2963 2.568832
2964 2.495346
2965 2.563017
2966 2.482481
2967 2.546804
2968 2.488297
2969 2.529710
2970 2.494288
2971 2.499046
2972 2.491645
2973 2.498342
2974 2.478780
2975 2.491997
2976 2.482834
2977 2.471907
2978 2.488120
2979 2.459572
2980 2.477018
2981 2.459395
2982 2.473846
2983 2.462039
2984 2.466444
2985 2.465563
2986 2.461510
2987 2.458867
2988 2.459219
2989 2.458867
2990 2.463625
2991 2.466797
2992 2.456752
2993 2.472436
2994 2.460629
2995 2.470498
2996 2.462039
2997 2.469088
2998 2.479133
2999 2.472612
3000 2.478075
3001 2.483186
3002 2.481424
3003 2.487592
3004 2.490059
3005 2.493231
3006 2.496227
3007 2.505214
3008 2.499399
3009 2.510325
3010 2.513850
3011 2.523718
3012 2.530767
3013 2.534116
3014 2.539579
3015 2.546628
3016 2.549624
3017 2.554382
3018 2.562488
3019 2.567423
3020 2.576939
3021 2.578349
3022 2.585045
3023 2.587689
3024 2.596500
3025 2.597910
3026 2.603020
3027 2.611656
3028 2.613065
3029 2.620643
3030 2.624168
3031 2.628221
3032 2.631217
3033 2.634918
3034 2.636327
3035 2.646725
3036 2.646196
3037 2.649368
3038 2.649544
3039 2.650073
3040 2.652540
3041 2.656065
3042 2.653774
3043 2.652717
3044 2.655184
3045 2.652540
3046 2.649721
3047 2.649016
3048 2.650602
3049 2.650073
3050 2.651307
3051 2.643200
3052 2.648135
3053 2.644963
3054 2.647077
3055 2.642143
3056 2.641262
3057 2.635446
3058 2.635799
3059 2.627516
3060 2.628750
3061 2.623992
3062 2.622934
3063 2.620467
3064 2.616590
3065 2.602139
3066 2.609541
3067 2.588746
3068 2.594914
3069 2.585398
3070 2.589099
3071 2.576939
3072 2.573767
3073 2.572004
3074 2.539579
3075 2.567599
3076 2.555615
3077 2.515259
3078 2.570595
3079 2.493583
3080 2.564427
3081 2.482481
3082 2.547685
3083 2.489530
3084 2.529005
3085 2.496932
3086 2.499046
3087 2.496227
3088 2.500632
3089 2.480014
3090 2.487415
3091 2.482657
3092 2.468559
3093 2.490235
3094 2.456047
3095 2.481071
3096 2.461334
3097 2.473846
3098 2.463977
3099 2.465916
3100 2.467502
3101 2.463272
3102 2.460629
3103 2.459572
3104 2.463096
3105 2.459395
3106 2.470674
3107 2.453580
3108 2.471907
3109 2.462391
3110 2.469969
3111 2.466797
3112 2.465739
3113 2.475961
3114 2.474551
3115 2.477547
3116 2.483715
3117 2.476137
3118 2.491645
3119 2.485301
3120 2.495522
3121 2.495346
3122 2.506977
3123 2.496579
3124 2.507329
3125 2.515436
3126 2.523894
3127 2.530591
3128 2.534468
3129 2.540812
3130 2.547156
3131 2.555792
3132 2.554558
3133 2.567070
3134 2.570947
3135 2.576234
3136 2.582402
3137 2.585926
3138 2.588394
3139 2.601434
3140 2.598615
3141 2.607779
3142 2.613065
3143 2.617824
3144 2.625754
3145 2.625754
3146 2.631041
3147 2.633155
3148 2.637913
3149 2.637913
3150 2.644258
3151 2.639676
3152 2.646901
3153 2.649368
3154 2.654655
3155 2.651131
3156 2.659589
3157 2.650249
3158 2.654655
3159 2.654126
3160 2.651659
3161 2.650249
3162 2.657122
3163 2.650602
3164 2.649368
3165 2.646196
3166 2.642672
3167 2.647077
3168 2.642495
3169 2.643905
3170 2.643024
3171 2.640733
3172 2.637385
3173 2.637385
3174 2.628221
3175 2.633860
3176 2.624344
3177 2.626635
3178 2.619938
3179 2.618705
3180 2.603197
3181 2.607074
3182 2.597557
3183 2.590332
3184 2.588394
3185 2.582578
3186 2.580287
3187 2.574648
3188 2.560726
3189 2.579054
3190 2.519665
3191 2.599672
3192 2.493583
3193 2.579406
3194 2.487239
3195 2.549447
3196 2.523718
3197 2.507682
3198 2.517903
3199 2.512263
3200 2.504862
3201 2.506272
3202 2.486006
3203 2.494993
3204 2.499223
3205 2.472436
3206 2.494817
3207 2.462039
3208 2.487944
3209 2.476842
3210 2.466268
3211 2.469440
3212 2.472436
3213 2.467678
3214 2.463449
3215 2.462215
3216 2.461686
3217 2.463096
3218 2.454285
3219 2.462920
3220 2.457457
3221 2.468559
3222 2.462215
3223 2.460276
3224 2.468030
3225 2.464506
3226 2.468559
3227 2.469264
3228 2.472965
3229 2.477899
3230 2.477723
3231 2.481071
3232 2.481424
3233 2.483715
3234 2.486358
3235 2.490235
3236 2.498870
3237 2.500985
3238 2.506448
3239 2.505214
3240 2.520899
3241 2.523894
3242 2.533587
3243 2.539579
3244 2.537640
3245 2.550152
3246 2.548214
3247 2.556849
3248 2.562841
3249 2.571123
3250 2.575000
3251 2.584340
3252 2.583635
3253 2.594033
3254 2.596853
3255 2.601434
3256 2.610246
3257 2.612537
3258 2.621524
3259 2.625225
3260 2.629631
3261 2.630512
3262 2.634741
3263 2.634565
3264 2.642848
3265 2.643729
3266 2.640733
3267 2.647606
3268 2.649192
3269 2.649368
3270 2.652012
3271 2.658532
3272 2.650602
3273 2.654831
3274 2.656946
3275 2.654831
3276 2.653950
3277 2.655008
3278 2.645667
3279 2.650954
3280 2.643377
3281 2.646725
3282 2.645491
3283 2.641790
3284 2.640733
3285 2.643377
3286 2.639147
3287 2.637032
3288 2.635094
3289 2.628926
3290 2.630864
3291 2.622934
3292 2.620643
3293 2.615356
3294 2.610951
3295 2.600025
3296 2.597734
3297 2.598791
3298 2.585750
3299 2.585750
3300 2.580463
3301 2.581168
3302 2.576234
3303 2.550152
3304 2.583812
3305 2.518079
3306 2.600906
3307 2.500985
3308 2.570418
3309 2.493760
3310 2.538698
3311 2.530944
3312 2.498694
3313 2.521956
3314 2.505214
3315 2.506096
3316 2.503628
3317 2.491821
3318 2.491116
3319 2.503100
3320 2.464682
3321 2.494112
3322 2.464682
3323 2.482834
3324 2.476313
3325 2.460276
3326 2.468030
3327 2.471379
3328 2.469088
3329 2.460629
3330 2.462039
3331 2.461862
3332 2.465916
3333 2.458162
3334 2.460805
3335 2.458867
3336 2.466092
3337 2.460805
3338 2.459395
3339 2.471203
3340 2.467502
3341 2.469440
3342 2.471555
3343 2.467149
3344 2.480190
3345 2.476842
3346 2.479838
3347 2.481071
3348 2.485301
3349 2.490411
3350 2.494641
3351 2.499575
3352 2.502219
3353 2.510854
3354 2.507153
3355 2.525304
3356 2.524071
3357 2.535878
3358 2.537464
3359 2.539402
3360 2.551033
3361 2.551915
3362 2.558611
3363 2.569890
3364 2.570242
3365 2.582402
3366 2.580992
3367 2.587160
3368 2.590156
3369 2.600201
3370 2.601082
3371 2.614123
3372 2.615004
3373 2.621701
3374 2.626811
3375 2.628221
3376 2.632979
3377 2.634918
3378 2.638618
3379 2.640733
3380 2.643024
3381 2.641790
3382 2.649544
3383 2.652540
3384 2.654126
3385 2.653069
3386 2.657651
3387 2.649192
3388 2.655360
3389 2.650778
3390 2.654655
3391 2.652540
3392 2.656417
3393 2.646725
3394 2.652012
3395 2.641967
3396 2.646901
3397 2.640557
3398 2.641790
3399 2.640733
3400 2.643200
3401 2.636856
3402 2.639147
3403 2.632450
3404 2.631922
3405 2.631217
3406 2.621524
3407 2.621524
3408 2.615709
3409 2.611656
3410 2.602844
3411 2.593504
3412 2.600201
3413 2.588217
3414 2.586984
3415 2.576586
3416 2.576058
3417 2.576763
3418 2.534292
3419 1.104384
3420 2.515436
3421 2.569009
3422 2.525481
3423 2.535349
3424 2.528476
3425 2.498165
3426 2.550329
3427 2.483186
3428 2.528300
3429 2.497108
3430 2.501690
3431 2.502571
3432 2.495169
3433 2.477018
3434 2.502395
3435 2.467678
3436 2.483186
3437 2.474551
3438 2.463801
3439 2.481776
3440 2.453756
3441 2.469793
3442 2.465916
3443 2.470145
3444 2.461686
3445 2.462567
3446 2.457281
3447 2.466268
3448 2.460629
3449 0.839162
3450 2.257439
3451 0.816076
3452 2.469969
3453 1.012217
3454 0.841982
3455 0.839691
3456 2.285635
3457 2.480366
3458 2.467502
3459 2.479485
3460 2.477723
3461 2.480366
3462 1.036713
3463 2.487239
3464 1.046053
3465 2.493583
3466 2.318061
3467 0.874936
3468 2.510325
3469 1.065438
3470 2.510854
3471 2.523190
3472 2.532530
3473 2.538521
3474 2.541693
3475 2.552972
3476 2.553853
3477 2.560550
3478 2.569361
3479 2.572533
3480 2.578525
3481 2.584340
3482 2.588394
3483 2.597734
3484 2.599848
3485 2.600730
3486 2.615709
3487 2.610774
3488 2.623463
3489 2.626635
3490 2.630336
3491 2.637209
3492 2.634213
3493 2.640557
3494 2.646020
3495 2.644610
3496 2.642848
3497 2.643729
3498 2.648487
3499 2.646196
3500 2.653950
3501 2.651483
3502 2.653245
3503 2.654126
3504 2.653598
3505 2.650602
3506 2.650073
3507 2.650602
3508 2.647254
3509 2.650954
3510 2.640909
3511 2.648487
3512 2.644786
3513 2.646020
3514 2.642495
3515 2.644258
3516 2.637561
3517 2.638266
3518 2.629983
3519 2.631746
3520 2.630336
3521 2.619586
3522 2.619762
3523 2.618000
3524 2.604783
3525 2.611127
3526 2.590332
3527 2.597557
3528 2.591213
3529 2.585926
3530 2.580111
3531 2.573414
3532 2.570771
3533 2.542046
3534 2.565484
3535 2.561960
3536 2.515612
3537 2.571652
3538 2.492526
3539 2.564779
3540 2.484420
3541 2.544513
3542 2.491645
3543 2.530767
3544 2.502042
3545 2.501690
3546 2.496227
3547 2.501866
3548 2.480543
3549 2.488473
3550 2.485124
3551 2.471026
3552 2.493055
3553 2.458338
3554 2.477547
3555 2.459748
3556 2.476666
3557 2.459572
3558 2.466973
3559 2.462039
3560 2.468383
3561 2.454990
3562 2.463272
3563 2.454637
3564 2.468207
3565 2.463625
3566 2.461686
3567 2.463272
3568 2.463801
3569 2.468559
3570 2.471379
3571 2.466092
3572 2.482834
3573 2.469264
3574 2.476842
3575 2.481776
3576 2.479661
3577 2.488120
3578 2.488297
3579 2.494993
3580 2.497989
3581 2.507505
3582 2.499751
3583 2.510501
3584 2.513321
3585 2.524423
3586 2.526538
3587 2.537993
3588 2.537640
3589 2.548214
3590 2.548566
3591 2.552972
3592 2.563722
3593 2.566541
3594 2.573591
3595 2.577820
3596 2.587336
3597 2.585926
3598 2.598615
3599 2.597734
3600 2.609541
3601 2.612008
3602 2.617647
3603 2.620819
3604 2.625401
3605 2.629983
3606 2.632274
3607 2.635623
3608 2.638266
3609 2.643729
3610 2.641262
3611 2.647782
3612 2.647077
3613 2.650778
3614 2.646549
3615 2.655184
3616 2.651835
3617 2.655360
3618 2.653245
3619 2.656594
3620 2.654479
3621 2.656241
3622 2.650073
3623 2.649897
3624 2.649897
3625 2.644081
3626 2.650249
3627 2.645315
3628 2.644081
3629 2.645315
3630 2.640909
3631 2.637385
3632 2.640381
3633 2.629983
3634 2.634036
3635 2.624168
3636 2.622405
3637 2.615356
3638 2.614123
3639 2.602139
3640 2.609188
3641 2.592271
3642 2.591918
3643 2.585750
3644 2.585222
3645 2.576410
3646 2.575353
3647 2.570066
3648 2.543456
3649 2.554206
3650 2.575353
3651 2.500456
3652 2.581873
3653 2.481071
3654 2.570418
3655 2.485124
3656 2.538698
3657 2.495698
3658 2.525657
3659 2.494465
3660 2.501514
3661 2.489178
3662 2.504157
3663 2.483362
3664 2.481952
3665 2.486887
3666 2.462744
3667 2.491645
3668 2.458162
3669 2.475256
3670 2.459924
3671 2.477194
3672 2.463449
3673 2.462391
3674 2.462920
3675 2.463977
3676 2.461686
3677 2.460629
3678 2.463096
3679 2.461334
3680 2.471379
3681 2.457633
3682 2.468912
3683 2.465211
3684 2.465739
3685 2.470321
3686 2.468030
3687 2.478252
3688 2.475256
3689 2.475784
3690 2.483186
3691 2.478780
3692 2.488120
3693 2.485477
3694 2.496579
3695 2.497284
3696 2.509620
3697 2.498694
3698 2.507505
3699 2.514026
3700 2.522661
3701 2.531120
3702 2.536407
3703 2.537993
3704 2.547333
3705 2.549624
3706 2.549800
3707 2.564779
3708 2.568656
3709 2.576763
3710 2.579758
3711 2.587689
3712 2.588746
3713 2.599320
3714 2.597557
3715 2.606897
3716 2.611656
3717 2.620291
3718 2.624344
3719 2.626987
3720 2.633332
3721 2.634741
3722 2.638442
3723 2.640557
3724 2.646549
3725 2.641967
3726 2.647254
3727 2.646196
3728 2.649368
3729 2.651659
3730 2.658003
3731 2.652540
3732 2.653598
3733 2.653598
3734 2.652893
3735 2.653421
3736 2.654303
3737 2.649016
3738 2.653069
3739 2.645315
3740 2.646901
3741 2.641967
3742 2.639147
3743 2.635975
3744 2.641438
3745 2.634741
3746 2.640381
3747 2.635975
3748 2.633508
3749 2.629807
3750 2.623815
3751 2.620996
3752 2.614828
3753 2.618176
3754 2.599848
3755 2.608307
3756 2.597557
3757 2.590685
3758 2.588041
3759 2.581697
3760 2.576234
3761 2.576763
3762 2.554206
3763 2.584164
3764 2.515612
3765 2.600906
3766 2.498694
3767 2.576586
3768 2.493231
3769 2.545570
3770 2.526009
3771 2.507153
3772 2.522661
3773 2.510501
3774 2.506448
3775 2.509091
3776 2.491645
3777 2.494465
3778 2.502395
3779 2.466621
3780 2.494641
3781 2.465211
3782 2.481247
3783 2.472612
3784 2.459924
3785 2.467678
3786 2.469969
3787 2.467854
3788 2.463801
3789 2.461686
3790 2.462744
3791 2.464506
3792 2.454461
3793 2.464858
3794 2.462920
3795 2.467854
3796 2.464506
3797 2.456399
3798 2.470321
3799 2.460981
3800 2.472436
3801 2.469088
3802 2.474022
3803 2.474727
3804 2.479485
3805 2.475961
3806 2.484772
3807 2.481952
3808 2.491116
3809 2.490235
3810 2.500456
3811 2.500104
3812 2.510149
3813 2.504157
3814 2.525833
3815 2.520017
3816 2.532001
3817 2.536583
3818 2.539579
3819 2.548919
3820 2.554029
3821 2.560021
3822 2.569009
3823 2.569537
3824 2.575177
3825 2.585398
3826 2.585045
3827 2.590508
3828 2.599320
3829 2.599496
3830 2.610951
3831 2.612361
3832 2.620291
3833 2.626987
3834 2.624873
3835 2.628750
3836 2.632450
3837 2.636327
3838 2.642143
3839 2.644786
3840 2.639852
3841 2.648663
3842 2.647606
3843 2.654479
3844 2.650778
3845 2.658708
3846 2.650426
3847 2.655008
3848 2.650954
3849 2.649897
3850 2.653421
3851 2.652717
3852 2.646372
3853 2.651307
3854 2.643377
3855 2.643553
3856 1.197785
3857 2.638971
3858 2.639676
3859 2.641438
3860 2.638266
3861 2.641967
3862 2.634036
3863 2.630688
3864 2.629631
3865 2.622405
3866 2.619410
3867 2.613770
3868 2.609893
3869 2.604959
3870 2.595795
3871 2.603373
3872 2.587336
3873 2.588041
3874 2.578525
3875 2.577996
3876 2.577996
3877 2.547509
3878 2.586279
3879 2.511382
3880 2.591389
3881 2.502571
3882 2.560726
3883 2.502219
3884 2.530062
3885 2.536759
3886 2.491997
3887 2.528124
3888 2.503805
3889 2.502747
3890 2.502571
3891 2.488473
3892 2.489530
3893 2.505391
3894 2.468383
3895 2.492174
3896 2.468735
3897 2.475256
3898 2.478428
3899 2.456752
3900 2.471203
3901 2.467502
3902 2.466444
3903 2.460981
3904 2.461510
3905 2.460453
3906 2.464153
3907 2.454637
3908 2.461686
3909 2.458867
3910 2.466973
3911 2.466444
3912 2.457281
3913 2.472260
3914 2.462920
3915 2.473846
3916 2.472084
3917 2.476842
3918 2.481424
3919 2.482481
3920 2.476313
3921 2.487592
3922 2.482481
3923 2.498870
3924 2.492878
3925 2.506096
3926 2.498165
3927 2.514026
3928 2.503100
3929 2.526362
3930 2.516845
3931 2.537464
3932 2.534468
3933 2.543456
3934 2.548390
3935 2.554206
3936 2.557025
3937 2.568656
3938 2.568480
3939 2.579230
3940 2.582049
3941 2.584869
3942 2.594385
3943 2.598262
3944 2.604607
3945 2.608484
3946 2.616061
3947 2.618352
3948 2.625930
3949 2.625401
3950 2.632979
3951 2.636151
3952 2.643200
3953 2.646549
3954 2.648311
3955 2.642495
3956 2.649016
3957 2.651307
3958 2.650249
3959 2.655889
3960 2.656417
3961 2.655712
3962 2.653774
3963 2.656594
3964 2.649897
3965 2.655889
3966 2.651483
3967 2.648311
3968 2.650602
3969 2.644434
3970 2.647430
3971 2.643729
3972 2.642672
3973 2.638971
3974 2.641790
3975 2.635623
3976 2.637737
3977 2.629102
3978 2.627869
3979 2.625401
3980 2.622229
3981 2.618352
3982 2.618705
3983 2.606545
3984 2.609541
3985 2.590861
3986 2.601611
3987 2.587160
3988 2.590156
3989 2.573767
3990 2.575177
3991 2.572004
3992 2.533763
3993 2.588922
3994 2.527595
3995 2.552796
3996 2.544337
3997 2.520546
3998 2.543984
3999 2.490764
4000 2.554558
4001 2.481424
4002 2.530591
4003 2.494993
4004 2.501337
4005 2.501866
4006 2.495874
4007 2.479485
4008 2.501866
4009 2.475256
4010 2.480190
4011 2.484067
4012 2.462744
4013 2.484948
4014 2.454108
4015 2.472789
4016 2.463977
4017 2.467502
4018 2.463449
4019 2.460453
4020 2.459748
4021 2.459572
4022 2.458690
4023 2.461862
4024 2.465387
4025 2.458867
4026 2.474551
4027 2.455871
4028 2.474198
4029 2.466621
4030 2.470850
4031 2.478075
4032 2.468735
4033 2.482481
4034 2.481952
4035 2.483362
4036 2.487592
4037 2.487063
4038 2.496051
4039 2.497284
4040 2.506096
4041 2.499928
4042 2.511735
4043 2.513321
4044 2.526538
4045 2.524247
4046 2.535702
4047 2.538874
4048 2.543808
4049 2.553677
4050 2.551033
4051 2.565484
4052 2.566541
4053 2.572886
4054 2.577291
4055 2.585398
4056 2.587336
4057 2.598615
4058 2.599672
4059 2.609365
4060 2.614828
4061 2.613947
4062 2.623463
4063 2.625930
4064 2.630864
4065 2.632450
4066 2.635446
4067 2.637032
4068 2.643553
4069 2.642672
4070 2.647430
4071 2.648663
4072 2.652364
4073 2.648311
4074 2.656241
4075 2.654303
4076 2.655008
4077 2.655712
4078 2.652188
4079 2.651483
4080 2.652540
4081 2.652717
4082 2.646020
4083 2.649016
4084 2.642848
4085 2.646549
4086 2.645667
4087 2.643553
4088 2.642319
4089 2.644610
4090 2.640204
4091 2.639323
4092 2.631569
4093 2.633684
4094 2.626987
4095 2.624696
4096 2.617824
4097 2.618528
4098 2.603020
4099 2.615709
4100 2.586103
4101 2.601787
4102 2.584340
4103 2.590685
4104 2.572709
4105 2.579230
4106 2.566365
4107 2.552796
4108 2.547156
4109 2.582754
4110 2.498870
4111 2.582226
4112 2.480366
4113 2.568304
4114 2.491292
4115 2.534292
4116 2.497460
4117 2.526890
4118 2.500809
4119 2.501337
4120 2.490059
4121 2.500809
4122 2.486182
4123 2.480719
4124 2.489178
4125 2.465563
4126 2.495698
4127 2.462744
4128 2.477194
4129 2.461510
4130 2.477899
4131 2.464506
4132 2.467149
4133 2.463625
4134 2.467854
4135 2.462920
4136 2.460805
4137 2.462039
4138 2.460805
4139 2.469969
4140 2.453227
4141 2.468207
4142 2.463449
4143 2.470498
4144 2.465211
4145 2.466092
4146 2.475961
4147 2.472260
4148 2.475256
4149 2.479133
4150 2.478957
4151 2.484243
4152 2.488649
4153 2.490588
4154 2.496403
4155 2.503981
4156 2.502395
4157 2.508386
4158 2.518431
4159 2.521075
4160 2.527243
4161 2.536935
4162 2.532706
4163 2.549976
4164 2.548390
4165 2.554558
4166 2.565132
4167 2.570066
4168 2.572709
4169 2.581697
4170 2.583459
4171 2.589451
4172 2.595619
4173 2.596324
4174 2.611479
4175 2.610774
4176 2.618000
4177 2.619410
4178 2.625578
4179 2.629807
4180 2.634565
4181 2.631569
4182 2.639500
4183 2.644258
4184 2.641262
4185 2.648487
4186 2.648311
4187 2.652364
4188 2.647958
4189 2.659061
4190 2.650954
4191 2.656946
4192 2.651659
4193 2.653069
4194 2.652012
4195 2.656065
4196 2.650073
4197 2.654126
4198 2.645139
4199 2.643553
4200 2.643553
4201 2.643905
4202 2.638971
4203 2.642495
4204 2.641086
4205 2.640381
4206 2.638442
4207 2.629278
4208 2.628750
4209 2.622758
4210 2.621348
4211 2.616590
4212 2.617119
4213 2.599320
4214 2.609717
4215 2.591918
4216 2.591389
4217 2.585750
4218 2.585750
4219 2.575000
4220 2.577996
4221 2.566013
4222 2.555439
4223 2.541517
4224 2.590156
4225 2.495169
4226 2.587336
4227 2.481952
4228 2.568127
4229 2.498342
4230 2.530062
4231 2.506977
4232 2.520546
4233 2.504686
4234 2.499575
4235 2.491292
4236 2.498165
4237 2.491292
4238 2.476313
4239 2.489530
4240 2.459748
4241 2.490764
4242 2.461510
4243 2.466797
4244 2.465035
4245 2.472260
4246 2.465387
4247 2.461686
4248 2.463449
4249 2.463625
4250 2.460805
4251 2.459748
4252 2.461686
4253 2.464682
4254 2.468383
4255 2.460629
4256 2.466092
4257 2.469088
4258 2.466797
4259 2.472965
4260 2.464682
4261 2.477370
4262 2.472612
4263 2.476666
4264 2.480543
4265 2.483891
4266 2.489530
4267 2.490059
4268 2.491469
4269 2.498342
4270 2.504333
4271 2.503805
4272 2.503981
4273 2.517022
4274 2.523190
4275 2.529358
4276 2.538169
4277 2.539402
4278 2.552091
4279 2.552091
4280 2.557378
4281 2.567599
4282 2.571828
4283 2.576586
4284 2.582931
4285 2.583107
4286 2.592447
4287 2.599143
4288 2.599672
4289 2.610422
4290 2.611832
4291 2.620643
4292 2.623110
4293 2.627340
4294 2.632098
4295 2.638442
4296 2.637737
4297 2.644963
4298 2.644963
4299 2.645844
4300 2.648840
4301 2.654303
4302 2.654126
4303 2.654655
4304 2.657827
4305 2.649897
4306 2.655536
4307 2.652717
4308 2.653069
4309 2.652364
4310 2.656946
4311 2.648663
4312 2.650602
4313 2.646196
4314 2.646020
4315 2.642848
4316 2.642495
4317 2.640733
4318 2.647254
4319 2.635446
4320 2.643553
4321 2.632627
4322 2.631393
4323 2.632450
4324 2.625930
4325 2.621524
4326 2.617647
4327 2.615356
4328 2.603020
4329 2.601082
4330 2.597910
4331 2.587689
4332 2.586103
4333 2.583988
4334 2.579935
4335 2.577996
4336 2.548919
4337 2.587865
4338 2.509796
4339 2.598967
4340 2.502923
4341 2.571828
4342 2.498518
4343 2.532706
4344 2.532530
4345 2.495169
4346 2.521251
4347 2.505567
4348 2.503628
4349 2.504333
4350 2.486006
4351 2.489706
4352 2.504333
4353 2.467678
4354 2.495346
4355 2.468383
4356 2.478780
4357 2.476313
4358 2.459043
4359 2.468912
4360 2.470674
4361 2.469616
4362 2.463625
4363 2.461158
4364 2.464330
4365 2.463272
4366 2.457633
4367 2.465035
4368 2.457633
4369 2.465916
4370 2.464153
4371 2.455518
4372 2.472084
4373 2.466092
4374 2.473493
4375 2.473670
4376 2.473141
4377 2.482305
4378 2.478604
4379 2.480895
4380 2.484772
4381 2.490235
4382 2.493936
4383 2.493407
4384 2.502747
4385 2.500632
4386 2.510325
4387 2.506272
4388 2.524423
4389 2.522661
4390 2.536759
4391 2.538521
4392 2.539402
4393 2.547685
4394 2.552267
4395 2.557201
4396 2.571300
4397 2.572181
4398 2.576939
4399 2.581697
4400 2.586631
4401 2.590861
4402 2.600377
4403 2.598967
4404 2.609717
4405 2.610598
4406 2.621348
4407 2.620819
4408 2.629102
4409 2.630336
4410 2.639323
4411 2.638090
4412 2.645491
4413 2.649016
4414 2.640381
4415 2.650073
4416 2.648487
4417 2.653598
4418 2.648487
4419 2.659942
4420 2.651835
4421 2.656241
4422 2.655360
4423 2.652893
4424 2.649721
4425 2.653774
4426 2.647254
4427 2.652188
4428 2.645315
4429 2.647077
4430 2.644610
4431 2.641614
4432 2.640909
4433 2.642143
4434 2.636504
4435 2.640557
4436 2.634565
4437 2.627869
4438 2.625754
4439 2.619938
4440 2.620291
4441 2.613594
4442 2.608131
4443 2.605135
4444 2.595266
4445 2.599496
4446 2.586103
4447 2.584340
4448 2.578172
4449 2.576410
4450 2.577468
4451 2.533939
4452 2.587689
4453 2.510501
4454 2.577996
4455 2.519489
4456 2.547333
4457 2.521956
4458 2.507858
4459 2.548038
4460 2.487063
4461 2.531825
4462 2.497284
4463 2.503452
4464 2.501337
4465 2.494112
4466 2.481424
4467 2.506272
4468 2.466621
4469 2.488297
4470 2.475608
4471 2.473846
4472 2.484420
4473 2.461686
4474 2.473846
4475 2.467854
4476 2.469440
4477 2.460981
4478 2.459748
4479 2.457104
4480 2.469616
4481 2.456576
4482 2.466268
4483 2.459395
4484 2.464153
4485 2.464330
4486 2.460981
4487 2.469088
4488 2.467149
4489 2.466621
4490 2.479309
4491 2.465916
4492 2.479133
4493 2.475608
4494 2.479309
4495 2.481247
4496 2.490411
4497 2.491821
4498 2.496227
4499 2.506272
4500 2.498870
4501 2.514907
4502 2.506272
4503 2.526362
4504 2.521251
4505 2.539226
4506 2.537993
4507 2.546980
4508 2.548390
4509 2.556144
4510 2.557378
4511 2.570947
4512 2.573062
4513 2.577820
4514 2.580640
4515 2.586103
4516 2.589451
4517 2.599143
4518 2.601082
4519 2.612537
4520 2.611656
4521 2.622229
4522 2.622758
4523 2.623815
4524 2.630159
4525 2.631393
4526 2.640557
4527 2.644081
4528 2.646901
4529 2.641967
4530 2.649897
4531 2.650073
4532 2.652893
4533 2.652893
4534 2.657122
4535 2.651835
4536 2.660471
4537 2.657122
4538 2.655184
4539 2.654126
4540 2.652540
4541 2.650073
4542 2.652364
4543 2.642848
4544 2.646725
4545 2.642495
4546 2.641790
4547 2.641086
4548 2.643553
4549 2.639676
4550 2.640733
4551 2.628045
4552 2.631746
4553 2.627692
4554 2.624168
4555 2.620115
4556 2.619057
4557 2.609188
4558 2.611127
4559 2.594033
4560 2.599143
4561 2.586808
4562 2.585574
4563 2.575705
4564 2.573414
4565 2.574295
4566 2.531120
4567 2.585750
4568 2.525128
4569 2.551562
4570 2.543632
4571 2.521251
4572 2.541693
4573 2.491469
4574 2.554382
4575 2.483891
4576 2.531825
4577 2.490764
4578 2.501161
4579 2.497813
4580 2.498870
4581 2.477370
4582 2.501690
4583 2.473493
4584 2.483186
4585 2.483891
4586 2.463096
4587 2.484948
4588 2.455871
4589 2.472084
4590 2.462567
4591 2.469264
4592 2.462039
4593 2.462567
4594 2.454813
4595 2.467326
4596 2.458338
4597 2.465563
4598 2.461158
4599 2.457457
4600 2.467854
4601 2.455166
4602 2.471026
4603 2.462567
4604 2.472260
4605 2.479309
4606 2.469793
4607 2.478957
4608 2.479485
4609 2.479485
4610 2.485301
4611 2.480895
4612 2.493936
4613 2.491645
4614 2.503452
4615 2.497813
4616 2.510677
4617 2.508739
4618 2.526714
4619 2.521251
4620 2.539755
4621 2.535525
4622 2.543103
4623 2.547156
4624 2.552796
4625 2.560021
4626 2.571828
4627 2.572357
4628 2.580463
4629 2.580816
4630 2.586631
4631 2.597910
4632 2.598439
4633 2.608131
4634 2.613065
4635 2.617295
4636 2.622053
4637 2.626811
4638 2.629631
4639 2.633332
4640 2.632627
4641 2.638090
4642 2.644434
4643 2.645315
4644 2.644610
4645 2.651131
4646 2.649368
4647 2.650602
4648 2.655712
4649 2.652893
4650 2.651307
4651 2.654126
4652 2.651835
4653 2.653069
4654 2.653245
4655 2.650602
4656 2.649721
4657 2.651835
4658 2.646372
4659 2.648135
4660 2.644963
4661 2.643553
4662 2.643024
4663 2.640557
4664 2.637913
4665 2.635094
4666 2.632803
4667 2.629278
4668 2.628573
4669 2.620115
4670 2.619586
4671 2.618705
4672 2.604959
4673 2.610070
4674 2.592271
4675 2.596676
4676 2.588217
4677 2.586279
4678 2.575881
4679 2.573943
4680 2.570066
4681 2.551738
4682 2.551738
4683 2.579758
4684 2.502219
4685 2.582402
4686 2.483715
4687 2.567423
4688 2.490235
4689 2.537112
4690 2.500809
4691 2.525304
4692 2.502571
4693 2.503628
4694 2.489706
4695 2.505391
4696 2.483715
4697 2.482834
4698 2.490235
4699 2.466973
4700 2.494817
4701 2.463625
4702 2.473141
4703 2.463272
4704 2.475961
4705 2.461158
4706 2.462039
4707 2.460453
4708 2.464153
4709 2.461510
4710 2.459572
4711 2.460453
4712 2.462744
4713 2.469616
4714 2.456576
4715 2.464858
4716 2.462920
4717 2.464330
4718 2.467149
4719 2.467678
4720 2.478780
4721 2.477018
4722 2.479309
4723 2.485301
4724 2.479485
4725 2.486358
4726 2.485124
4727 2.492702
4728 2.495346
4729 2.507153
4730 2.499751
4731 2.508386
4732 2.513673
4733 2.521956
4734 2.524599
4735 2.538345
4736 2.535878
4737 2.549800
4738 2.551562
4739 2.556497
4740 2.566718
4741 2.569890
4742 2.575177
4743 2.579582
4744 2.585398
4745 2.586279
4746 2.596500
4747 2.598439
4748 2.609012
4749 2.612008
4750 2.616590
4751 2.622758
4752 2.623639
4753 2.628750
4754 2.636504
4755 2.634565
4756 2.642848
4757 2.644258
4758 2.645667
4759 2.647077
4760 2.649721
4761 2.652188
4762 2.649544
4763 2.658356
4764 2.653421
4765 2.652364
4766 2.655184
4767 2.652188
4768 2.650778
4769 2.650426
4770 2.646549
4771 2.647782
4772 2.644081
4773 2.643729
4774 2.647430
4775 2.644610
4776 2.642672
4777 2.645844
4778 2.637913
4779 2.641086
4780 2.635270
4781 2.632450
4782 2.629631
4783 2.628573
4784 2.622758
4785 2.617471
4786 2.618176
4787 2.602316
4788 2.607250
4789 2.592799
4790 2.592094
4791 2.585045
4792 2.585750
4793 2.575881
4794 2.578877
4795 2.559845
4796 2.569537
4797 2.529358
4798 2.594738
4799 2.493760
4800 2.581168
4801 2.483186
4802 2.558787
4803 2.511911
4804 2.516669
4805 2.515612
4806 2.514731
4807 2.505214
4808 2.504686
4809 2.488825
4810 2.501690
4811 2.498165
4812 2.477370
4813 2.497108
4814 2.464858
4815 2.493583
4816 2.469264
4817 2.465739
4818 2.462567
4819 2.468383
4820 2.460100
4821 2.459219
4822 2.458514
4823 2.459924
4824 2.460981
4825 2.452875
4826 2.460981
4827 2.460629
4828 2.469616
4829 2.457281
4830 2.459219
4831 2.468207
4832 2.462920
4833 2.471555
4834 2.468030
4835 2.478252
4836 2.475961
4837 2.478957
4838 2.481247
4839 2.484420
4840 2.484596
4841 2.490411
4842 2.489883
4843 2.502923
4844 2.501161
4845 2.511735
4846 2.503981
4847 2.524423
4848 2.522308
4849 2.534292
4850 2.537112
4851 2.539755
4852 2.546804
4853 2.553324
4854 2.557378
4855 2.568127
4856 2.571828
4857 2.574472
4858 2.583283
4859 2.583988
4860 2.593504
4861 2.597557
4862 2.603020
4863 2.610246
4864 2.618000
4865 2.620115
4866 2.623815
4867 2.625049
4868 2.628926
4869 2.633508
4870 2.631746
4871 2.640381
4872 2.644434
4873 2.644081
4874 2.650954
4875 2.649897
4876 2.654303
4877 2.651131
4878 2.660647
4879 2.650073
4880 2.659061
4881 2.655360
4882 2.655536
4883 2.652717
4884 2.656770
4885 2.650954
4886 2.649368
4887 2.645139
4888 2.643377
4889 2.646725
4890 2.641262
4891 2.644786
4892 2.645667
4893 2.638442
4894 2.640909
4895 2.635270
4896 2.631393
4897 2.629807
4898 2.623992
4899 2.621701
4900 2.618176
4901 2.612008
4902 2.603197
4903 2.600025
4904 2.599848
4905 2.588746
4906 2.586455
4907 2.582226
4908 2.578349
4909 2.577291
4910 2.546452
4911 2.586984
4912 2.510677
4913 2.597557
4914 2.501337
4915 2.568832
4916 2.499751
4917 2.536935
4918 2.533058
4919 2.496579
4920 2.522837
4921 2.502042
4922 2.503452
4923 2.499575
4924 2.489178
4925 2.486534
4926 2.507858
4927 2.472084
4928 2.496227
4929 2.464506
4930 2.477194
4931 2.473493
4932 2.458162
4933 2.465563
4934 2.469616
4935 2.462039
4936 2.462920
4937 2.458690
4938 2.462744
4939 2.463977
4940 2.459395
4941 2.465739
4942 2.461686
4943 2.466973
4944 2.465916
4945 2.458690
4946 2.472260
4947 2.466621
4948 2.473141
4949 2.473317
4950 2.468735
4951 2.480895
4952 2.474022
4953 2.481600
4954 2.480543
4955 2.489001
4956 2.487768
4957 2.493936
4958 2.495169
4959 2.503100
4960 2.504509
4961 2.505567
4962 2.519841
4963 2.522132
4964 2.534468
4965 2.541517
4966 2.537816
4967 2.551386
4968 2.550505
4969 2.558611
4970 2.570595
4971 2.572181
4972 2.577996
4973 2.585398
4974 2.585750
4975 2.593857
4976 2.596148
4977 2.598967
4978 2.610070
4979 2.609541
4980 2.618000
4981 2.620819
4982 2.626811
4983 2.628573
4984 2.636504
4985 2.638442
4986 2.646020
4987 2.644258
4988 2.644081
4989 2.649544
4990 2.653774
4991 2.649016
4992 2.652012
4993 2.650954
4994 2.653598
4995 2.654479
4996 2.655184
4997 2.652893
4998 2.652717
4999 2.653069
