0 0.710834
1 0.719276
2 0.708371
3 0.714000
4 0.708723
5 0.708371
6 0.708371
7 0.787345
8 0.792797
9 0.775912
10 0.760258
11 0.764128
12 0.754805
13 0.754102
14 0.757620
15 0.753398
16 0.754805
17 0.730709
18 0.753926
19 0.726488
20 0.729478
21 0.725432
22 0.728598
23 0.729478
24 0.754981
25 0.756740
26 0.753398
27 0.759203
28 0.776440
29 0.776088
30 0.780309
31 0.788752
32 0.793501
33 0.708371
34 0.708547
35 0.708371
36 0.711009
37 0.710482
38 0.716990
39 0.717166
40 0.710834
41 0.709075
42 0.719804
43 0.725256
44 0.710834
45 0.708547
46 0.731061
47 0.733699
48 0.748474
49 0.799657
50 0.798777
51 0.806868
52 0.799833
53 0.801240
54 0.815663
55 0.843453
56 0.843453
57 0.843453
58 0.843453
59 0.846091
60 0.865966
61 0.866670
62 0.868956
63 0.877223
64 0.882852
65 1.068589
66 1.069996
67 1.073865
68 1.069644
69 1.068589
70 1.068589
71 1.068589
72 1.072810
73 1.079846
74 1.082484
75 1.086002
76 1.068589
77 1.068589
78 1.089695
79 1.068589
80 1.088288
81 1.086178
82 1.079846
83 1.079846
84 1.069292
85 1.069996
86 1.074217
87 0.877223
88 1.068589
89 0.849081
90 1.068589
91 1.068589
92 0.866142
93 0.882852
94 0.870188
95 0.854358
96 0.844860
97 0.850312
98 0.810386
99 0.843453
100 0.798426
101 0.811089
102 0.798953
103 0.798426
104 0.799833
105 0.798953
106 0.743549
107 0.719276
108 0.715055
109 0.710834
110 0.708371
111 0.730533
112 0.719804
113 0.709251
114 0.710482
115 0.708899
116 0.716814
117 0.708371
118 0.708547
119 0.709602
120 0.708371
121 0.708371
122 0.780837
123 0.788576
124 0.775912
125 0.763424
126 0.763424
127 0.753926
128 0.758499
129 0.753750
130 0.728598
131 0.754981
132 0.753398
133 0.753398
134 0.725256
135 0.729478
136 0.719628
137 0.730533
138 0.729654
139 0.753398
140 0.756740
141 0.753398
142 0.762017
143 0.776440
144 0.776088
145 0.776616
146 0.787872
147 0.795787
148 0.708371
149 0.709075
150 0.711713
151 0.708723
152 0.708723
153 0.716990
154 0.715231
155 0.709778
156 0.711185
157 0.719628
158 0.729654
159 0.709427
160 0.708371
161 0.731588
162 0.742142
163 0.750760
164 0.798601
165 0.798426
166 0.806868
167 0.798426
168 0.802647
169 0.816366
170 0.843629
171 0.843453
172 0.844156
173 0.849257
174 0.865966
175 0.868077
176 0.865966
177 0.868781
178 0.878279
179 0.882852
180 0.883907
181 0.887073
182 1.068589
183 1.069644
184 1.074393
185 1.069292
186 1.071051
187 1.068589
188 1.079846
189 1.085474
190 1.088288
191 1.068765
192 1.068589
193 1.069116
194 1.068765
195 1.088288
196 1.089695
197 1.072810
198 1.071403
199 1.068589
200 1.077031
201 1.068941
202 0.877223
203 1.085650
204 0.867374
205 0.887952
206 1.072810
207 0.854006
208 0.882852
209 0.866670
210 0.854358
211 0.844156
212 0.867198
213 0.811265
214 0.843453
215 0.798777
216 0.815487
217 0.798426
218 0.807396
219 0.799833
220 0.799129
221 0.747770
222 0.719276
223 0.717166
224 0.710482
225 0.711185
226 0.726488
227 0.719628
228 0.708371
229 0.711009
230 0.708371
231 0.708723
232 0.709602
233 0.709075
234 0.711537
235 0.708371
236 0.708371
237 0.787169
238 0.787872
239 0.778726
240 0.761841
241 0.764303
242 0.754630
243 0.753750
244 0.753398
245 0.729478
246 0.753750
247 0.753398
248 0.729478
249 0.725256
250 0.728071
251 0.725256
252 0.753398
253 0.753398
254 0.753398
255 0.756213
256 0.754454
257 0.753926
258 0.764303
259 0.775912
260 0.787696
261 0.794028
262 0.795611
263 0.709075
264 0.713648
265 0.713296
266 0.708723
267 0.710834
268 0.718221
269 0.708371
270 0.708547
271 0.711185
272 0.719628
273 0.728071
274 0.709075
275 0.709075
276 0.730885
277 0.734227
278 0.749001
279 0.753047
280 0.802647
281 0.804230
282 0.798426
283 0.801240
284 0.815311
285 0.819708
286 0.845915
287 0.843805
288 0.843453
289 0.850137
290 0.865966
291 0.870188
292 0.877399
293 0.877223
294 0.884083
295 0.887249
296 1.068589
297 1.068589
298 1.068589
299 1.074217
300 1.068589
301 1.068589
302 1.072810
303 1.081253
304 1.086178
305 1.085474
306 1.085650
307 1.068589
308 1.090399
309 1.088288
310 1.089695
311 1.090399
312 1.080022
313 1.071403
314 1.069292
315 1.078439
316 1.071227
317 0.877223
318 1.086705
319 0.868077
320 0.882852
321 1.071403
322 0.853478
323 0.877223
324 0.854534
325 0.854006
326 0.843629
327 0.865966
328 0.810914
329 0.843453
330 0.799129
331 0.815311
332 0.801416
333 0.806868
334 0.800009
335 0.798426
336 0.743725
337 0.718397
338 0.714351
339 0.711185
340 0.708547
341 0.725960
342 0.719804
343 0.710482
344 0.710834
345 0.708371
346 0.709602
347 0.708371
348 0.708899
349 0.708371
350 0.795963
351 0.797018
352 0.781365
353 0.780309
354 0.775912
355 0.761841
356 0.760082
357 0.753574
358 0.753398
359 0.753750
360 0.753398
361 0.754102
362 0.753398
363 0.753398
364 0.726312
365 0.730181
366 0.725256
367 0.753398
368 0.753750
369 0.756213
370 0.756213
371 0.753398
372 0.760082
373 0.775912
374 0.777319
375 0.787169
376 0.789807
377 0.797018
378 0.708899
379 0.713296
380 0.709075
381 0.709075
382 0.714000
383 0.709778
384 0.718221
385 0.708371
386 0.709075
387 0.721739
388 0.729478
389 0.708723
390 0.708371
391 0.731412
392 0.742142
393 0.751991
394 0.798426
395 0.799481
396 0.807044
397 0.799833
398 0.809858
399 0.819708
400 0.843453
401 0.844156
402 0.847674
403 0.843453
404 0.854358
405 0.865966
406 0.868781
407 0.877223
408 0.878630
409 0.878630
410 1.068589
411 1.068589
412 1.068589
413 1.069996
414 1.079142
415 1.068765
416 1.068589
417 1.072810
418 1.081253
419 1.086705
420 1.068589
421 1.068941
422 1.069996
423 1.069996
424 1.068941
425 1.086178
426 1.088288
427 1.079846
428 1.071755
429 1.077031
430 1.074217
431 1.069996
432 0.877223
433 1.068589
434 0.879686
435 0.866670
436 1.069996
437 0.849081
438 0.883379
439 0.865966
440 0.866670
441 0.843453
442 0.867374
443 0.803878
444 0.845915
445 0.798601
446 0.811969
447 0.803526
448 0.800888
449 0.798426
450 0.748825
451 0.742493
452 0.708547
453 0.714175
454 0.709778
455 0.708371
456 0.719804
457 0.719980
458 0.709602
459 0.708547
460 0.713472
461 0.716814
462 0.711713
463 0.708899
464 0.712768
465 0.797722
466 0.708371
467 0.787169
468 0.780133
469 0.778374
470 0.755861
471 0.759554
472 0.758323
473 0.753398
474 0.753750
475 0.728071
476 0.754454
477 0.728246
478 0.753398
479 0.725960
480 0.729654
481 0.722090
482 0.729654
483 0.728598
484 0.754102
485 0.753574
486 0.753926
487 0.764479
488 0.776088
489 0.775912
490 0.788752
491 0.795611
492 0.797194
493 0.709778
494 0.708899
495 0.708371
496 0.708371
497 0.719100
498 0.716814
499 0.708547
500 0.708899
501 0.709075
502 0.719628
503 0.729478
504 0.711185
505 0.714175
506 0.732116
507 0.744252
508 0.798601
509 0.798953
510 0.802647
511 0.806868
512 0.799481
513 0.809682
514 0.815487
515 0.844684
516 0.844508
517 0.844332
518 0.843629
519 0.866142
520 0.865966
521 0.866142
522 0.865966
523 0.878630
524 0.885666
525 1.069820
526 1.068589
527 1.073514
528 1.070172
529 1.077031
530 1.068941
531 1.071227
532 1.071579
533 1.079846
534 1.086353
535 1.068589
536 1.068765
537 1.068589
538 1.069292
539 1.068589
540 1.081429
541 1.085650
542 1.072810
543 1.068589
544 1.079670
545 1.077031
546 1.071403
547 1.071403
548 1.071403
549 1.070699
550 0.843453
551 1.068589
552 0.845036
553 0.887073
554 0.847674
555 0.878630
556 0.815838
557 0.865966
558 0.803702
559 0.845563
560 0.807044
561 0.802647
562 0.798601
563 0.801592
564 0.798426
565 0.747946
566 0.747770
567 0.709778
568 0.710482
569 0.712592
570 0.711185
571 0.719628
572 0.722090
573 0.708371
574 0.708723
575 0.713648
576 0.708371
577 0.713472
578 0.708371
579 0.711361
580 0.795611
581 0.796139
582 0.788400
583 0.775912
584 0.775912
585 0.759730
586 0.761841
587 0.759027
588 0.753398
589 0.753398
590 0.730181
591 0.729654
592 0.726312
593 0.726312
594 0.725256
595 0.753398
596 0.725784
597 0.753398
598 0.754630
599 0.754454
600 0.755509
601 0.754454
602 0.776088
603 0.775912
604 0.776088
605 0.787872
606 0.792973
607 0.788576
608 0.708371
609 0.711185
610 0.708371
611 0.709778
612 0.708371
613 0.708371
614 0.708899
615 0.708371
616 0.719804
617 0.725256
618 0.709427
619 0.711185
620 0.708547
621 0.731237
622 0.742142
623 0.798601
624 0.798601
625 0.798426
626 0.798953
627 0.800009
628 0.809682
629 0.816014
630 0.844332
631 0.844332
632 0.843629
633 0.843805
634 0.852423
635 0.866318
636 0.868781
637 0.877575
638 0.882852
639 0.888304
640 1.069996
641 1.069820
642 1.069292
643 1.068589
644 1.077031
645 1.068589
646 1.071403
647 1.071403
648 1.081253
649 1.088640
650 1.086002
651 1.069644
652 1.069116
653 1.090575
654 1.068589
655 1.085650
656 1.080197
657 1.071931
658 1.070699
659 1.079670
660 1.069996
661 1.069820
662 1.069292
663 1.068589
664 1.079142
665 0.844332
666 1.068765
667 0.845915
668 1.068589
669 0.843453
670 0.878630
671 0.819532
672 0.865966
673 0.803350
674 0.844860
675 0.809155
676 0.801416
677 0.803350
678 0.798426
679 0.801416
680 0.742142
681 0.744252
682 0.709427
683 0.708371
684 0.709778
685 0.708371
686 0.712768
687 0.725256
688 0.708371
689 0.709427
690 0.711713
691 0.714000
692 0.709251
693 0.708547
694 0.711185
695 0.792973
696 0.793853
697 0.788224
698 0.780309
699 0.776088
700 0.759730
701 0.759730
702 0.759203
703 0.753750
704 0.755861
705 0.729654
706 0.753750
707 0.753398
708 0.753398
709 0.728246
710 0.730181
711 0.730181
712 0.753398
713 0.753398
714 0.756213
715 0.758323
716 0.754454
717 0.759554
718 0.775912
719 0.776088
720 0.780837
721 0.708371
722 0.792973
723 0.709778
724 0.712768
725 0.709602
726 0.714000
727 0.714000
728 0.708547
729 0.708371
730 0.710482
731 0.720683
732 0.720156
733 0.708547
734 0.711185
735 0.708371
736 0.731412
737 0.742317
738 0.798426
739 0.799833
740 0.798426
741 0.807396
742 0.799129
743 0.803350
744 0.818125
745 0.843453
746 0.847850
747 0.843453
748 0.849081
749 0.865966
750 0.866494
751 0.877575
752 0.877927
753 0.879334
754 1.068765
755 1.069820
756 1.070699
757 1.073865
758 1.068589
759 1.077031
760 1.068589
761 1.068941
762 1.080549
763 1.088464
764 1.089871
765 1.068765
766 1.068589
767 1.069644
768 1.069116
769 1.068589
770 1.086178
771 1.079846
772 1.071931
773 1.068765
774 1.078439
775 1.078614
776 1.068589
777 1.085474
778 0.843453
779 1.068589
780 0.843453
781 1.068589
782 0.865966
783 1.071227
784 0.843805
785 0.879334
786 0.843805
787 0.852423
788 0.809682
789 0.818477
790 0.799833
791 0.806868
792 0.798426
793 0.751991
794 0.802823
795 0.743549
796 0.742669
797 0.718397
798 0.708371
799 0.711713
800 0.708547
801 0.719980
802 0.719804
803 0.709427
804 0.715231
805 0.709602
806 0.709075
807 0.710482
808 0.708371
809 0.708371
810 0.797018
811 0.787696
812 0.708371
813 0.777495
814 0.775912
815 0.761841
816 0.756037
817 0.754630
818 0.754805
819 0.753926
820 0.753398
821 0.728071
822 0.728598
823 0.730181
824 0.725256
825 0.725432
826 0.753398
827 0.725256
828 0.753398
829 0.753750
830 0.758323
831 0.753398
832 0.759730
833 0.775912
834 0.778550
835 0.776264
836 0.795787
837 0.795611
838 0.709778
839 0.708371
840 0.708723
841 0.708547
842 0.714527
843 0.716814
844 0.709427
845 0.711185
846 0.719628
847 0.725432
848 0.708547
849 0.712592
850 0.714703
851 0.733699
852 0.748649
853 0.752695
854 0.798426
855 0.798426
856 0.807044
857 0.800536
858 0.801240
859 0.819708
860 0.843453
861 0.846267
862 0.847850
863 0.844860
864 0.866142
865 0.865966
866 0.868781
867 0.877399
868 0.883555
869 0.885666
870 1.068941
871 1.068589
872 1.068765
873 1.075097
874 1.074393
875 1.069116
876 1.068589
877 1.080549
878 1.081956
879 1.089871
880 1.070875
881 1.068589
882 1.090399
883 1.088464
884 1.090575
885 1.085826
886 1.086002
887 1.080022
888 1.068765
889 1.068589
890 1.074393
891 1.068765
892 1.080022
893 0.843453
894 1.068765
895 0.819532
896 1.068765
897 0.852423
898 1.068765
899 0.845563
900 0.882852
901 0.843980
902 0.849609
903 0.811265
904 0.843453
905 0.798601
906 0.809507
907 0.800888
908 0.798601
909 0.798426
910 0.742317
911 0.742142
912 0.715231
913 0.712592
914 0.708371
915 0.708899
916 0.713824
917 0.712592
918 0.708547
919 0.718221
920 0.709778
921 0.713648
922 0.714175
923 0.708371
924 0.711185
925 0.793149
926 0.788576
927 0.787345
928 0.777319
929 0.775912
930 0.759730
931 0.753398
932 0.754102
933 0.755861
934 0.753398
935 0.756037
936 0.753398
937 0.754630
938 0.753398
939 0.753398
940 0.728598
941 0.753398
942 0.753574
943 0.755509
944 0.756213
945 0.758851
946 0.756037
947 0.759203
948 0.764479
949 0.777319
950 0.787169
951 0.795787
952 0.797722
953 0.711361
954 0.708371
955 0.709251
956 0.714000
957 0.716990
958 0.708371
959 0.711009
960 0.709251
961 0.719804
962 0.728071
963 0.709075
964 0.713648
965 0.708899
966 0.730885
967 0.743549
968 0.798953
969 0.800536
970 0.799481
971 0.807396
972 0.798601
973 0.810386
974 0.819708
975 0.843453
976 0.843453
977 0.843629
978 0.852071
979 0.865966
980 0.868956
981 0.868781
982 0.877927
983 0.882852
984 1.068589
985 1.070875
986 1.068765
987 1.072810
988 1.070172
989 1.077031
990 1.070699
991 1.069292
992 1.079846
993 1.085474
994 1.089695
995 1.068589
996 1.069996
997 1.068941
998 1.090927
999 1.069116
1000 1.088288
1001 1.085474
1002 1.071403
1003 1.068941
1004 1.077559
1005 1.068589
1006 0.883027
1007 1.068765
1008 0.818301
1009 1.068765
1010 0.848729
1011 1.071403
1012 0.868781
1013 1.069292
1014 0.848554
1015 0.868781
1016 0.848378
1017 0.847674
1018 0.818301
1019 0.811265
1020 0.809682
1021 0.798426
1022 0.801240
1023 0.798426
1024 0.803350
1025 0.742142
1026 0.735106
1027 0.714000
1028 0.711185
1029 0.711185
1030 0.708371
1031 0.709602
1032 0.711185
1033 0.709427
1034 0.714000
1035 0.715055
1036 0.708371
1037 0.708547
1038 0.708371
1039 0.709075
1040 0.795787
1041 0.787345
1042 0.793853
1043 0.775912
1044 0.775912
1045 0.763424
1046 0.753398
1047 0.754102
1048 0.753574
1049 0.753398
1050 0.753398
1051 0.753398
1052 0.729478
1053 0.725256
1054 0.726312
1055 0.726488
1056 0.753398
1057 0.730181
1058 0.754454
1059 0.753398
1060 0.753574
1061 0.754981
1062 0.762193
1063 0.775912
1064 0.778023
1065 0.787169
1066 0.795611
1067 0.708547
1068 0.708371
1069 0.708547
1070 0.709954
1071 0.714000
1072 0.716814
1073 0.708547
1074 0.708371
1075 0.708547
1076 0.719628
1077 0.721915
1078 0.708547
1079 0.708371
1080 0.714703
1081 0.730885
1082 0.743725
1083 0.751991
1084 0.798777
1085 0.801064
1086 0.808275
1087 0.798426
1088 0.811265
1089 0.816366
1090 0.843453
1091 0.843629
1092 0.843453
1093 0.849257
1094 0.867022
1095 0.868781
1096 0.870364
1097 0.877575
1098 0.883907
1099 0.885842
1100 1.069292
1101 1.068941
1102 1.074041
1103 1.068589
1104 1.078439
1105 1.068765
1106 1.069644
1107 1.074041
1108 1.069116
1109 1.090751
1110 1.069996
1111 1.068589
1112 1.068589
1113 1.069468
1114 1.068589
1115 1.088464
1116 1.080549
1117 1.073690
1118 1.068765
1119 1.079494
1120 1.074393
1121 0.877223
1122 1.068765
1123 0.844156
1124 1.081077
1125 0.865966
1126 0.886018
1127 0.866142
1128 0.887249
1129 0.844508
1130 0.865966
1131 0.843629
1132 0.843629
1133 0.820587
1134 0.809682
1135 0.809682
1136 0.798426
1137 0.799833
1138 0.750584
1139 0.798601
1140 0.735810
1141 0.732995
1142 0.710834
1143 0.708371
1144 0.709602
1145 0.708371
1146 0.719628
1147 0.713296
1148 0.708371
1149 0.709075
1150 0.718221
1151 0.710482
1152 0.708723
1153 0.708371
1154 0.709778
1155 0.793853
1156 0.787169
1157 0.789455
1158 0.780309
1159 0.761841
1160 0.762369
1161 0.754454
1162 0.753574
1163 0.756388
1164 0.753398
1165 0.753398
1166 0.753398
1167 0.753398
1168 0.730709
1169 0.754454
1170 0.729478
1171 0.753926
1172 0.753574
1173 0.756213
1174 0.757620
1175 0.753398
1176 0.754981
1177 0.763248
1178 0.763424
1179 0.778726
1180 0.787169
1181 0.797194
1182 0.708547
1183 0.712592
1184 0.708723
1185 0.709602
1186 0.714175
1187 0.708371
1188 0.717166
1189 0.710834
1190 0.711185
1191 0.719980
1192 0.708547
1193 0.711009
1194 0.708547
1195 0.718221
1196 0.733875
1197 0.750760
1198 0.798426
1199 0.803702
1200 0.806868
1201 0.798426
1202 0.798426
1203 0.811089
1204 0.820587
1205 0.843805
1206 0.843453
1207 0.845563
1208 0.865966
1209 0.865966
1210 0.867549
1211 0.865966
1212 0.871419
1213 0.879334
1214 0.887776
1215 1.068589
1216 1.072810
1217 1.073865
1218 1.074393
1219 1.078614
1220 1.068589
1221 1.068589
1222 1.079846
1223 1.085474
1224 1.068589
1225 1.068589
1226 1.068589
1227 1.068589
1228 1.068589
1229 1.088288
1230 1.068941
1231 1.073514
1232 1.072810
1233 1.068941
1234 1.077031
1235 1.069820
1236 0.868781
1237 1.089695
1238 0.846267
1239 1.077031
1240 0.878806
1241 0.871067
1242 0.869132
1243 0.878103
1244 0.849785
1245 0.843629
1246 0.849257
1247 0.812145
1248 0.844508
1249 0.800536
1250 0.811793
1251 0.798601
1252 0.800009
1253 0.751991
1254 0.798777
1255 0.744252
1256 0.731237
1257 0.714703
1258 0.708371
1259 0.711185
1260 0.708547
1261 0.711713
1262 0.708371
1263 0.708371
1264 0.711185
1265 0.718221
1266 0.708371
1267 0.708899
1268 0.710482
1269 0.709778
1270 0.798074
1271 0.788576
1272 0.792797
1273 0.776440
1274 0.759379
1275 0.776967
1276 0.753398
1277 0.758851
1278 0.753574
1279 0.725960
1280 0.754278
1281 0.729654
1282 0.753398
1283 0.725256
1284 0.725960
1285 0.728422
1286 0.728246
1287 0.728246
1288 0.753574
1289 0.757620
1290 0.754102
1291 0.761841
1292 0.775912
1293 0.776440
1294 0.780309
1295 0.792973
1296 0.797194
1297 0.708547
1298 0.712592
1299 0.711361
1300 0.708547
1301 0.710482
1302 0.709954
1303 0.714000
1304 0.709778
1305 0.709075
1306 0.719628
1307 0.728071
1308 0.708899
1309 0.708547
1310 0.714175
1311 0.735810
1312 0.747770
1313 0.798426
1314 0.798426
1315 0.807396
1316 0.798426
1317 0.803878
1318 0.815311
1319 0.843453
1320 0.846267
1321 0.844156
1322 0.845036
1323 0.849257
1324 0.867022
1325 0.865966
1326 0.866494
1327 0.877223
1328 0.878630
1329 0.887249
1330 0.887776
1331 1.071227
1332 1.068589
1333 1.069996
1334 1.078439
1335 1.068589
1336 1.068589
1337 1.080373
1338 1.089695
1339 1.068589
1340 1.068589
1341 1.068941
1342 1.068589
1343 1.089871
1344 1.086178
1345 1.085474
1346 1.081077
1347 1.080549
1348 1.068589
1349 1.068589
1350 1.068941
1351 0.879334
1352 1.071931
1353 0.877223
1354 0.877223
1355 1.074217
1356 0.849785
1357 0.885666
1358 0.866670
1359 0.868781
1360 0.846267
1361 0.866494
1362 0.810034
1363 0.843453
1364 0.809507
1365 0.815311
1366 0.801240
1367 0.804582
1368 0.800888
1369 0.751991
1370 0.748122
1371 0.715231
1372 0.716814
1373 0.709778
1374 0.708371
1375 0.725256
1376 0.719628
1377 0.708371
1378 0.708371
1379 0.712592
1380 0.714703
1381 0.712592
1382 0.709075
1383 0.713296
1384 0.797018
1385 0.708371
1386 0.787345
1387 0.789631
1388 0.777143
1389 0.762017
1390 0.759730
1391 0.754630
1392 0.753574
1393 0.754630
1394 0.753398
1395 0.728246
1396 0.729654
1397 0.725960
1398 0.719804
1399 0.753398
1400 0.730181
1401 0.753398
1402 0.753398
1403 0.756213
1404 0.753398
1405 0.753398
1406 0.755509
1407 0.761841
1408 0.763952
1409 0.778726
1410 0.792797
1411 0.792797
1412 0.708371
1413 0.712768
1414 0.708547
1415 0.710482
1416 0.714000
1417 0.714175
1418 0.718397
1419 0.708371
1420 0.712592
1421 0.725256
1422 0.708371
1423 0.709427
1424 0.708371
1425 0.730885
1426 0.733699
1427 0.750584
1428 0.798426
1429 0.799129
1430 0.798426
1431 0.799833
1432 0.809682
1433 0.818653
1434 0.843453
1435 0.843453
1436 0.844156
1437 0.843453
1438 0.852247
1439 0.867374
1440 0.865966
1441 0.869308
1442 0.878279
1443 0.877399
1444 0.888128
1445 1.068765
1446 1.071403
1447 1.069996
1448 1.074217
1449 1.069820
1450 1.068765
1451 1.073514
1452 1.085650
1453 1.086705
1454 1.068765
1455 1.068765
1456 1.069116
1457 1.069996
1458 1.068589
1459 1.088464
1460 1.088816
1461 1.080725
1462 1.072810
1463 1.069292
1464 1.077031
1465 1.070172
1466 0.885666
1467 1.068589
1468 0.888304
1469 0.854358
1470 1.077031
1471 0.849081
1472 1.068765
1473 0.851895
1474 0.869132
1475 0.843453
1476 0.865966
1477 0.802823
1478 0.843629
1479 0.798953
1480 0.812321
1481 0.799657
1482 0.798426
1483 0.801064
1484 0.748122
1485 0.748474
1486 0.715231
1487 0.714000
1488 0.711185
1489 0.711185
1490 0.720332
1491 0.719628
1492 0.708899
1493 0.708371
1494 0.713648
1495 0.716814
1496 0.712768
1497 0.712592
1498 0.708371
1499 0.798074
1500 0.795611
1501 0.778726
1502 0.776088
1503 0.778023
1504 0.759027
1505 0.760082
1506 0.759027
1507 0.755861
1508 0.753750
1509 0.729478
1510 0.725432
1511 0.726312
1512 0.729478
1513 0.728246
1514 0.753574
1515 0.726312
1516 0.729478
1517 0.753398
1518 0.754102
1519 0.753398
1520 0.753398
1521 0.776264
1522 0.775912
1523 0.776088
1524 0.788048
1525 0.792797
1526 0.792797
1527 0.709778
1528 0.713296
1529 0.709778
1530 0.708371
1531 0.716814
1532 0.708371
1533 0.718924
1534 0.709427
1535 0.711185
1536 0.719980
1537 0.708371
1538 0.711361
1539 0.708723
1540 0.730885
1541 0.736337
1542 0.750936
1543 0.798601
1544 0.798426
1545 0.798426
1546 0.798426
1547 0.809858
1548 0.818125
1549 0.819532
1550 0.843453
1551 0.847674
1552 0.844860
1553 0.852071
1554 0.865966
1555 0.866494
1556 0.871243
1557 0.883907
1558 1.068589
1559 1.068941
1560 1.068941
1561 1.068589
1562 1.068589
1563 1.078439
1564 1.069820
1565 1.068589
1566 1.068765
1567 1.081429
1568 1.085650
1569 1.068589
1570 1.068589
1571 1.068589
1572 1.068589
1573 1.068589
1574 1.086178
1575 1.086178
1576 1.079846
1577 1.072810
1578 1.068589
1579 1.077031
1580 1.071227
1581 1.070172
1582 0.877223
1583 1.080022
1584 0.843453
1585 1.071403
1586 0.843980
1587 1.070699
1588 0.845915
1589 0.877223
1590 0.843453
1591 0.865966
1592 0.809682
1593 0.845563
1594 0.798601
1595 0.802647
1596 0.808275
1597 0.799657
1598 0.799833
1599 0.747770
1600 0.747946
1601 0.709778
1602 0.709602
1603 0.708371
1604 0.710482
1605 0.711713
1606 0.719628
1607 0.708371
1608 0.708371
1609 0.713296
1610 0.713824
1611 0.713472
1612 0.709954
1613 0.712592
1614 0.797018
1615 0.793501
1616 0.795787
1617 0.780309
1618 0.776967
1619 0.759203
1620 0.759379
1621 0.753398
1622 0.753574
1623 0.753926
1624 0.753926
1625 0.754454
1626 0.729654
1627 0.730181
1628 0.725256
1629 0.753574
1630 0.729478
1631 0.754278
1632 0.754454
1633 0.754102
1634 0.753398
1635 0.754630
1636 0.764479
1637 0.778550
1638 0.778550
1639 0.787169
1640 0.792797
1641 0.792797
1642 0.708371
1643 0.712768
1644 0.708371
1645 0.709778
1646 0.711009
1647 0.717166
1648 0.716814
1649 0.708371
1650 0.711713
1651 0.725256
1652 0.708723
1653 0.713296
1654 0.714000
1655 0.732995
1656 0.747946
1657 0.750760
1658 0.798777
1659 0.799833
1660 0.798601
1661 0.798426
1662 0.810386
1663 0.843453
1664 0.845563
1665 0.848729
1666 0.846091
1667 0.849081
1668 0.867374
1669 0.866670
1670 0.870188
1671 0.877223
1672 0.882852
1673 0.882852
1674 1.068589
1675 1.070172
1676 1.068589
1677 1.074217
1678 1.068765
1679 1.068589
1680 1.071755
1681 1.079846
1682 1.088288
1683 1.090399
1684 1.068589
1685 1.070699
1686 1.068589
1687 1.068589
1688 1.068589
1689 1.086705
1690 1.081253
1691 1.079846
1692 1.071755
1693 1.077559
1694 1.077559
1695 1.070172
1696 1.069644
1697 0.851895
1698 1.068765
1699 0.820236
1700 1.071051
1701 0.852423
1702 1.069116
1703 0.844156
1704 0.885666
1705 0.843453
1706 0.865966
1707 0.811089
1708 0.843805
1709 0.800888
1710 0.798426
1711 0.798601
1712 0.750584
1713 0.802647
1714 0.743197
1715 0.742317
1716 0.709954
1717 0.708371
1718 0.708547
1719 0.709954
1720 0.719628
1721 0.719804
1722 0.708547
1723 0.709075
1724 0.709778
1725 0.708371
1726 0.714000
1727 0.708723
1728 0.713824
1729 0.792797
1730 0.792797
1731 0.792797
1732 0.776616
1733 0.776264
1734 0.763952
1735 0.753398
1736 0.753398
1737 0.753398
1738 0.753398
1739 0.754630
1740 0.730709
1741 0.729654
1742 0.730181
1743 0.728246
1744 0.730533
1745 0.753574
1746 0.730181
1747 0.756564
1748 0.754805
1749 0.753398
1750 0.753574
1751 0.775912
1752 0.775912
1753 0.775912
1754 0.787169
1755 0.788576
1756 0.793501
1757 0.708899
1758 0.711185
1759 0.708547
1760 0.708371
1761 0.708371
1762 0.715231
1763 0.709427
1764 0.711185
1765 0.719628
1766 0.721035
1767 0.708899
1768 0.711185
1769 0.718221
1770 0.732292
1771 0.743725
1772 0.798601
1773 0.798426
1774 0.799833
1775 0.808275
1776 0.798426
1777 0.809682
1778 0.843980
1779 0.843629
1780 0.846795
1781 0.846795
1782 0.844156
1783 0.854534
1784 0.867549
1785 0.868956
1786 0.877575
1787 0.887073
1788 0.886193
1789 1.068589
1790 1.068765
1791 1.068765
1792 1.074921
1793 1.077031
1794 1.068589
1795 1.072986
1796 1.080022
1797 1.085650
1798 1.068765
1799 1.069820
1800 1.068589
1801 1.088816
1802 1.089695
1803 1.090399
1804 1.085474
1805 1.081077
1806 1.071403
1807 1.071051
1808 1.077383
1809 1.071051
1810 0.882852
1811 1.068589
1812 0.843453
1813 1.068589
1814 0.847674
1815 1.068589
1816 0.866670
1817 1.071051
1818 0.843453
1819 0.865966
1820 0.844860
1821 0.848378
1822 0.818477
1823 0.815311
1824 0.809682
1825 0.798601
1826 0.802647
1827 0.747770
1828 0.799481
1829 0.744252
1830 0.742142
1831 0.710482
1832 0.708547
1833 0.709602
1834 0.708723
1835 0.708371
1836 0.709075
1837 0.708371
1838 0.714527
1839 0.714000
1840 0.708371
1841 0.708723
1842 0.708371
1843 0.709075
1844 0.794028
1845 0.787169
1846 0.795611
1847 0.776088
1848 0.776440
1849 0.775912
1850 0.753398
1851 0.753398
1852 0.753398
1853 0.730181
1854 0.753574
1855 0.728071
1856 0.728598
1857 0.725256
1858 0.726312
1859 0.721211
1860 0.725432
1861 0.725960
1862 0.753398
1863 0.753574
1864 0.754102
1865 0.753398
1866 0.763248
1867 0.763952
1868 0.776616
1869 0.787345
1870 0.795611
1871 0.797722
1872 0.712592
1873 0.708723
1874 0.709075
1875 0.708899
1876 0.710482
1877 0.716814
1878 0.709075
1879 0.708371
1880 0.719804
1881 0.725256
1882 0.708547
1883 0.712592
1884 0.714000
1885 0.730885
1886 0.747770
1887 0.798426
1888 0.801240
1889 0.804054
1890 0.799481
1891 0.801240
1892 0.811089
1893 0.843453
1894 0.843453
1895 0.843453
1896 0.843453
1897 0.845563
1898 0.854534
1899 0.866142
1900 0.868781
1901 0.877751
1902 0.882852
1903 1.068589
1904 1.070172
1905 1.073865
1906 1.068765
1907 1.079142
1908 1.068589
1909 1.071403
1910 1.079846
1911 1.085474
1912 1.068765
1913 1.090927
1914 1.069996
1915 1.068589
1916 1.068589
1917 1.089695
1918 1.090927
1919 1.090927
1920 1.081077
1921 1.080022
1922 1.069820
1923 1.068941
1924 1.074217
1925 0.883379
1926 1.068941
1927 0.843453
1928 1.068589
1929 0.843453
1930 1.068589
1931 0.866142
1932 1.070172
1933 0.843453
1934 0.869308
1935 0.847674
1936 0.846619
1937 0.818301
1938 0.815311
1939 0.810386
1940 0.799129
1941 0.798601
1942 0.752167
1943 0.799129
1944 0.747770
1945 0.733699
1946 0.711009
1947 0.711185
1948 0.708547
1949 0.708899
1950 0.711185
1951 0.711185
1952 0.708371
1953 0.714175
1954 0.719452
1955 0.713824
1956 0.711009
1957 0.708371
1958 0.708547
1959 0.795787
1960 0.781365
1961 0.793501
1962 0.775912
1963 0.763248
1964 0.763248
1965 0.753398
1966 0.759027
1967 0.755861
1968 0.753574
1969 0.754454
1970 0.753398
1971 0.729478
1972 0.729478
1973 0.728071
1974 0.725256
1975 0.730709
1976 0.725256
1977 0.753574
1978 0.754805
1979 0.758499
1980 0.755861
1981 0.762193
1982 0.777319
1983 0.781365
1984 0.789631
1985 0.797018
1986 0.797722
1987 0.708547
1988 0.711361
1989 0.708371
1990 0.709778
1991 0.714175
1992 0.714703
1993 0.710482
1994 0.709778
1995 0.721035
1996 0.728246
1997 0.708371
1998 0.709778
1999 0.718924
2000 0.735106
2001 0.798426
2002 0.799129
2003 0.799481
2004 0.804230
2005 0.798426
2006 0.801592
2007 0.811089
2008 0.816366
2009 0.845563
2010 0.844860
2011 0.844860
2012 0.849257
2013 0.866494
2014 0.865966
2015 0.870891
2016 0.878279
2017 0.883203
2018 1.068589
2019 1.070699
2020 1.071403
2021 1.068765
2022 1.070699
2023 1.079142
2024 1.068589
2025 1.068765
2026 1.079846
2027 1.088288
2028 1.089695
2029 1.068941
2030 1.069116
2031 1.089695
2032 1.086178
2033 1.082308
2034 1.088288
2035 1.080373
2036 1.080022
2037 1.069820
2038 1.079142
2039 1.068589
2040 0.877751
2041 1.088640
2042 0.849785
2043 1.068589
2044 1.070172
2045 0.866318
2046 0.879686
2047 0.865966
2048 0.851895
2049 0.846267
2050 0.853302
2051 0.810210
2052 0.843453
2053 0.800536
2054 0.816014
2055 0.802823
2056 0.800536
2057 0.798426
2058 0.798953
2059 0.750584
2060 0.732468
2061 0.730885
2062 0.713824
2063 0.713296
2064 0.708371
2065 0.719628
2066 0.708371
2067 0.708371
2068 0.708899
2069 0.718221
2070 0.710834
2071 0.709075
2072 0.711009
2073 0.708371
2074 0.795611
2075 0.780309
2076 0.787169
2077 0.776440
2078 0.761841
2079 0.775912
2080 0.754454
2081 0.756213
2082 0.753398
2083 0.725960
2084 0.728598
2085 0.730181
2086 0.728071
2087 0.728071
2088 0.730533
2089 0.728071
2090 0.753398
2091 0.726488
2092 0.754102
2093 0.756213
2094 0.753398
2095 0.759027
2096 0.776440
2097 0.775912
2098 0.787521
2099 0.789279
2100 0.792797
2101 0.708371
2102 0.708371
2103 0.713296
2104 0.708371
2105 0.709954
2106 0.714000
2107 0.717166
2108 0.709075
2109 0.711185
2110 0.725256
2111 0.708371
2112 0.708723
2113 0.709427
2114 0.731940
2115 0.742317
2116 0.751991
2117 0.798953
2118 0.802647
2119 0.804230
2120 0.799481
2121 0.801767
2122 0.815838
2123 0.844332
2124 0.843453
2125 0.843453
2126 0.844508
2127 0.852071
2128 0.865966
2129 0.866142
2130 0.867198
2131 0.878103
2132 0.883555
2133 0.886193
2134 0.888304
2135 1.068589
2136 1.072810
2137 1.074217
2138 1.079142
2139 1.068589
2140 1.068589
2141 1.080022
2142 1.088288
2143 1.088816
2144 1.068589
2145 1.068765
2146 1.069996
2147 1.071227
2148 1.088288
2149 1.068765
2150 1.080022
2151 1.069644
2152 1.078439
2153 1.075273
2154 1.068765
2155 0.877223
2156 1.080373
2157 0.868605
2158 0.886018
2159 1.072810
2160 0.851895
2161 0.879334
2162 0.866318
2163 0.865966
2164 0.843980
2165 0.865966
2166 0.810210
2167 0.843453
2168 0.798601
2169 0.809682
2170 0.798426
2171 0.808451
2172 0.798426
2173 0.752167
2174 0.743549
2175 0.714000
2176 0.714175
2177 0.710482
2178 0.710834
2179 0.728071
2180 0.720332
2181 0.709075
2182 0.708547
2183 0.708371
2184 0.718397
2185 0.713296
2186 0.708371
2187 0.708371
2188 0.708371
2189 0.708371
2190 0.787696
2191 0.787169
2192 0.775912
2193 0.755861
2194 0.763248
2195 0.753398
2196 0.756213
2197 0.753398
2198 0.726488
2199 0.753750
2200 0.730181
2201 0.753398
2202 0.726488
2203 0.753398
2204 0.725432
2205 0.753398
2206 0.753398
2207 0.754805
2208 0.756213
2209 0.753398
2210 0.759379
2211 0.775912
2212 0.776967
2213 0.779254
2214 0.792797
2215 0.795611
2216 0.709778
2217 0.711185
2218 0.708371
2219 0.710482
2220 0.710834
2221 0.716814
2222 0.716814
2223 0.708547
2224 0.708371
2225 0.721035
2226 0.708371
2227 0.710482
2228 0.709778
2229 0.714703
2230 0.730885
2231 0.743725
2232 0.799657
2233 0.798777
2234 0.808979
2235 0.799657
2236 0.809682
2237 0.816014
2238 0.843980
2239 0.846795
2240 0.846091
2241 0.850137
2242 0.866142
2243 0.865966
2244 0.865966
2245 0.870188
2246 0.879334
2247 0.883027
2248 1.069116
2249 1.068589
2250 1.069292
2251 1.069292
2252 1.074217
2253 1.068765
2254 1.072810
2255 1.079846
2256 1.082484
2257 1.068941
2258 1.068589
2259 1.069996
2260 1.070699
2261 1.068589
2262 1.068589
2263 1.086178
2264 1.068589
2265 1.079846
2266 1.072810
2267 1.068589
2268 1.077031
2269 1.069292
2270 0.883555
2271 1.070699
2272 1.068589
2273 0.854006
2274 1.079494
2275 0.849081
2276 0.887073
2277 0.852071
2278 0.866318
2279 0.844684
2280 0.867022
2281 0.809858
2282 0.843629
2283 0.798426
2284 0.812145
2285 0.802647
2286 0.804230
2287 0.799481
2288 0.750584
2289 0.748122
2290 0.714175
2291 0.709778
2292 0.708371
2293 0.708547
2294 0.720507
2295 0.719804
2296 0.708371
2297 0.709778
2298 0.713648
2299 0.711009
2300 0.708371
2301 0.711185
2302 0.708371
2303 0.796139
2304 0.708547
2305 0.780133
2306 0.776616
2307 0.775912
2308 0.759027
2309 0.760258
2310 0.754981
2311 0.756213
2312 0.753398
2313 0.729478
2314 0.754630
2315 0.730181
2316 0.753398
2317 0.722266
2318 0.725960
2319 0.725256
2320 0.754630
2321 0.730181
2322 0.753398
2323 0.753574
2324 0.753398
2325 0.763248
2326 0.777319
2327 0.775912
2328 0.787345
2329 0.793853
2330 0.793501
2331 0.708371
2332 0.711185
2333 0.709427
2334 0.708899
2335 0.714527
2336 0.716814
2337 0.708371
2338 0.708547
2339 0.709427
2340 0.719804
2341 0.728071
2342 0.712592
2343 0.708899
2344 0.730885
2345 0.742142
2346 0.753222
2347 0.798426
2348 0.803702
2349 0.798601
2350 0.800888
2351 0.803702
2352 0.815838
2353 0.843453
2354 0.843453
2355 0.844860
2356 0.843453
2357 0.865966
2358 0.865966
2359 0.865966
2360 0.868781
2361 0.878630
2362 0.887249
2363 1.068589
2364 1.070699
2365 1.068589
2366 1.074217
2367 1.068589
2368 1.068589
2369 1.069292
2370 1.069292
2371 1.085826
2372 1.089695
2373 1.069644
2374 1.069996
2375 1.069996
2376 1.090399
2377 1.069996
2378 1.086529
2379 1.085650
2380 1.080901
2381 1.069644
2382 1.068589
2383 1.074745
2384 1.068589
2385 1.070699
2386 0.877575
2387 1.081077
2388 0.843629
2389 1.070699
2390 0.845036
2391 1.068589
2392 0.846267
2393 0.882852
2394 0.818125
2395 0.854358
2396 0.803702
2397 0.843453
2398 0.798426
2399 0.802647
2400 0.807396
2401 0.798426
2402 0.803350
2403 0.744604
2404 0.747770
2405 0.714000
2406 0.714351
2407 0.711185
2408 0.711185
2409 0.711185
2410 0.725256
2411 0.708547
2412 0.709778
2413 0.709075
2414 0.708371
2415 0.710482
2416 0.708371
2417 0.708371
2418 0.793501
2419 0.793501
2420 0.788576
2421 0.776616
2422 0.775912
2423 0.761841
2424 0.759027
2425 0.759203
2426 0.755861
2427 0.755509
2428 0.725960
2429 0.753398
2430 0.753750
2431 0.754981
2432 0.728246
2433 0.754102
2434 0.729478
2435 0.753574
2436 0.755509
2437 0.754805
2438 0.753398
2439 0.753574
2440 0.761841
2441 0.776616
2442 0.777319
2443 0.787345
2444 0.795611
2445 0.792973
2446 0.708547
2447 0.708547
2448 0.708371
2449 0.711009
2450 0.714175
2451 0.717166
2452 0.709075
2453 0.710834
2454 0.713824
2455 0.720507
2456 0.708371
2457 0.708547
2458 0.710834
2459 0.731588
2460 0.747770
2461 0.751991
2462 0.800888
2463 0.798601
2464 0.798426
2465 0.798777
2466 0.809682
2467 0.819532
2468 0.843805
2469 0.848729
2470 0.844508
2471 0.843805
2472 0.865966
2473 0.866670
2474 0.868605
2475 0.868781
2476 0.883027
2477 0.885666
2478 1.069996
2479 1.068589
2480 1.068589
2481 1.074217
2482 1.068589
2483 1.069292
2484 1.069820
2485 1.073514
2486 1.081253
2487 1.086178
2488 1.090927
2489 1.071051
2490 1.068589
2491 1.068589
2492 1.089695
2493 1.081077
2494 1.081253
2495 1.072986
2496 1.069644
2497 1.078439
2498 1.078439
2499 1.068941
2500 1.073865
2501 0.849257
2502 1.068941
2503 0.815838
2504 1.069116
2505 0.849609
2506 1.068589
2507 0.844860
2508 0.882852
2509 0.843453
2510 0.845563
2511 0.809858
2512 0.843453
2513 0.798426
2514 0.798426
2515 0.798777
2516 0.799129
2517 0.798426
2518 0.743549
2519 0.747770
2520 0.709778
2521 0.708723
2522 0.711361
2523 0.708899
2524 0.712768
2525 0.719628
2526 0.708371
2527 0.719452
2528 0.709954
2529 0.711185
2530 0.708371
2531 0.708371
2532 0.713296
2533 0.792973
2534 0.789279
2535 0.792797
2536 0.775912
2537 0.778374
2538 0.775912
2539 0.754981
2540 0.759027
2541 0.753398
2542 0.754981
2543 0.753574
2544 0.753398
2545 0.730181
2546 0.753398
2547 0.753926
2548 0.729654
2549 0.728071
2550 0.728071
2551 0.753574
2552 0.756037
2553 0.753398
2554 0.753398
2555 0.759730
2556 0.763248
2557 0.776088
2558 0.778726
2559 0.787169
2560 0.789631
2561 0.711185
2562 0.713472
2563 0.709075
2564 0.714000
2565 0.714000
2566 0.714000
2567 0.708371
2568 0.708371
2569 0.719628
2570 0.725256
2571 0.708547
2572 0.708371
2573 0.714351
2574 0.732116
2575 0.748474
2576 0.799481
2577 0.800888
2578 0.804230
2579 0.809331
2580 0.798426
2581 0.809682
2582 0.818301
2583 0.843453
2584 0.843629
2585 0.843453
2586 0.852423
2587 0.865966
2588 0.868781
2589 0.868956
2590 0.879686
2591 0.887073
2592 1.069644
2593 1.068589
2594 1.069116
2595 1.068589
2596 1.074217
2597 1.074217
2598 1.068589
2599 1.070699
2600 1.080022
2601 1.082308
2602 1.089695
2603 1.069116
2604 1.071051
2605 1.069996
2606 1.068589
2607 1.068589
2608 1.088288
2609 1.081429
2610 1.073514
2611 1.068589
2612 1.077559
2613 1.074217
2614 0.885666
2615 1.089871
2616 0.845563
2617 1.068589
2618 0.843805
2619 1.068589
2620 0.865966
2621 0.887249
2622 0.820587
2623 0.866494
2624 0.845915
2625 0.848905
2626 0.815311
2627 0.811793
2628 0.801416
2629 0.798601
2630 0.801240
2631 0.751991
2632 0.803878
2633 0.743373
2634 0.735106
2635 0.708723
2636 0.708371
2637 0.710482
2638 0.709075
2639 0.712592
2640 0.719628
2641 0.709602
2642 0.716990
2643 0.710482
2644 0.709075
2645 0.710482
2646 0.708371
2647 0.710482
2648 0.792973
2649 0.787345
2650 0.793853
2651 0.777319
2652 0.775912
2653 0.763248
2654 0.753574
2655 0.756037
2656 0.753574
2657 0.754981
2658 0.753574
2659 0.753750
2660 0.730181
2661 0.725960
2662 0.729478
2663 0.728071
2664 0.729478
2665 0.722266
2666 0.754981
2667 0.754805
2668 0.757796
2669 0.753574
2670 0.763248
2671 0.775912
2672 0.778902
2673 0.787169
2674 0.797898
2675 0.797018
2676 0.708371
2677 0.708371
2678 0.708371
2679 0.714351
2680 0.710482
2681 0.718221
2682 0.708899
2683 0.708371
2684 0.719804
2685 0.725960
2686 0.708547
2687 0.708547
2688 0.716814
2689 0.732995
2690 0.742493
2691 0.752695
2692 0.798426
2693 0.801064
2694 0.808275
2695 0.798426
2696 0.815311
2697 0.843453
2698 0.844684
2699 0.843453
2700 0.844860
2701 0.845739
2702 0.866670
2703 0.865966
2704 0.866142
2705 0.870188
2706 0.878630
2707 0.887249
2708 1.069644
2709 1.069820
2710 1.069292
2711 1.074217
2712 1.068765
2713 1.068589
2714 1.079846
2715 1.085650
2716 1.068589
2717 1.068589
2718 1.068589
2719 1.070699
2720 1.068589
2721 1.068589
2722 1.088640
2723 1.068589
2724 1.080373
2725 1.071403
2726 1.068765
2727 1.079494
2728 1.070875
2729 0.877751
2730 1.069996
2731 0.847850
2732 1.068589
2733 0.877399
2734 0.879862
2735 0.870188
2736 0.877399
2737 0.843805
2738 0.844860
2739 0.852071
2740 0.818477
2741 0.843805
2742 0.803350
2743 0.815663
2744 0.801240
2745 0.798601
2746 0.800888
2747 0.798426
2748 0.742493
2749 0.732292
2750 0.716814
2751 0.708899
2752 0.712592
2753 0.709075
2754 0.719628
2755 0.711185
2756 0.708899
2757 0.709778
2758 0.714000
2759 0.708371
2760 0.709427
2761 0.710482
2762 0.709427
2763 0.796139
2764 0.778726
2765 0.792797
2766 0.778023
2767 0.759203
2768 0.764479
2769 0.753398
2770 0.754981
2771 0.753398
2772 0.754805
2773 0.753574
2774 0.728246
2775 0.730181
2776 0.728422
2777 0.728246
2778 0.726488
2779 0.753398
2780 0.729478
2781 0.753574
2782 0.756388
2783 0.756213
2784 0.759027
2785 0.775912
2786 0.777319
2787 0.787169
2788 0.787521
2789 0.795787
2790 0.708547
2791 0.712592
2792 0.709954
2793 0.714000
2794 0.714879
2795 0.715055
2796 0.709954
2797 0.709602
2798 0.709954
2799 0.719628
2800 0.728246
2801 0.711009
2802 0.708371
2803 0.716990
2804 0.731061
2805 0.751991
2806 0.752167
2807 0.798426
2808 0.805285
2809 0.798426
2810 0.803350
2811 0.812145
2812 0.843453
2813 0.845915
2814 0.843629
2815 0.843629
2816 0.849081
2817 0.866142
2818 0.866494
2819 0.870364
2820 0.877223
2821 0.882852
2822 1.069644
2823 1.068589
2824 1.071403
2825 1.074041
2826 1.074217
2827 1.079494
2828 1.070172
2829 1.072810
2830 1.080022
2831 1.068589
2832 1.090927
2833 1.070172
2834 1.069996
2835 1.069292
2836 1.088288
2837 1.085474
2838 1.089871
2839 1.085474
2840 1.071403
2841 1.068589
2842 1.079142
2843 1.072810
2844 0.871419
2845 1.088288
2846 0.846795
2847 1.074217
2848 0.887073
2849 0.871243
2850 0.883555
2851 0.877223
2852 0.851895
2853 0.843453
2854 0.851895
2855 0.818125
2856 0.844860
2857 0.799657
2858 0.811265
2859 0.798601
2860 0.798601
2861 0.798426
2862 0.800009
2863 0.747770
2864 0.732292
2865 0.714000
2866 0.708371
2867 0.708547
2868 0.728071
2869 0.709427
2870 0.710834
2871 0.709954
2872 0.708371
2873 0.714175
2874 0.708899
2875 0.711713
2876 0.708547
2877 0.709602
2878 0.708899
2879 0.787169
2880 0.789455
2881 0.780309
2882 0.763424
2883 0.776088
2884 0.759203
2885 0.756740
2886 0.753398
2887 0.730709
2888 0.753926
2889 0.753398
2890 0.728071
2891 0.725256
2892 0.729654
2893 0.725256
2894 0.730709
2895 0.721739
2896 0.753750
2897 0.756388
2898 0.756740
2899 0.754805
2900 0.762369
2901 0.762193
2902 0.778023
2903 0.787872
2904 0.792797
2905 0.708547
2906 0.711185
2907 0.708371
2908 0.708371
2909 0.718924
2910 0.709251
2911 0.708899
2912 0.710658
2913 0.711537
2914 0.722090
2915 0.729478
2916 0.708547
2917 0.708371
2918 0.716814
2919 0.735106
2920 0.748474
2921 0.751112
2922 0.802647
2923 0.805109
2924 0.800009
2925 0.803702
2926 0.815663
2927 0.844156
2928 0.843629
2929 0.843805
2930 0.844508
2931 0.849257
2932 0.867374
2933 0.869132
2934 0.877223
2935 0.879334
2936 0.884083
2937 1.068589
2938 1.068589
2939 1.072986
2940 1.070699
2941 1.077559
2942 1.068589
2943 1.071579
2944 1.071755
2945 1.086705
2946 1.068765
2947 1.068941
2948 1.068589
2949 1.070172
2950 1.068589
2951 1.069644
2952 1.088640
2953 1.085650
2954 1.080022
2955 1.069116
2956 1.068589
2957 1.079318
2958 1.068765
2959 1.068589
2960 1.068765
2961 1.069116
2962 0.843980
2963 1.071403
2964 0.851895
2965 1.068589
2966 0.849081
2967 0.878806
2968 0.815487
2969 0.865966
2970 0.802823
2971 0.843453
2972 0.799481
2973 0.809682
2974 0.798953
2975 0.798426
2976 0.799129
2977 0.750584
2978 0.750584
2979 0.714000
2980 0.714000
2981 0.711361
2982 0.708371
2983 0.721035
2984 0.719628
2985 0.709427
2986 0.709778
2987 0.708547
2988 0.714175
2989 0.713296
2990 0.709602
2991 0.712592
2992 0.795611
2993 0.792797
2994 0.787872
2995 0.776088
2996 0.776264
2997 0.759027
2998 0.759554
2999 0.755509
3000 0.757620
3001 0.753750
3002 0.730709
3003 0.730533
3004 0.729654
3005 0.753926
3006 0.729478
3007 0.728422
3008 0.730181
3009 0.753398
3010 0.753574
3011 0.754630
3012 0.758499
3013 0.753574
3014 0.759379
3015 0.761841
3016 0.775912
3017 0.780309
3018 0.793325
3019 0.792797
3020 0.711185
3021 0.709427
3022 0.709778
3023 0.710834
3024 0.714175
3025 0.716814
3026 0.708899
3027 0.708371
3028 0.720683
3029 0.722090
3030 0.729478
3031 0.708547
3032 0.708371
3033 0.731588
3034 0.742142
3035 0.748825
3036 0.798953
3037 0.798601
3038 0.798601
3039 0.798953
3040 0.803878
3041 0.843453
3042 0.843805
3043 0.848729
3044 0.843453
3045 0.852247
3046 0.865966
3047 0.868956
3048 0.869132
3049 0.877399
3050 0.877223
3051 0.887249
3052 1.069468
3053 1.069820
3054 1.068589
3055 1.068589
3056 1.079142
3057 1.071051
3058 1.072986
3059 1.080022
3060 1.085474
3061 1.068589
3062 1.068941
3063 1.068765
3064 1.068589
3065 1.068765
3066 1.069116
3067 1.086178
3068 1.085826
3069 1.080901
3070 1.068765
3071 1.074393
3072 1.079142
3073 1.072986
3074 1.074041
3075 1.068589
3076 1.068765
3077 0.843629
3078 1.071579
3079 0.849257
3080 1.070699
3081 0.843453
3082 0.878454
3083 0.819532
3084 0.866142
3085 0.801416
3086 0.844860
3087 0.808451
3088 0.803526
3089 0.804406
3090 0.802647
3091 0.798601
3092 0.747770
3093 0.744252
3094 0.709427
3095 0.708547
3096 0.708547
3097 0.708723
3098 0.719804
3099 0.721035
3100 0.708371
3101 0.708371
3102 0.708371
3103 0.711009
3104 0.708371
3105 0.708371
3106 0.711361
3107 0.792797
3108 0.793501
3109 0.787345
3110 0.775912
3111 0.775912
3112 0.759203
3113 0.753574
3114 0.753574
3115 0.754805
3116 0.753398
3117 0.730357
3118 0.728071
3119 0.728071
3120 0.728071
3121 0.725432
3122 0.729654
3123 0.728071
3124 0.725432
3125 0.730181
3126 0.753398
3127 0.753398
3128 0.753574
3129 0.759203
3130 0.776616
3131 0.776088
3132 0.779254
3133 0.795611
3134 0.708371
3135 0.708371
3136 0.708371
3137 0.709954
3138 0.714175
3139 0.716814
3140 0.716990
3141 0.718924
3142 0.710482
3143 0.719804
3144 0.719980
3145 0.709075
3146 0.708547
3147 0.710482
3148 0.732995
3149 0.751112
3150 0.798426
3151 0.800888
3152 0.804230
3153 0.798426
3154 0.800536
3155 0.810034
3156 0.816366
3157 0.843453
3158 0.848905
3159 0.843453
3160 0.849081
3161 0.866318
3162 0.865966
3163 0.868781
3164 0.877223
3165 0.882852
3166 0.885666
3167 1.069292
3168 1.068765
3169 1.068765
3170 1.074217
3171 1.077031
3172 1.068765
3173 1.068589
3174 1.080373
3175 1.085474
3176 1.068589
3177 1.071051
3178 1.071227
3179 1.069996
3180 1.068589
3181 1.068589
3182 1.088288
3183 1.079846
3184 1.071403
3185 1.069644
3186 1.069644
3187 1.078439
3188 0.887249
3189 1.069116
3190 0.844508
3191 1.068941
3192 0.843453
3193 1.071403
3194 0.867374
3195 1.068589
3196 0.843629
3197 0.868605
3198 0.847850
3199 0.844684
3200 0.815311
3201 0.818125
3202 0.810738
3203 0.800888
3204 0.801416
3205 0.751112
3206 0.798426
3207 0.748474
3208 0.742317
3209 0.714527
3210 0.709602
3211 0.711185
3212 0.708547
3213 0.711185
3214 0.713824
3215 0.709251
3216 0.716814
3217 0.718221
3218 0.708371
3219 0.714000
3220 0.708371
3221 0.709427
3222 0.793501
3223 0.780309
3224 0.788576
3225 0.775912
3226 0.762017
3227 0.763424
3228 0.754981
3229 0.759379
3230 0.753574
3231 0.753750
3232 0.755861
3233 0.728422
3234 0.753398
3235 0.725256
3236 0.753398
3237 0.725256
3238 0.753574
3239 0.721211
3240 0.753574
3241 0.753574
3242 0.754630
3243 0.753750
3244 0.764479
3245 0.775912
3246 0.787169
3247 0.789807
3248 0.797018
3249 0.797018
3250 0.708899
3251 0.711185
3252 0.708371
3253 0.714351
3254 0.717341
3255 0.719100
3256 0.708547
3257 0.711185
3258 0.719804
3259 0.721211
3260 0.708371
3261 0.708371
3262 0.711009
3263 0.731061
3264 0.747770
3265 0.798601
3266 0.798601
3267 0.798601
3268 0.798426
3269 0.800888
3270 0.809682
3271 0.819532
3272 0.843453
3273 0.844156
3274 0.843805
3275 0.843629
3276 0.865966
3277 0.868077
3278 0.868781
3279 0.877575
3280 0.878630
3281 0.887249
3282 1.068589
3283 1.071403
3284 1.068589
3285 1.070875
3286 1.077383
3287 1.068765
3288 1.069468
3289 1.080022
3290 1.086353
3291 1.088816
3292 1.069116
3293 1.068589
3294 1.068941
3295 1.068765
3296 1.069644
3297 1.088288
3298 1.080022
3299 1.072986
3300 1.068941
3301 1.068589
3302 1.071227
3303 0.882852
3304 1.070875
3305 0.843453
3306 1.085474
3307 0.849081
3308 0.887073
3309 0.866142
3310 0.883203
3311 0.843805
3312 0.854534
3313 0.847850
3314 0.843805
3315 0.819532
3316 0.809858
3317 0.810914
3318 0.798426
3319 0.801592
3320 0.798601
3321 0.798426
3322 0.742142
3323 0.731237
3324 0.708371
3325 0.709075
3326 0.708547
3327 0.708371
3328 0.708371
3329 0.711185
3330 0.708371
3331 0.710834
3332 0.710834
3333 0.710482
3334 0.708371
3335 0.708723
3336 0.708371
3337 0.795787
3338 0.787169
3339 0.788576
3340 0.776088
3341 0.759027
3342 0.761841
3343 0.753574
3344 0.753398
3345 0.753574
3346 0.728598
3347 0.753750
3348 0.728422
3349 0.753398
3350 0.725960
3351 0.729478
3352 0.725784
3353 0.753398
3354 0.725256
3355 0.754805
3356 0.753398
3357 0.758323
3358 0.759730
3359 0.759027
3360 0.775912
3361 0.776616
3362 0.787345
3363 0.795611
3364 0.708371
3365 0.708371
3366 0.713824
3367 0.709778
3368 0.717341
3369 0.714703
3370 0.717166
3371 0.708371
3372 0.709427
3373 0.719628
3374 0.728071
3375 0.709075
3376 0.708547
3377 0.715055
3378 0.731940
3379 0.751991
3380 0.798426
3381 0.801416
3382 0.804582
3383 0.798601
3384 0.802647
3385 0.815487
3386 0.843453
3387 0.846267
3388 0.844156
3389 0.843629
3390 0.843453
3391 0.865966
3392 0.866142
3393 0.868781
3394 0.879862
3395 0.887776
3396 1.068941
3397 1.069292
3398 1.068765
3399 1.069116
3400 1.077031
3401 1.068589
3402 1.068589
3403 1.068589
3404 1.080373
3405 1.088816
3406 1.089695
3407 1.069116
3408 1.068765
3409 1.090927
3410 1.090751
3411 1.085474
3412 1.088288
3413 1.080373
3414 1.079846
3415 1.070699
3416 1.069644
3417 1.071227
3418 0.882852
3419 1.088288
3420 0.865966
3421 1.069116
3422 1.069644
3423 0.865966
3424 0.878806
3425 0.865966
3426 0.852247
3427 0.846619
3428 0.865966
3429 0.810210
3430 0.843629
3431 0.798953
3432 0.811089
3433 0.798426
3434 0.798426
3435 0.798953
3436 0.798953
3437 0.747770
3438 0.731588
3439 0.714000
3440 0.708371
3441 0.708371
3442 0.725784
3443 0.713296
3444 0.710482
3445 0.708547
3446 0.708371
3447 0.718397
3448 0.708723
3449 0.712592
3450 0.711185
3451 0.709075
3452 0.708371
3453 0.781189
3454 0.789631
3455 0.775912
3456 0.760258
3457 0.759027
3458 0.754805
3459 0.756388
3460 0.753398
3461 0.728071
3462 0.730533
3463 0.730181
3464 0.728071
3465 0.722266
3466 0.725960
3467 0.725256
3468 0.753750
3469 0.730181
3470 0.753398
3471 0.756740
3472 0.753398
3473 0.763248
3474 0.775912
3475 0.776616
3476 0.780837
3477 0.793853
3478 0.708547
3479 0.709778
3480 0.708371
3481 0.709075
3482 0.708547
3483 0.714175
3484 0.716814
3485 0.718221
3486 0.708547
3487 0.711185
3488 0.721211
3489 0.730181
3490 0.708371
3491 0.708547
3492 0.719452
3493 0.742493
3494 0.752167
3495 0.799657
3496 0.798953
3497 0.809331
3498 0.799833
3499 0.810386
3500 0.843453
3501 0.843453
3502 0.843453
3503 0.845563
3504 0.846091
3505 0.852071
3506 0.865966
3507 0.868956
3508 0.877223
3509 0.882852
3510 0.887249
3511 1.068589
3512 1.069996
3513 1.068765
3514 1.074217
3515 1.079142
3516 1.071051
3517 1.068589
3518 1.072810
3519 1.085474
3520 1.090399
3521 1.068589
3522 1.068765
3523 1.069116
3524 1.068589
3525 1.068589
3526 1.089695
3527 1.088288
3528 1.080549
3529 1.079846
3530 1.068765
3531 1.068589
3532 1.068589
3533 1.068589
3534 0.887073
3535 1.068589
3536 0.844860
3537 1.068589
3538 0.849257
3539 1.068765
3540 0.846267
3541 0.882852
3542 0.818125
3543 0.865966
3544 0.801240
3545 0.844684
3546 0.798426
3547 0.801416
3548 0.798426
3549 0.801240
3550 0.798601
3551 0.747946
3552 0.748649
3553 0.714175
3554 0.710834
3555 0.708723
3556 0.708547
3557 0.712592
3558 0.725256
3559 0.708723
3560 0.708547
3561 0.712768
3562 0.710834
3563 0.708371
3564 0.709075
3565 0.708371
3566 0.795611
3567 0.795787
3568 0.793501
3569 0.776791
3570 0.775912
3571 0.761841
3572 0.759027
3573 0.759730
3574 0.753398
3575 0.753574
3576 0.753750
3577 0.754454
3578 0.729478
3579 0.730533
3580 0.725608
3581 0.728071
3582 0.726312
3583 0.730533
3584 0.753574
3585 0.756037
3586 0.753398
3587 0.754630
3588 0.759027
3589 0.775912
3590 0.775912
3591 0.779254
3592 0.787696
3593 0.789279
3594 0.710834
3595 0.709602
3596 0.713472
3597 0.708371
3598 0.709954
3599 0.714000
3600 0.719276
3601 0.708547
3602 0.719628
3603 0.722266
3604 0.709251
3605 0.709427
3606 0.709251
3607 0.731588
3608 0.742142
3609 0.747946
3610 0.798601
3611 0.798426
3612 0.809507
3613 0.798601
3614 0.811969
3615 0.820587
3616 0.844332
3617 0.847850
3618 0.843453
3619 0.844860
3620 0.866318
3621 0.866494
3622 0.867198
3623 0.870891
3624 0.877223
3625 0.887249
3626 1.069468
3627 1.070875
3628 1.068589
3629 1.074217
3630 1.068589
3631 1.068589
3632 1.068589
3633 1.072986
3634 1.080022
3635 1.085650
3636 1.069292
3637 1.068941
3638 1.070699
3639 1.085474
3640 1.068589
3641 1.085474
3642 1.088288
3643 1.079846
3644 1.071755
3645 1.079670
3646 1.078439
3647 1.070172
3648 1.068589
3649 0.865966
3650 1.085826
3651 0.843453
3652 1.071579
3653 0.845915
3654 1.070699
3655 0.843453
3656 0.877223
3657 0.820763
3658 0.867549
3659 0.809682
3660 0.845739
3661 0.799481
3662 0.801592
3663 0.808451
3664 0.799481
3665 0.798426
3666 0.742142
3667 0.748474
3668 0.710834
3669 0.708547
3670 0.708371
3671 0.708371
3672 0.708371
3673 0.721035
3674 0.708547
3675 0.708371
3676 0.711185
3677 0.709075
3678 0.709954
3679 0.709075
3680 0.708371
3681 0.793325
3682 0.787345
3683 0.787169
3684 0.776088
3685 0.777319
3686 0.759027
3687 0.753574
3688 0.753398
3689 0.753574
3690 0.753750
3691 0.730357
3692 0.729478
3693 0.753398
3694 0.728422
3695 0.725256
3696 0.728422
3697 0.753574
3698 0.729654
3699 0.755861
3700 0.755861
3701 0.753398
3702 0.754805
3703 0.763424
3704 0.775912
3705 0.775912
3706 0.787696
3707 0.797194
3708 0.793677
3709 0.708371
3710 0.709251
3711 0.708547
3712 0.710482
3713 0.716814
3714 0.718221
3715 0.709778
3716 0.708547
3717 0.719628
3718 0.725432
3719 0.708371
3720 0.713296
3721 0.709778
3722 0.730885
3723 0.743549
3724 0.798426
3725 0.798426
3726 0.798777
3727 0.798426
3728 0.801064
3729 0.810386
3730 0.843453
3731 0.844508
3732 0.846267
3733 0.845036
3734 0.843629
3735 0.853302
3736 0.865966
3737 0.871419
3738 0.877399
3739 0.885666
3740 1.068589
3741 1.068589
3742 1.071403
3743 1.068941
3744 1.074217
3745 1.077559
3746 1.070699
3747 1.069292
3748 1.072986
3749 1.085474
3750 1.086705
3751 1.069820
3752 1.069116
3753 1.068589
3754 1.068941
3755 1.068589
3756 1.088640
3757 1.080373
3758 1.071755
3759 1.071051
3760 1.068589
3761 1.074921
3762 0.877223
3763 1.069292
3764 0.843453
3765 1.089695
3766 0.849081
3767 1.068765
3768 0.865966
3769 1.068589
3770 0.843453
3771 0.867549
3772 0.844156
3773 0.843629
3774 0.843453
3775 0.809682
3776 0.810210
3777 0.798953
3778 0.801416
3779 0.752871
3780 0.798601
3781 0.743021
3782 0.731940
3783 0.714175
3784 0.709075
3785 0.713472
3786 0.710658
3787 0.708899
3788 0.709251
3789 0.719452
3790 0.714000
3791 0.717166
3792 0.708371
3793 0.708723
3794 0.709778
3795 0.708371
3796 0.797898
3797 0.780133
3798 0.788576
3799 0.776088
3800 0.775912
3801 0.775912
3802 0.754981
3803 0.759027
3804 0.753574
3805 0.753398
3806 0.754805
3807 0.730533
3808 0.753926
3809 0.725960
3810 0.729478
3811 0.728071
3812 0.730533
3813 0.721035
3814 0.753398
3815 0.753574
3816 0.758323
3817 0.759027
3818 0.759203
3819 0.775912
3820 0.778902
3821 0.787169
3822 0.708371
3823 0.708371
3824 0.708371
3825 0.708371
3826 0.708371
3827 0.714000
3828 0.715055
3829 0.716814
3830 0.708371
3831 0.708899
3832 0.719980
3833 0.728246
3834 0.709075
3835 0.708371
3836 0.714879
3837 0.732116
3838 0.747770
3839 0.798426
3840 0.798426
3841 0.804230
3842 0.798426
3843 0.801240
3844 0.815663
3845 0.818125
3846 0.843453
3847 0.843453
3848 0.844860
3849 0.849081
3850 0.865966
3851 0.867198
3852 0.868781
3853 0.879334
3854 0.885666
3855 0.887776
3856 1.069292
3857 1.068589
3858 1.068589
3859 1.075273
3860 1.078439
3861 1.070172
3862 1.069116
3863 1.081253
3864 1.088288
3865 1.068589
3866 1.069644
3867 1.068589
3868 1.068765
3869 1.068589
3870 1.068589
3871 1.068765
3872 1.080373
3873 1.072810
3874 1.068941
3875 1.078614
3876 1.069116
3877 0.877399
3878 1.069996
3879 0.844860
3880 1.068765
3881 0.865966
3882 0.882852
3883 0.868956
3884 0.879862
3885 0.843453
3886 0.852071
3887 0.849081
3888 0.843453
3889 0.843453
3890 0.801240
3891 0.809682
3892 0.799481
3893 0.798426
3894 0.752167
3895 0.800536
3896 0.747770
3897 0.730885
3898 0.714175
3899 0.710482
3900 0.709602
3901 0.725432
3902 0.711185
3903 0.708371
3904 0.709602
3905 0.708899
3906 0.714000
3907 0.708899
3908 0.708371
3909 0.709075
3910 0.708371
3911 0.708723
3912 0.787169
3913 0.792797
3914 0.775912
3915 0.761841
3916 0.775912
3917 0.753398
3918 0.753574
3919 0.753750
3920 0.728246
3921 0.753574
3922 0.730181
3923 0.753398
3924 0.725256
3925 0.725960
3926 0.721739
3927 0.729478
3928 0.728071
3929 0.755509
3930 0.757620
3931 0.753398
3932 0.759027
3933 0.775912
3934 0.776440
3935 0.787169
3936 0.792797
3937 0.708371
3938 0.710482
3939 0.711185
3940 0.714000
3941 0.708899
3942 0.714703
3943 0.718221
3944 0.718221
3945 0.709954
3946 0.719804
3947 0.719980
3948 0.729478
3949 0.708371
3950 0.708371
3951 0.714000
3952 0.735282
3953 0.742669
3954 0.798777
3955 0.798601
3956 0.806868
3957 0.798426
3958 0.799481
3959 0.815487
3960 0.820236
3961 0.846443
3962 0.843453
3963 0.849081
3964 0.854006
3965 0.867374
3966 0.869132
3967 0.877223
3968 0.877575
3969 0.883379
3970 1.068589
3971 1.069820
3972 1.071403
3973 1.068941
3974 1.074217
3975 1.068589
3976 1.068589
3977 1.080197
3978 1.085474
3979 1.089695
3980 1.089695
3981 1.069996
3982 1.068589
3983 1.069292
3984 1.085650
3985 1.088288
3986 1.085650
3987 1.080022
3988 1.071403
3989 1.068589
3990 1.069292
3991 1.068941
3992 0.877751
3993 1.071579
3994 0.877751
3995 0.877223
3996 1.074569
3997 0.852423
3998 0.882852
3999 0.853302
4000 0.865966
4001 0.843629
4002 0.865966
4003 0.809682
4004 0.843453
4005 0.799129
4006 0.811089
4007 0.801767
4008 0.804054
4009 0.798426
4010 0.752167
4011 0.744780
4012 0.730885
4013 0.716814
4014 0.711185
4015 0.711185
4016 0.725432
4017 0.720332
4018 0.708371
4019 0.718221
4020 0.711361
4021 0.714000
4022 0.709427
4023 0.708371
4024 0.708371
4025 0.793325
4026 0.797722
4027 0.787169
4028 0.787169
4029 0.778374
4030 0.759027
4031 0.759027
4032 0.755509
4033 0.754454
4034 0.756213
4035 0.728071
4036 0.754454
4037 0.730181
4038 0.753398
4039 0.721739
4040 0.728071
4041 0.722090
4042 0.753398
4043 0.725256
4044 0.755509
4045 0.754102
4046 0.753574
4047 0.759027
4048 0.763248
4049 0.775912
4050 0.780133
4051 0.788576
4052 0.708547
4053 0.710482
4054 0.713648
4055 0.712592
4056 0.708547
4057 0.715055
4058 0.715055
4059 0.708547
4060 0.708371
4061 0.719804
4062 0.725256
4063 0.728071
4064 0.708371
4065 0.712592
4066 0.731412
4067 0.742142
4068 0.798601
4069 0.799657
4070 0.798426
4071 0.804230
4072 0.798426
4073 0.803350
4074 0.820236
4075 0.843980
4076 0.843805
4077 0.843453
4078 0.849433
4079 0.851895
4080 0.865966
4081 0.868781
4082 0.877223
4083 0.883379
4084 0.887073
4085 1.068589
4086 1.068941
4087 1.069292
4088 1.069116
4089 1.074217
4090 1.068589
4091 1.071227
4092 1.071403
4093 1.081077
4094 1.089695
4095 1.090399
4096 1.071051
4097 1.069996
4098 1.068589
4099 1.070172
4100 1.085474
4101 1.088288
4102 1.080373
4103 1.069468
4104 1.068589
4105 1.079494
4106 1.068589
4107 1.068941
4108 0.852071
4109 1.088288
4110 0.816366
4111 1.070172
4112 0.849257
4113 1.069116
4114 0.843453
4115 0.884083
4116 0.819532
4117 0.866142
4118 0.810562
4119 0.846091
4120 0.799657
4121 0.801416
4122 0.799129
4123 0.798426
4124 0.800888
4125 0.747770
4126 0.750584
4127 0.708371
4128 0.708547
4129 0.708371
4130 0.708547
4131 0.711185
4132 0.719980
4133 0.719452
4134 0.709075
4135 0.708371
4136 0.713296
4137 0.709778
4138 0.708371
4139 0.712592
4140 0.789279
4141 0.793501
4142 0.788576
4143 0.778023
4144 0.776088
4145 0.764303
4146 0.754805
4147 0.759554
4148 0.756037
4149 0.753926
4150 0.754630
4151 0.753398
4152 0.728071
4153 0.725784
4154 0.725256
4155 0.725256
4156 0.725960
4157 0.726488
4158 0.754805
4159 0.753398
4160 0.756213
4161 0.753398
4162 0.759027
4163 0.776088
4164 0.778550
4165 0.781189
4166 0.797194
4167 0.795963
4168 0.708371
4169 0.709075
4170 0.710482
4171 0.716814
4172 0.718397
4173 0.708371
4174 0.709075
4175 0.709954
4176 0.713296
4177 0.722266
4178 0.708371
4179 0.711185
4180 0.708371
4181 0.732116
4182 0.742142
4183 0.751112
4184 0.798601
4185 0.798426
4186 0.805285
4187 0.798601
4188 0.810738
4189 0.816014
4190 0.843805
4191 0.848378
4192 0.849081
4193 0.849257
4194 0.866142
4195 0.866142
4196 0.866142
4197 0.877575
4198 0.879334
4199 0.887249
4200 1.068765
4201 1.070172
4202 1.072986
4203 1.070699
4204 1.074393
4205 1.068589
4206 1.071403
4207 1.081956
4208 1.089871
4209 1.089695
4210 1.070172
4211 1.068589
4212 1.068589
4213 1.068765
4214 1.068589
4215 1.088816
4216 1.079846
4217 1.080901
4218 1.068589
4219 1.074393
4220 1.077031
4221 1.068589
4222 1.071403
4223 0.853302
4224 1.068589
4225 0.843805
4226 1.070172
4227 0.851895
4228 1.068589
4229 0.845915
4230 0.878806
4231 0.843453
4232 0.849257
4233 0.809682
4234 0.818125
4235 0.798426
4236 0.798601
4237 0.798777
4238 0.798426
4239 0.798426
4240 0.744252
4241 0.742142
4242 0.709778
4243 0.708547
4244 0.709075
4245 0.709427
4246 0.711185
4247 0.719804
4248 0.708371
4249 0.718924
4250 0.708371
4251 0.711185
4252 0.708371
4253 0.708723
4254 0.708371
4255 0.788576
4256 0.787345
4257 0.787872
4258 0.775912
4259 0.776967
4260 0.761841
4261 0.759027
4262 0.762017
4263 0.758323
4264 0.756037
4265 0.753398
4266 0.753398
4267 0.730181
4268 0.725256
4269 0.728071
4270 0.722266
4271 0.725256
4272 0.725256
4273 0.754454
4274 0.753574
4275 0.757620
4276 0.754102
4277 0.759027
4278 0.775912
4279 0.777319
4280 0.787521
4281 0.795611
4282 0.795963
4283 0.708371
4284 0.708547
4285 0.708899
4286 0.710834
4287 0.714000
4288 0.714000
4289 0.709602
4290 0.708547
4291 0.711361
4292 0.728071
4293 0.708547
4294 0.708899
4295 0.710482
4296 0.731061
4297 0.747770
4298 0.798426
4299 0.798601
4300 0.804230
4301 0.798601
4302 0.810034
4303 0.810914
4304 0.843453
4305 0.843453
4306 0.843629
4307 0.843453
4308 0.844860
4309 0.865966
4310 0.867022
4311 0.866142
4312 0.877223
4313 0.882852
4314 1.068765
4315 1.068589
4316 1.069292
4317 1.074041
4318 1.074921
4319 1.069116
4320 1.071403
4321 1.071403
4322 1.079846
4323 1.088288
4324 1.089695
4325 1.068589
4326 1.068589
4327 1.068589
4328 1.069292
4329 1.090751
4330 1.086529
4331 1.080549
4332 1.079846
4333 1.069644
4334 1.068589
4335 1.079142
4336 0.879686
4337 1.068589
4338 0.843980
4339 1.080549
4340 0.865966
4341 0.882852
4342 0.877223
4343 0.885666
4344 0.843453
4345 0.867198
4346 0.849609
4347 0.843453
4348 0.843453
4349 0.803878
4350 0.810034
4351 0.802647
4352 0.798426
4353 0.798426
4354 0.801240
4355 0.747770
4356 0.735282
4357 0.714703
4358 0.711009
4359 0.708899
4360 0.708371
4361 0.713296
4362 0.712768
4363 0.708371
4364 0.714000
4365 0.718924
4366 0.709778
4367 0.708371
4368 0.708371
4369 0.709075
4370 0.797018
4371 0.775912
4372 0.789279
4373 0.775912
4374 0.759027
4375 0.763424
4376 0.758323
4377 0.754630
4378 0.754454
4379 0.729478
4380 0.753398
4381 0.725960
4382 0.729654
4383 0.728071
4384 0.753398
4385 0.728071
4386 0.753398
4387 0.725960
4388 0.753574
4389 0.753398
4390 0.758323
4391 0.759027
4392 0.762017
4393 0.777319
4394 0.779078
4395 0.787872
4396 0.797018
4397 0.708371
4398 0.708371
4399 0.708371
4400 0.708371
4401 0.714175
4402 0.709778
4403 0.714175
4404 0.708547
4405 0.711185
4406 0.719628
4407 0.725256
4408 0.710834
4409 0.708371
4410 0.716814
4411 0.733699
4412 0.747770
4413 0.798953
4414 0.802647
4415 0.805109
4416 0.798426
4417 0.802647
4418 0.816366
4419 0.820236
4420 0.843629
4421 0.847674
4422 0.843453
4423 0.849609
4424 0.867374
4425 0.865966
4426 0.868781
4427 0.870188
4428 0.883907
4429 0.887776
4430 1.068589
4431 1.071579
4432 1.069116
4433 1.074217
4434 1.068589
4435 1.069292
4436 1.068589
4437 1.085474
4438 1.068589
4439 1.069996
4440 1.072810
4441 1.071403
4442 1.069292
4443 1.089695
4444 1.081956
4445 1.089695
4446 1.080549
4447 1.073690
4448 1.069644
4449 1.069644
4450 1.074393
4451 0.878806
4452 1.068765
4453 0.845036
4454 1.070172
4455 1.068765
4456 0.870188
4457 0.878630
4458 0.877223
4459 0.866142
4460 0.844332
4461 0.865966
4462 0.818125
4463 0.844156
4464 0.798601
4465 0.815487
4466 0.801767
4467 0.798426
4468 0.800536
4469 0.799129
4470 0.747946
4471 0.731237
4472 0.714527
4473 0.708371
4474 0.709778
4475 0.726488
4476 0.719804
4477 0.708899
4478 0.709778
4479 0.708371
4480 0.714000
4481 0.708723
4482 0.708547
4483 0.708723
4484 0.708547
4485 0.708371
4486 0.779078
4487 0.787169
4488 0.775912
4489 0.759730
4490 0.761841
4491 0.759027
4492 0.753398
4493 0.756213
4494 0.753398
4495 0.753398
4496 0.726488
4497 0.728071
4498 0.721211
4499 0.729478
4500 0.725256
4501 0.730181
4502 0.728071
4503 0.755509
4504 0.756213
4505 0.753574
4506 0.759027
4507 0.763424
4508 0.775912
4509 0.781365
4510 0.792973
4511 0.792797
4512 0.708899
4513 0.708371
4514 0.708371
4515 0.708371
4516 0.714351
4517 0.714000
4518 0.715231
4519 0.709954
4520 0.719628
4521 0.719980
4522 0.730533
4523 0.708547
4524 0.708371
4525 0.730885
4526 0.742142
4527 0.750584
4528 0.798426
4529 0.803526
4530 0.808451
4531 0.798777
4532 0.803350
4533 0.809682
4534 0.818653
4535 0.843980
4536 0.848729
4537 0.844684
4538 0.850137
4539 0.866670
4540 0.869308
4541 0.877223
4542 0.878630
4543 0.887073
4544 1.068589
4545 1.069468
4546 1.072986
4547 1.071051
4548 1.068589
4549 1.068589
4550 1.069820
4551 1.073514
4552 1.085474
4553 1.068589
4554 1.068589
4555 1.069292
4556 1.068765
4557 1.089695
4558 1.088640
4559 1.085650
4560 1.085474
4561 1.079846
4562 1.079846
4563 1.069292
4564 1.068589
4565 1.074217
4566 0.882852
4567 1.080373
4568 0.877223
4569 0.869308
4570 1.069116
4571 0.849433
4572 0.882852
4573 0.851895
4574 0.867549
4575 0.843453
4576 0.865966
4577 0.809682
4578 0.843453
4579 0.798426
4580 0.811265
4581 0.798953
4582 0.804230
4583 0.800009
4584 0.744252
4585 0.742493
4586 0.709778
4587 0.714000
4588 0.708371
4589 0.711361
4590 0.725256
4591 0.712592
4592 0.708371
4593 0.708899
4594 0.712592
4595 0.710482
4596 0.708899
4597 0.713296
4598 0.709075
4599 0.797722
4600 0.708371
4601 0.781189
4602 0.781365
4603 0.776616
4604 0.759379
4605 0.761841
4606 0.753398
4607 0.756740
4608 0.756740
4609 0.725256
4610 0.753398
4611 0.753398
4612 0.753574
4613 0.753574
4614 0.753574
4615 0.726488
4616 0.728598
4617 0.753398
4618 0.753574
4619 0.757620
4620 0.753574
4621 0.760258
4622 0.764303
4623 0.776264
4624 0.787169
4625 0.787345
4626 0.795611
4627 0.708371
4628 0.713648
4629 0.709075
4630 0.714879
4631 0.716814
4632 0.714175
4633 0.718924
4634 0.708371
4635 0.713296
4636 0.726312
4637 0.730709
4638 0.712592
4639 0.714527
4640 0.730885
4641 0.735810
4642 0.748474
4643 0.798601
4644 0.798953
4645 0.805285
4646 0.799481
4647 0.801240
4648 0.816014
4649 0.844156
4650 0.846267
4651 0.845563
4652 0.849081
4653 0.866142
4654 0.866142
4655 0.869308
4656 0.877223
4657 0.877751
4658 0.884083
4659 1.070699
4660 1.069996
4661 1.072810
4662 1.068589
4663 1.075273
4664 1.070172
4665 1.069116
4666 1.071403
4667 1.081429
4668 1.089871
4669 1.069292
4670 1.068941
4671 1.069644
4672 1.069292
4673 1.069292
4674 1.088640
4675 1.085650
4676 1.080022
4677 1.079846
4678 1.068589
4679 1.075273
4680 1.068941
4681 1.069996
4682 0.865966
4683 1.088288
4684 0.843453
4685 1.068941
4686 0.849785
4687 1.071227
4688 0.843453
4689 0.883555
4690 0.819532
4691 0.865966
4692 0.809682
4693 0.844860
4694 0.799833
4695 0.798777
4696 0.798426
4697 0.798426
4698 0.799657
4699 0.744252
4700 0.744604
4701 0.710658
4702 0.708371
4703 0.711185
4704 0.709075
4705 0.712592
4706 0.721035
4707 0.708371
4708 0.708723
4709 0.708371
4710 0.711185
4711 0.712768
4712 0.708371
4713 0.709427
4714 0.788576
4715 0.793325
4716 0.792797
4717 0.775912
4718 0.777495
4719 0.761841
4720 0.755509
4721 0.755509
4722 0.753398
4723 0.754805
4724 0.753926
4725 0.753398
4726 0.753398
4727 0.725608
4728 0.728246
4729 0.729478
4730 0.725960
4731 0.729654
4732 0.753574
4733 0.755861
4734 0.753398
4735 0.753398
4736 0.759203
4737 0.775912
4738 0.776967
4739 0.778726
4740 0.795787
4741 0.793677
4742 0.709602
4743 0.708723
4744 0.709602
4745 0.709778
4746 0.716814
4747 0.714703
4748 0.708371
4749 0.708371
4750 0.713824
4751 0.725432
4752 0.708371
4753 0.712768
4754 0.709954
4755 0.731237
4756 0.744780
4757 0.751991
4758 0.798601
4759 0.798426
4760 0.808275
4761 0.799129
4762 0.810210
4763 0.843453
4764 0.843453
4765 0.843453
4766 0.849081
4767 0.849609
4768 0.865966
4769 0.866318
4770 0.868781
4771 0.870891
4772 0.882852
4773 0.887073
4774 1.068941
4775 1.071227
4776 1.068589
4777 1.074745
4778 1.068589
4779 1.068589
4780 1.071403
4781 1.079846
4782 1.088288
4783 1.068589
4784 1.068941
4785 1.069292
4786 1.068941
4787 1.090575
4788 1.068589
4789 1.085474
4790 1.080197
4791 1.080022
4792 1.069644
4793 1.068589
4794 1.078614
4795 0.885842
4796 1.088288
4797 0.843453
4798 1.069820
4799 0.843629
4800 1.068765
4801 0.867374
4802 1.068941
4803 0.846091
4804 0.877223
4805 0.845915
4806 0.843805
4807 0.815311
4808 0.815311
4809 0.798601
4810 0.805285
4811 0.798426
4812 0.751991
4813 0.798426
4814 0.742142
4815 0.735282
4816 0.708899
4817 0.711185
4818 0.708899
4819 0.709778
4820 0.711185
4821 0.719628
4822 0.708547
4823 0.716814
4824 0.708371
4825 0.711185
4826 0.714351
4827 0.708371
4828 0.711537
4829 0.708547
4830 0.793149
4831 0.796139
4832 0.776264
4833 0.775912
4834 0.775912
4835 0.756037
4836 0.754805
4837 0.756388
4838 0.754805
4839 0.753398
4840 0.729654
4841 0.730181
4842 0.725256
4843 0.725432
4844 0.722090
4845 0.728071
4846 0.725256
4847 0.754102
4848 0.753574
4849 0.754454
4850 0.753398
4851 0.763952
4852 0.763424
4853 0.780133
4854 0.788224
4855 0.792797
4856 0.795611
4857 0.709778
4858 0.711185
4859 0.708547
4860 0.708899
4861 0.716814
4862 0.708723
4863 0.708547
4864 0.708899
4865 0.713648
4866 0.725256
4867 0.708547
4868 0.711185
4869 0.714000
4870 0.733347
4871 0.747770
4872 0.753222
4873 0.798426
4874 0.799129
4875 0.809331
4876 0.801240
4877 0.809682
4878 0.818125
4879 0.844156
4880 0.848905
4881 0.843453
4882 0.849081
4883 0.865966
4884 0.868781
4885 0.870891
4886 0.877575
4887 0.884083
4888 1.068589
4889 1.068589
4890 1.071755
4891 1.068589
4892 1.074217
4893 1.078439
4894 1.069996
4895 1.069292
4896 1.080197
4897 1.085650
4898 1.088640
4899 1.068589
4900 1.069116
4901 1.069292
4902 1.069468
4903 1.069116
4904 1.090751
4905 1.081956
4906 1.080022
4907 1.071051
4908 1.068941
4909 1.074217
4910 0.877575
4911 1.069644
4912 0.845036
4913 1.085474
4914 0.865966
4915 0.886193
4916 0.870364
4917 0.884083
4918 0.848378
4919 0.865966
4920 0.844860
4921 0.843453
4922 0.843453
4923 0.809682
4924 0.811089
4925 0.803702
4926 0.801064
4927 0.747770
4928 0.798777
4929 0.742142
4930 0.730885
4931 0.714175
4932 0.708371
4933 0.709427
4934 0.708371
4935 0.711185
4936 0.711537
4937 0.708371
4938 0.708371
4939 0.708371
4940 0.710482
4941 0.708547
4942 0.709778
4943 0.708371
4944 0.708371
4945 0.778726
4946 0.792797
4947 0.776088
4948 0.776088
4949 0.775912
4950 0.753398
4951 0.754630
4952 0.755685
4953 0.753398
4954 0.730709
4955 0.728071
4956 0.728246
4957 0.728422
4958 0.730533
4959 0.721915
4960 0.753574
4961 0.725432
4962 0.753574
4963 0.753398
4964 0.756564
4965 0.754805
4966 0.761841
4967 0.775912
4968 0.778902
4969 0.788400
4970 0.798250
4971 0.795611
4972 0.709427
4973 0.708899
4974 0.708371
4975 0.718397
4976 0.716814
4977 0.708547
4978 0.711009
4979 0.719628
4980 0.725256
4981 0.708371
4982 0.708547
4983 0.708371
4984 0.714000
4985 0.731061
4986 0.747946
4987 0.798426
4988 0.799129
4989 0.800536
4990 0.798426
4991 0.803702
4992 0.818125
4993 0.843453
4994 0.843805
4995 0.844156
4996 0.844156
4997 0.849081
4998 0.865966
4999 0.866142
