0 0.742142
1 0.742142
2 0.742142
3 0.735106
4 0.742317
5 0.742142
6 0.742493
7 0.742142
8 0.744252
9 0.747770
10 0.753047
11 0.752167
12 0.750584
13 0.751991
14 0.750584
15 0.750584
16 0.798426
17 0.798426
18 0.798426
19 0.798426
20 0.751991
21 0.750584
22 0.751991
23 0.743549
24 0.743725
25 0.742142
26 0.742142
27 0.742845
28 0.742317
29 0.747770
30 0.742669
31 0.750584
32 0.751991
33 0.750584
34 0.798426
35 0.798777
36 0.799833
37 0.798777
38 0.798426
39 0.798426
40 0.798953
41 0.800888
42 0.798426
43 0.799129
44 0.751112
45 0.798777
46 0.753047
47 0.752695
48 0.749001
49 0.747770
50 0.744604
51 0.743549
52 0.744252
53 0.747770
54 0.748825
55 0.747946
56 0.753047
57 0.751112
58 0.750584
59 0.799481
60 0.798426
61 0.799129
62 0.798777
63 0.798426
64 0.800536
65 0.798777
66 0.799481
67 0.751112
68 0.748474
69 0.743549
70 0.742669
71 0.743549
72 0.742142
73 0.743549
74 0.747770
75 0.742142
76 0.747770
77 0.742142
78 0.743549
79 0.742142
80 0.747770
81 0.748825
82 0.747770
83 0.748825
84 0.747770
85 0.750584
86 0.748825
87 0.744604
88 0.751991
89 0.747770
90 0.744252
91 0.743373
92 0.736337
93 0.742142
94 0.742142
95 0.733699
96 0.742142
97 0.742317
98 0.733875
99 0.733699
100 0.742142
101 0.743197
102 0.743197
103 0.747770
104 0.748474
105 0.747946
106 0.748649
107 0.798601
108 0.747946
109 0.747770
110 0.748474
111 0.747946
112 0.750584
113 0.743197
114 0.742142
115 0.742142
116 0.742142
117 0.742142
118 0.743197
119 0.747770
120 0.742142
121 0.747770
122 0.742669
123 0.747770
124 0.750584
125 0.747770
126 0.748474
127 0.747770
128 0.752695
129 0.798426
130 0.752695
131 0.798426
132 0.799481
133 0.752695
134 0.798601
135 0.751112
136 0.747946
137 0.744252
138 0.749001
139 0.750584
140 0.749001
141 0.747770
142 0.748122
143 0.747770
144 0.742845
145 0.748474
146 0.747770
147 0.750584
148 0.752167
149 0.798601
150 0.798953
151 0.799481
152 0.798601
153 0.798777
154 0.798601
155 0.798601
156 0.798426
157 0.798426
158 0.798426
159 0.800888
160 0.798426
161 0.747946
162 0.747946
163 0.744604
164 0.747770
165 0.748298
166 0.750760
167 0.752167
168 0.753047
169 0.750584
170 0.751112
171 0.798426
172 0.799481
173 0.799129
174 0.799129
175 0.798601
176 0.798426
177 0.798601
178 0.798601
179 0.751991
180 0.743725
181 0.747946
182 0.743549
183 0.743549
184 0.742142
185 0.742493
186 0.735106
187 0.742493
188 0.747770
189 0.743725
190 0.747946
191 0.747770
192 0.750760
193 0.750584
194 0.750584
195 0.747946
196 0.798426
197 0.798777
198 0.752167
199 0.749001
200 0.751991
201 0.747770
202 0.744780
203 0.747946
204 0.743549
205 0.742493
206 0.742142
207 0.742142
208 0.735282
209 0.733699
210 0.742317
211 0.735282
212 0.734227
213 0.743197
214 0.742317
215 0.742142
216 0.743549
217 0.749001
218 0.750584
219 0.748122
220 0.750584
221 0.798426
222 0.753047
223 0.752695
224 0.752167
225 0.753047
226 0.744604
227 0.743549
228 0.742845
229 0.742142
230 0.742317
231 0.742142
232 0.742317
233 0.742142
234 0.742669
235 0.743549
236 0.742317
237 0.743725
238 0.747770
239 0.748474
240 0.750760
241 0.747770
242 0.798601
243 0.798426
244 0.798426
245 0.798601
246 0.798426
247 0.798426
248 0.798426
249 0.798426
250 0.752167
251 0.744252
252 0.747770
253 0.750936
254 0.750760
255 0.747770
256 0.747770
257 0.743549
258 0.747770
259 0.750584
260 0.750760
261 0.798426
262 0.798426
263 0.798601
264 0.798426
265 0.798426
266 0.801240
267 0.798426
268 0.798426
269 0.799833
270 0.801240
271 0.798426
272 0.800009
273 0.798777
274 0.752695
275 0.748825
276 0.748298
277 0.747770
278 0.743725
279 0.747946
280 0.753222
281 0.798426
282 0.752695
283 0.750760
284 0.798601
285 0.798426
286 0.799129
287 0.799833
288 0.798426
289 0.799129
290 0.799481
291 0.752695
292 0.750936
293 0.752695
294 0.798426
295 0.750584
296 0.747770
297 0.748474
298 0.747770
299 0.743725
300 0.742493
301 0.742142
302 0.742142
303 0.743549
304 0.747770
305 0.748122
306 0.744252
307 0.744252
308 0.749001
309 0.748122
310 0.752167
311 0.798953
312 0.799833
313 0.752167
314 0.751112
315 0.751991
316 0.750584
317 0.743549
318 0.742845
319 0.735810
320 0.733699
321 0.742142
322 0.735282
323 0.734227
324 0.733699
325 0.731588
326 0.730885
327 0.742142
328 0.744252
329 0.744252
330 0.750760
331 0.752167
332 0.752695
333 0.747770
334 0.748825
335 0.751112
336 0.752695
337 0.750584
338 0.798426
339 0.747770
340 0.742845
341 0.742142
342 0.742669
343 0.742142
344 0.742493
345 0.733699
346 0.742845
347 0.742493
348 0.742142
349 0.744604
350 0.747770
351 0.750584
352 0.750584
353 0.750936
354 0.798426
355 0.753047
356 0.799657
357 0.799481
358 0.799129
359 0.798601
360 0.751991
361 0.750584
362 0.750584
363 0.747770
364 0.743549
365 0.742142
366 0.747770
367 0.743549
368 0.743725
369 0.742142
370 0.744780
371 0.747946
372 0.751991
373 0.753222
374 0.751991
375 0.798426
376 0.798426
377 0.798601
378 0.800536
379 0.798426
380 0.798426
381 0.798426
382 0.798426
383 0.799481
384 0.798426
385 0.753047
386 0.753222
387 0.750584
388 0.751112
389 0.751112
390 0.748474
391 0.747770
392 0.744428
393 0.747946
394 0.747770
395 0.750760
396 0.748649
397 0.752167
398 0.751991
399 0.751991
400 0.798426
401 0.798426
402 0.798601
403 0.798426
404 0.798953
405 0.799129
406 0.799481
407 0.753047
408 0.748649
409 0.749001
410 0.748122
411 0.742845
412 0.743549
413 0.742142
414 0.742142
415 0.742142
416 0.748122
417 0.743549
418 0.743549
419 0.742142
420 0.743549
421 0.752167
422 0.798426
423 0.798426
424 0.750584
425 0.750584
426 0.748474
427 0.747946
428 0.748474
429 0.747770
430 0.743549
431 0.742669
432 0.742317
433 0.735810
434 0.736337
435 0.742669
436 0.742142
437 0.735106
438 0.742142
439 0.742142
440 0.735106
441 0.742142
442 0.744252
443 0.747770
444 0.747770
445 0.751991
446 0.748298
447 0.751991
448 0.748298
449 0.747770
450 0.744252
451 0.747946
452 0.744428
453 0.743549
454 0.743197
455 0.742317
456 0.742142
457 0.742317
458 0.742142
459 0.736337
460 0.742317
461 0.743549
462 0.743549
463 0.743725
464 0.747946
465 0.750936
466 0.798601
467 0.799657
468 0.798426
469 0.800009
470 0.799657
471 0.798601
472 0.798601
473 0.798601
474 0.798426
475 0.750584
476 0.798426
477 0.747770
478 0.743725
479 0.747770
480 0.747946
481 0.743725
482 0.744604
483 0.743549
484 0.747946
485 0.742669
486 0.750584
487 0.750584
488 0.798426
489 0.798601
490 0.798426
491 0.800009
492 0.801064
493 0.801240
494 0.801240
495 0.800712
496 0.801064
497 0.799305
498 0.798601
499 0.798601
500 0.798601
501 0.750584
502 0.748122
503 0.747770
504 0.747946
505 0.743549
506 0.748298
507 0.747770
508 0.750584
509 0.753047
510 0.750584
511 0.798426
512 0.750936
513 0.798426
514 0.798601
515 0.798426
516 0.798426
517 0.798426
518 0.798953
519 0.751991
520 0.751991
521 0.747770
522 0.747770
523 0.747770
524 0.744604
525 0.742669
526 0.742142
527 0.735810
528 0.742845
529 0.742142
530 0.743373
531 0.742142
532 0.744252
533 0.743373
534 0.742493
535 0.747770
536 0.748649
537 0.750760
538 0.751991
539 0.798777
540 0.798953
541 0.751991
542 0.747770
543 0.744604
544 0.744252
545 0.742493
546 0.742142
547 0.742142
548 0.743549
549 0.733699
550 0.742317
551 0.742317
552 0.742142
553 0.734227
554 0.742669
555 0.742142
556 0.743549
557 0.743725
558 0.751991
559 0.752167
560 0.750760
561 0.751991
562 0.747770
563 0.743549
564 0.744604
565 0.747946
566 0.744252
567 0.743197
568 0.742142
569 0.736161
570 0.742142
571 0.742142
572 0.742142
573 0.742317
574 0.742142
575 0.742317
576 0.747770
577 0.747946
578 0.747946
579 0.749001
580 0.751991
581 0.748474
582 0.751991
583 0.798426
584 0.750584
585 0.753222
586 0.798601
587 0.750760
588 0.747770
589 0.748122
590 0.747946
591 0.747770
592 0.744604
593 0.747770
594 0.747946
595 0.742142
596 0.742142
597 0.750584
598 0.747946
599 0.749001
600 0.750760
601 0.752695
602 0.798426
603 0.798601
604 0.798777
605 0.798601
606 0.800009
607 0.798426
608 0.799833
609 0.800009
610 0.798426
611 0.799657
612 0.798777
613 0.798426
614 0.752695
615 0.750936
616 0.748298
617 0.744252
618 0.747946
619 0.743549
620 0.747770
621 0.747946
622 0.750584
623 0.750936
624 0.753047
625 0.753047
626 0.798777
627 0.798426
628 0.798426
629 0.799305
630 0.798426
631 0.798426
632 0.799657
633 0.798601
634 0.753222
635 0.750760
636 0.747946
637 0.742142
638 0.743197
639 0.743549
640 0.742317
641 0.742142
642 0.736161
643 0.742317
644 0.742317
645 0.743549
646 0.748474
647 0.747946
648 0.751991
649 0.748474
650 0.748122
651 0.751991
652 0.750760
653 0.798426
654 0.751991
655 0.751991
656 0.750584
657 0.750584
658 0.747946
659 0.742142
660 0.735106
661 0.742669
662 0.735986
663 0.735106
664 0.742142
665 0.742142
666 0.733875
667 0.742142
668 0.742317
669 0.743373
670 0.747946
671 0.750584
672 0.750584
673 0.750584
674 0.747946
675 0.798426
676 0.751991
677 0.747770
678 0.750760
679 0.747770
680 0.744428
681 0.743549
682 0.742142
683 0.742317
684 0.742142
685 0.742669
686 0.747946
687 0.742317
688 0.742669
689 0.742493
690 0.742317
691 0.743373
692 0.750760
693 0.750584
694 0.750584
695 0.751991
696 0.798426
697 0.798953
698 0.798426
699 0.798601
700 0.798426
701 0.798601
702 0.753222
703 0.798426
704 0.798426
705 0.747770
706 0.744252
707 0.743549
708 0.747946
709 0.743725
710 0.744252
711 0.748474
712 0.742493
713 0.749001
714 0.750936
715 0.751991
716 0.798426
717 0.798777
718 0.798601
719 0.798777
720 0.799305
721 0.801240
722 0.800009
723 0.800009
724 0.798426
725 0.798426
726 0.798777
727 0.799305
728 0.750760
729 0.750584
730 0.750936
731 0.750760
732 0.747946
733 0.747770
734 0.747770
735 0.750760
736 0.750760
737 0.751991
738 0.798601
739 0.798426
740 0.798953
741 0.798601
742 0.798426
743 0.801064
744 0.798953
745 0.798601
746 0.752167
747 0.798426
748 0.751112
749 0.750584
750 0.748474
751 0.748122
752 0.747770
753 0.744780
754 0.743549
755 0.747770
756 0.744252
757 0.742317
758 0.742317
759 0.742317
760 0.744604
761 0.744428
762 0.747770
763 0.747770
764 0.798777
765 0.798426
766 0.751112
767 0.753047
768 0.750584
769 0.750584
770 0.752167
771 0.744428
772 0.747770
773 0.743725
774 0.743021
775 0.742317
776 0.736337
777 0.733699
778 0.742317
779 0.735810
780 0.735106
781 0.742142
782 0.742142
783 0.742317
784 0.742142
785 0.748649
786 0.753047
787 0.750584
788 0.747770
789 0.748649
790 0.744604
791 0.747770
792 0.747946
793 0.748649
794 0.743725
795 0.742669
796 0.742669
797 0.742142
798 0.742142
799 0.742142
800 0.735986
801 0.742142
802 0.744252
803 0.747770
804 0.742317
805 0.744252
806 0.798953
807 0.753047
808 0.750760
809 0.751991
810 0.798777
811 0.798426
812 0.753222
813 0.798601
814 0.798777
815 0.798426
816 0.752695
817 0.751991
818 0.747946
819 0.748298
820 0.744252
821 0.748122
822 0.747946
823 0.749001
824 0.750760
825 0.747770
826 0.750584
827 0.798426
828 0.798601
829 0.798426
830 0.798426
831 0.798601
832 0.798426
833 0.798426
834 0.801240
835 0.801064
836 0.798426
837 0.798426
838 0.800536
839 0.798601
840 0.798777
841 0.799481
842 0.798601
843 0.751112
844 0.752695
845 0.747770
846 0.747770
847 0.747946
848 0.750584
849 0.750584
850 0.750584
851 0.798777
852 0.798426
853 0.798601
854 0.798426
855 0.798426
856 0.798777
857 0.801064
858 0.798601
859 0.798426
860 0.751991
861 0.799129
862 0.752695
863 0.747770
864 0.750584
865 0.747770
866 0.742142
867 0.744252
868 0.744252
869 0.747770
870 0.742493
871 0.742142
872 0.743549
873 0.747770
874 0.742142
875 0.747770
876 0.753222
877 0.750584
878 0.751991
879 0.798426
880 0.798426
881 0.798777
882 0.751991
883 0.749001
884 0.751991
885 0.748122
886 0.747770
887 0.743373
888 0.742142
889 0.742142
890 0.742142
891 0.733875
892 0.735106
893 0.733875
894 0.742669
895 0.742317
896 0.742142
897 0.742142
898 0.744252
899 0.747770
900 0.747770
901 0.747770
902 0.750936
903 0.749001
904 0.742142
905 0.742493
906 0.748474
907 0.747946
908 0.742142
909 0.742317
910 0.742845
911 0.743373
912 0.742142
913 0.742493
914 0.742142
915 0.747770
916 0.744252
917 0.748474
918 0.747770
919 0.751991
920 0.752695
921 0.751112
922 0.751991
923 0.799481
924 0.799129
925 0.798426
926 0.799657
927 0.799657
928 0.798426
929 0.753047
930 0.747946
931 0.748474
932 0.742669
933 0.747770
934 0.748298
935 0.748122
936 0.747770
937 0.748298
938 0.744780
939 0.748298
940 0.751112
941 0.748474
942 0.798426
943 0.799657
944 0.798601
945 0.799833
946 0.799305
947 0.799833
948 0.798601
949 0.798426
950 0.800009
951 0.798426
952 0.798426
953 0.798601
954 0.798601
955 0.748474
956 0.750584
957 0.747770
958 0.748825
959 0.747770
960 0.744252
961 0.748474
962 0.747770
963 0.798601
964 0.798426
965 0.798777
966 0.798426
967 0.798426
968 0.799129
969 0.798426
970 0.799129
971 0.798426
972 0.798601
973 0.750760
974 0.750760
975 0.747946
976 0.750584
977 0.742317
978 0.743725
979 0.744252
980 0.743197
981 0.742845
982 0.747770
983 0.743725
984 0.743549
985 0.742142
986 0.742317
987 0.742669
988 0.743197
989 0.747770
990 0.747946
991 0.798426
992 0.799129
993 0.798426
994 0.798426
995 0.750584
996 0.747770
997 0.750584
998 0.747770
999 0.747946
1000 0.747770
1001 0.742142
1002 0.742317
1003 0.735106
1004 0.735106
1005 0.735810
1006 0.735106
1007 0.733699
1008 0.731061
1009 0.742142
1010 0.742317
1011 0.742317
1012 0.743021
1013 0.742317
1014 0.747946
1015 0.750584
1016 0.747770
1017 0.744604
1018 0.748122
1019 0.744252
1020 0.747770
1021 0.742142
1022 0.742142
1023 0.743197
1024 0.742142
1025 0.743549
1026 0.748122
1027 0.743549
1028 0.742142
1029 0.742493
1030 0.742142
1031 0.744780
1032 0.748474
1033 0.751991
1034 0.751112
1035 0.798601
1036 0.798426
1037 0.798426
1038 0.798426
1039 0.798426
1040 0.798426
1041 0.799481
1042 0.798601
1043 0.750584
1044 0.750584
1045 0.747946
1046 0.747946
1047 0.744780
1048 0.744252
1049 0.744604
1050 0.748122
1051 0.750760
1052 0.747946
1053 0.747946
1054 0.798426
1055 0.750760
1056 0.799657
1057 0.798426
1058 0.798426
1059 0.800712
1060 0.798426
1061 0.799657
1062 0.798601
1063 0.798777
1064 0.798601
1065 0.751991
1066 0.798601
1067 0.750584
1068 0.748474
1069 0.747946
1070 0.748122
1071 0.747770
1072 0.748122
1073 0.742142
1074 0.744252
1075 0.747946
1076 0.747770
1077 0.798601
1078 0.750584
1079 0.798426
1080 0.798426
1081 0.798426
1082 0.798426
1083 0.798426
1084 0.798426
1085 0.798953
1086 0.798601
1087 0.750936
1088 0.751991
1089 0.750584
1090 0.747770
1091 0.744780
1092 0.743725
1093 0.743197
1094 0.742845
1095 0.742142
1096 0.742142
1097 0.742142
1098 0.742317
1099 0.743549
1100 0.742142
1101 0.742317
1102 0.750584
1103 0.747770
1104 0.749001
1105 0.752695
1106 0.751991
1107 0.750584
1108 0.750760
1109 0.750584
1110 0.748122
1111 0.747770
1112 0.747946
1113 0.743549
1114 0.743021
1115 0.736337
1116 0.742845
1117 0.733875
1118 0.736161
1119 0.742669
1120 0.742317
1121 0.742142
1122 0.742493
1123 0.747946
1124 0.744604
1125 0.744252
1126 0.748122
1127 0.750584
1128 0.751112
1129 0.751112
1130 0.752695
1131 0.748825
1132 0.750584
1133 0.747770
1134 0.748649
1135 0.744780
1136 0.747770
1137 0.743197
1138 0.742142
1139 0.742493
1140 0.742669
1141 0.735986
1142 0.742142
1143 0.742669
1144 0.743197
1145 0.750760
1146 0.750584
1147 0.752695
1148 0.798426
1149 0.751991
1150 0.752167
1151 0.752695
1152 0.799657
1153 0.798426
1154 0.798601
1155 0.798601
1156 0.750584
1157 0.753047
1158 0.798777
1159 0.747770
1160 0.747946
1161 0.747946
1162 0.750584
1163 0.748298
1164 0.747770
1165 0.750584
1166 0.748474
1167 0.750760
1168 0.748474
1169 0.798601
1170 0.798426
1171 0.798426
1172 0.800009
1173 0.798426
1174 0.798426
1175 0.798426
1176 0.798426
1177 0.798426
1178 0.798426
1179 0.798426
1180 0.751991
1181 0.798601
1182 0.750584
1183 0.749001
1184 0.742142
1185 0.743549
1186 0.744604
1187 0.744780
1188 0.750584
1189 0.748474
1190 0.748474
1191 0.798426
1192 0.753047
1193 0.752167
1194 0.751112
1195 0.798953
1196 0.798601
1197 0.798601
1198 0.798426
1199 0.798777
1200 0.798601
1201 0.750936
1202 0.798601
1203 0.750584
1204 0.748474
1205 0.742493
1206 0.742142
1207 0.735282
1208 0.742669
1209 0.742317
1210 0.743549
1211 0.747770
1212 0.750584
1213 0.748649
1214 0.752167
1215 0.798601
1216 0.750760
1217 0.748825
1218 0.750584
1219 0.750584
1220 0.750584
1221 0.748474
1222 0.750584
1223 0.747770
1224 0.743725
1225 0.742493
1226 0.742142
1227 0.742493
1228 0.736337
1229 0.742142
1230 0.742317
1231 0.733875
1232 0.730885
1233 0.735106
1234 0.735810
1235 0.742142
1236 0.743373
1237 0.743725
1238 0.747946
1239 0.747946
1240 0.752695
1241 0.753047
1242 0.751991
1243 0.799129
1244 0.751112
1245 0.753222
1246 0.798426
1247 0.798426
1248 0.750584
1249 0.747770
1250 0.742142
1251 0.735106
1252 0.735810
1253 0.742669
1254 0.742142
1255 0.742142
1256 0.742142
1257 0.742142
1258 0.742317
1259 0.742142
1260 0.748298
1261 0.750936
1262 0.751112
1263 0.752695
1264 0.751991
1265 0.798426
1266 0.799129
1267 0.798426
1268 0.799129
1269 0.798601
1270 0.798426
1271 0.751991
1272 0.747946
1273 0.748298
1274 0.744428
1275 0.750760
1276 0.744780
1277 0.748298
1278 0.748825
1279 0.747946
1280 0.747770
1281 0.748825
1282 0.751991
1283 0.752167
1284 0.750584
1285 0.798601
1286 0.798601
1287 0.798426
1288 0.798426
1289 0.800536
1290 0.798426
1291 0.798426
1292 0.798953
1293 0.799481
1294 0.798426
1295 0.799833
1296 0.798426
1297 0.747770
1298 0.747946
1299 0.744604
1300 0.748122
1301 0.747770
1302 0.742669
1303 0.744252
1304 0.747770
1305 0.750936
1306 0.798601
1307 0.798426
1308 0.799481
1309 0.799129
1310 0.798426
1311 0.798426
1312 0.798426
1313 0.798426
1314 0.798426
1315 0.751991
1316 0.748825
1317 0.750584
1318 0.747770
1319 0.747770
1320 0.742142
1321 0.742142
1322 0.743549
1323 0.747770
1324 0.744252
1325 0.742317
1326 0.743549
1327 0.742142
1328 0.744252
1329 0.742142
1330 0.747770
1331 0.744252
1332 0.752167
1333 0.798426
1334 0.751112
1335 0.748474
1336 0.750584
1337 0.748825
1338 0.750584
1339 0.744780
1340 0.747770
1341 0.742142
1342 0.734227
1343 0.742142
1344 0.733699
1345 0.733699
1346 0.742142
1347 0.735810
1348 0.734051
1349 0.742142
1350 0.742845
1351 0.743549
1352 0.747946
1353 0.743549
1354 0.748825
1355 0.750584
1356 0.798426
1357 0.798777
1358 0.752167
1359 0.747770
1360 0.748825
1361 0.747770
1362 0.743549
1363 0.742142
1364 0.742845
1365 0.742142
1366 0.742317
1367 0.742669
1368 0.742142
1369 0.742317
1370 0.742142
1371 0.742142
1372 0.736161
1373 0.742142
1374 0.742142
1375 0.743197
1376 0.744604
1377 0.750760
1378 0.799657
1379 0.798601
1380 0.800712
1381 0.798426
1382 0.799481
1383 0.798426
1384 0.752167
1385 0.798426
1386 0.747946
1387 0.748122
1388 0.747770
1389 0.747946
1390 0.744604
1391 0.743549
1392 0.748122
1393 0.747946
1394 0.748649
1395 0.748474
1396 0.751991
1397 0.752695
1398 0.798426
1399 0.800536
1400 0.800888
1401 0.798601
1402 0.798777
1403 0.799833
1404 0.800888
1405 0.800009
1406 0.799129
1407 0.798953
1408 0.752695
1409 0.751991
1410 0.747770
1411 0.747770
1412 0.747946
1413 0.747770
1414 0.749001
1415 0.747770
1416 0.750936
1417 0.798426
1418 0.798953
1419 0.749001
1420 0.798426
1421 0.798426
1422 0.798426
1423 0.798601
1424 0.799833
1425 0.799481
1426 0.798426
1427 0.798426
1428 0.752695
1429 0.752695
1430 0.798601
1431 0.747770
1432 0.742669
1433 0.742142
1434 0.742845
1435 0.742493
1436 0.742317
1437 0.744252
1438 0.742142
1439 0.750584
1440 0.747770
1441 0.744252
1442 0.747770
1443 0.751991
1444 0.749001
1445 0.753047
1446 0.798601
1447 0.752695
1448 0.750584
1449 0.751112
1450 0.747770
1451 0.742317
1452 0.742493
1453 0.742317
1454 0.742317
1455 0.743373
1456 0.742142
1457 0.743373
1458 0.730885
1459 0.735282
1460 0.735282
1461 0.742142
1462 0.742142
1463 0.747770
1464 0.750584
1465 0.747946
1466 0.747770
1467 0.752167
1468 0.751991
1469 0.750584
1470 0.750936
1471 0.750936
1472 0.798601
1473 0.752871
1474 0.752167
1475 0.747770
1476 0.747770
1477 0.742142
1478 0.742317
1479 0.742142
1480 0.734051
1481 0.733699
1482 0.742142
1483 0.742142
1484 0.742317
1485 0.743549
1486 0.748474
1487 0.748474
1488 0.753222
1489 0.798601
1490 0.798426
1491 0.799481
1492 0.798426
1493 0.798426
1494 0.799129
1495 0.798426
1496 0.798426
1497 0.750584
1498 0.748474
1499 0.748474
1500 0.747770
1501 0.747946
1502 0.747770
1503 0.750584
1504 0.744780
1505 0.747770
1506 0.747770
1507 0.748298
1508 0.750760
1509 0.750584
1510 0.751112
1511 0.753047
1512 0.751991
1513 0.798426
1514 0.798953
1515 0.799833
1516 0.799657
1517 0.799833
1518 0.798426
1519 0.800536
1520 0.800536
1521 0.798426
1522 0.798426
1523 0.752695
1524 0.750584
1525 0.748825
1526 0.750760
1527 0.748825
1528 0.751991
1529 0.747946
1530 0.747770
1531 0.750760
1532 0.748474
1533 0.748298
1534 0.751991
1535 0.750584
1536 0.751112
1537 0.751112
1538 0.799833
1539 0.799833
1540 0.798426
1541 0.752167
1542 0.799129
1543 0.798426
1544 0.750584
1545 0.748122
1546 0.748122
1547 0.742317
1548 0.742493
1549 0.742142
1550 0.742142
1551 0.747946
1552 0.743725
1553 0.743549
1554 0.743549
1555 0.744428
1556 0.747770
1557 0.750584
1558 0.747946
1559 0.752167
1560 0.750760
1561 0.748649
1562 0.747770
1563 0.747770
1564 0.747770
1565 0.742669
1566 0.744780
1567 0.742142
1568 0.743373
1569 0.736161
1570 0.742142
1571 0.733875
1572 0.735810
1573 0.742142
1574 0.742142
1575 0.733699
1576 0.731588
1577 0.743197
1578 0.742142
1579 0.743725
1580 0.744780
1581 0.750760
1582 0.748825
1583 0.750760
1584 0.752167
1585 0.798426
1586 0.751991
1587 0.750584
1588 0.752695
1589 0.743549
1590 0.743549
1591 0.742317
1592 0.733699
1593 0.742142
1594 0.733699
1595 0.735810
1596 0.743373
1597 0.742142
1598 0.747770
1599 0.744604
1600 0.747770
1601 0.752695
1602 0.750584
1603 0.752695
1604 0.751112
1605 0.798426
1606 0.798426
1607 0.752167
1608 0.799129
1609 0.798426
1610 0.751991
1611 0.750760
1612 0.750584
1613 0.747770
1614 0.747770
1615 0.747770
1616 0.747770
1617 0.742493
1618 0.742845
1619 0.744604
1620 0.747770
1621 0.748825
1622 0.798601
1623 0.752695
1624 0.798426
1625 0.753047
1626 0.798426
1627 0.798426
1628 0.801064
1629 0.801240
1630 0.800888
1631 0.798426
1632 0.799657
1633 0.799657
1634 0.798426
1635 0.751991
1636 0.799657
1637 0.798601
1638 0.750584
1639 0.747946
1640 0.749001
1641 0.743549
1642 0.747770
1643 0.747946
1644 0.747770
1645 0.749001
1646 0.750584
1647 0.798426
1648 0.798426
1649 0.752167
1650 0.799129
1651 0.798426
1652 0.798426
1653 0.798426
1654 0.751991
1655 0.798601
1656 0.799657
1657 0.798426
1658 0.798777
1659 0.751991
1660 0.748298
1661 0.743725
1662 0.743549
1663 0.744252
1664 0.742142
1665 0.744252
1666 0.747770
1667 0.747770
1668 0.747946
1669 0.742845
1670 0.747770
1671 0.747770
1672 0.798426
1673 0.799129
1674 0.798953
1675 0.750936
1676 0.751991
1677 0.750584
1678 0.750584
1679 0.748474
1680 0.748474
1681 0.742845
1682 0.742142
1683 0.734051
1684 0.742142
1685 0.730885
1686 0.731940
1687 0.735106
1688 0.742493
1689 0.742493
1690 0.742142
1691 0.744604
1692 0.747770
1693 0.744604
1694 0.747770
1695 0.752871
1696 0.751991
1697 0.750584
1698 0.748474
1699 0.743725
1700 0.751991
1701 0.747770
1702 0.744604
1703 0.743373
1704 0.742669
1705 0.742142
1706 0.743373
1707 0.742142
1708 0.742669
1709 0.742317
1710 0.743549
1711 0.742317
1712 0.747946
1713 0.748649
1714 0.749001
1715 0.751991
1716 0.798426
1717 0.752695
1718 0.749001
1719 0.798601
1720 0.753222
1721 0.800009
1722 0.798601
1723 0.800536
1724 0.798426
1725 0.798426
1726 0.752695
1727 0.747770
1728 0.747946
1729 0.748298
1730 0.747946
1731 0.743549
1732 0.750584
1733 0.748474
1734 0.750584
1735 0.749001
1736 0.750584
1737 0.751991
1738 0.798601
1739 0.799481
1740 0.800009
1741 0.798426
1742 0.800536
1743 0.798426
1744 0.798777
1745 0.798426
1746 0.798426
1747 0.799833
1748 0.798426
1749 0.798953
1750 0.799129
1751 0.753047
1752 0.752167
1753 0.749001
1754 0.747770
1755 0.747946
1756 0.744252
1757 0.747770
1758 0.748474
1759 0.748825
1760 0.753222
1761 0.751991
1762 0.798953
1763 0.799129
1764 0.752167
1765 0.753222
1766 0.798426
1767 0.751991
1768 0.798601
1769 0.798426
1770 0.799129
1771 0.798426
1772 0.747770
1773 0.743549
1774 0.744604
1775 0.742845
1776 0.742142
1777 0.742669
1778 0.742669
1779 0.742317
1780 0.743725
1781 0.742142
1782 0.742317
1783 0.744604
1784 0.747770
1785 0.747770
1786 0.750584
1787 0.751991
1788 0.750584
1789 0.798426
1790 0.747946
1791 0.743725
1792 0.744604
1793 0.744780
1794 0.744780
1795 0.742142
1796 0.742142
1797 0.742142
1798 0.735106
1799 0.733523
1800 0.731940
1801 0.742142
1802 0.735106
1803 0.733875
1804 0.743725
1805 0.742142
1806 0.750760
1807 0.750584
1808 0.750584
1809 0.752167
1810 0.750936
1811 0.752695
1812 0.748474
1813 0.748474
1814 0.750584
1815 0.747770
1816 0.742142
1817 0.742142
1818 0.742317
1819 0.735106
1820 0.736161
1821 0.742317
1822 0.742317
1823 0.742142
1824 0.742493
1825 0.743373
1826 0.744252
1827 0.743549
1828 0.751112
1829 0.748474
1830 0.747770
1831 0.750584
1832 0.798426
1833 0.798953
1834 0.798426
1835 0.798426
1836 0.798426
1837 0.753222
1838 0.798601
1839 0.798601
1840 0.747770
1841 0.750584
1842 0.747770
1843 0.751991
1844 0.748474
1845 0.743549
1846 0.747770
1847 0.743725
1848 0.744780
1849 0.751991
1850 0.747770
1851 0.751112
1852 0.751991
1853 0.798777
1854 0.798426
1855 0.798426
1856 0.803878
1857 0.801240
1858 0.800536
1859 0.800009
1860 0.800888
1861 0.752695
1862 0.751991
1863 0.751991
1864 0.747770
1865 0.742845
1866 0.744252
1867 0.748122
1868 0.748122
1869 0.750584
1870 0.748474
1871 0.750584
1872 0.750584
1873 0.747770
1874 0.753047
1875 0.748474
1876 0.798426
1877 0.798601
1878 0.753047
1879 0.798426
1880 0.798953
1881 0.799657
1882 0.799657
1883 0.799481
1884 0.752695
1885 0.749001
1886 0.747770
1887 0.747770
1888 0.743725
1889 0.747946
1890 0.747946
1891 0.747770
1892 0.742317
1893 0.744604
1894 0.744604
1895 0.747770
1896 0.748122
1897 0.747770
1898 0.750584
1899 0.748825
1900 0.747946
1901 0.750936
1902 0.747770
1903 0.747770
1904 0.748298
1905 0.750584
1906 0.750584
1907 0.747770
1908 0.747946
1909 0.744252
1910 0.742845
1911 0.736337
1912 0.733699
1913 0.742142
1914 0.742142
1915 0.735810
1916 0.735106
1917 0.742142
1918 0.742142
1919 0.742493
1920 0.747770
1921 0.751991
1922 0.751991
1923 0.798426
1924 0.753047
1925 0.798426
1926 0.751991
1927 0.747946
1928 0.750584
1929 0.747770
1930 0.742493
1931 0.748298
1932 0.742669
1933 0.742845
1934 0.742493
1935 0.742317
1936 0.736337
1937 0.742142
1938 0.742142
1939 0.742142
1940 0.736337
1941 0.747770
1942 0.748474
1943 0.747770
1944 0.750584
1945 0.798426
1946 0.798426
1947 0.798777
1948 0.798426
1949 0.800536
1950 0.798953
1951 0.798601
1952 0.750584
1953 0.750584
1954 0.742142
1955 0.742669
1956 0.747770
1957 0.747946
1958 0.742142
1959 0.744252
1960 0.747770
1961 0.744252
1962 0.750584
1963 0.753222
1964 0.752167
1965 0.798601
1966 0.799657
1967 0.798601
1968 0.799833
1969 0.798426
1970 0.798426
1971 0.800536
1972 0.798426
1973 0.799833
1974 0.799129
1975 0.752695
1976 0.752871
1977 0.798426
1978 0.750760
1979 0.748122
1980 0.747946
1981 0.747946
1982 0.742669
1983 0.747770
1984 0.748474
1985 0.747770
1986 0.798426
1987 0.750584
1988 0.799481
1989 0.798426
1990 0.798777
1991 0.799481
1992 0.798426
1993 0.799657
1994 0.752695
1995 0.748474
1996 0.751991
1997 0.798426
1998 0.798426
1999 0.748474
2000 0.744252
2001 0.747770
2002 0.742317
2003 0.744252
2004 0.742142
2005 0.744252
2006 0.747770
2007 0.742493
2008 0.742142
2009 0.747770
2010 0.747770
2011 0.748825
2012 0.747770
2013 0.749001
2014 0.751112
2015 0.747770
2016 0.747770
2017 0.747770
2018 0.747770
2019 0.747770
2020 0.747770
2021 0.743549
2022 0.743549
2023 0.742493
2024 0.742142
2025 0.742142
2026 0.733875
2027 0.742142
2028 0.735810
2029 0.742317
2030 0.742669
2031 0.742142
2032 0.742142
2033 0.744252
2034 0.747770
2035 0.750584
2036 0.751991
2037 0.750584
2038 0.750584
2039 0.752695
2040 0.750584
2041 0.751991
2042 0.748122
2043 0.742142
2044 0.742142
2045 0.742142
2046 0.742142
2047 0.742317
2048 0.742142
2049 0.742317
2050 0.743549
2051 0.743021
2052 0.743725
2053 0.742669
2054 0.743725
2055 0.747946
2056 0.798426
2057 0.752695
2058 0.799481
2059 0.799305
2060 0.798426
2061 0.798601
2062 0.798601
2063 0.799481
2064 0.750760
2065 0.750584
2066 0.747946
2067 0.747770
2068 0.742493
2069 0.742142
2070 0.747770
2071 0.747770
2072 0.742142
2073 0.747946
2074 0.748298
2075 0.747946
2076 0.798426
2077 0.751991
2078 0.750760
2079 0.798426
2080 0.752695
2081 0.798601
2082 0.799833
2083 0.802647
2084 0.799657
2085 0.798426
2086 0.801064
2087 0.798426
2088 0.798426
2089 0.798426
2090 0.798426
2091 0.798426
2092 0.798953
2093 0.748649
2094 0.750760
2095 0.747770
2096 0.742493
2097 0.750584
2098 0.750584
2099 0.750584
2100 0.748649
2101 0.798601
2102 0.798953
2103 0.750584
2104 0.798426
2105 0.798426
2106 0.798953
2107 0.798426
2108 0.798777
2109 0.798601
2110 0.798953
2111 0.753047
2112 0.750584
2113 0.750584
2114 0.747770
2115 0.742142
2116 0.742669
2117 0.735810
2118 0.742669
2119 0.742317
2120 0.747770
2121 0.742317
2122 0.742142
2123 0.743549
2124 0.743725
2125 0.747770
2126 0.748825
2127 0.748474
2128 0.798601
2129 0.750760
2130 0.750584
2131 0.750936
2132 0.748474
2133 0.747946
2134 0.743549
2135 0.747770
2136 0.742142
2137 0.742142
2138 0.742317
2139 0.742142
2140 0.742669
2141 0.742669
2142 0.742669
2143 0.742142
2144 0.742493
2145 0.742669
2146 0.744252
2147 0.750760
2148 0.750584
2149 0.750584
2150 0.747770
2151 0.750760
2152 0.747770
2153 0.744252
2154 0.742142
2155 0.747946
2156 0.744252
2157 0.744428
2158 0.742142
2159 0.742142
2160 0.733699
2161 0.733699
2162 0.736337
2163 0.742845
2164 0.743549
2165 0.747770
2166 0.747770
2167 0.747946
2168 0.748825
2169 0.750584
2170 0.750584
2171 0.752695
2172 0.752695
2173 0.798777
2174 0.798426
2175 0.752871
2176 0.798426
2177 0.798426
2178 0.798601
2179 0.748474
2180 0.747946
2181 0.744252
2182 0.743549
2183 0.744780
2184 0.747770
2185 0.743549
2186 0.747770
2187 0.747770
2188 0.747770
2189 0.743549
2190 0.751112
2191 0.747770
2192 0.798953
2193 0.798426
2194 0.798426
2195 0.798601
2196 0.798426
2197 0.801240
2198 0.798426
2199 0.799129
2200 0.798426
2201 0.799833
2202 0.798426
2203 0.798601
2204 0.753222
2205 0.750760
2206 0.750584
2207 0.747770
2208 0.742142
2209 0.742142
2210 0.747770
2211 0.747946
2212 0.747770
2213 0.752695
2214 0.748649
2215 0.751991
2216 0.752871
2217 0.798777
2218 0.798426
2219 0.798426
2220 0.798953
2221 0.799657
2222 0.798601
2223 0.798601
2224 0.798601
2225 0.798601
2226 0.798426
2227 0.752695
2228 0.742669
2229 0.742317
2230 0.742142
2231 0.743549
2232 0.742142
2233 0.747946
2234 0.747946
2235 0.747770
2236 0.747770
2237 0.744252
2238 0.742845
2239 0.744252
2240 0.750760
2241 0.751112
2242 0.798426
2243 0.751991
2244 0.752167
2245 0.747770
2246 0.747946
2247 0.747770
2248 0.750584
2249 0.744780
2250 0.742142
2251 0.742142
2252 0.742493
2253 0.742317
2254 0.735282
2255 0.742142
2256 0.735282
2257 0.735106
2258 0.735810
2259 0.743373
2260 0.747770
2261 0.750760
2262 0.750760
2263 0.744428
2264 0.744252
2265 0.747770
2266 0.748298
2267 0.747770
2268 0.747770
2269 0.751991
2270 0.744780
2271 0.748122
2272 0.747946
2273 0.742845
2274 0.742142
2275 0.734227
2276 0.734051
2277 0.742493
2278 0.743197
2279 0.742142
2280 0.744604
2281 0.744252
2282 0.750584
2283 0.750584
2284 0.753047
2285 0.798426
2286 0.798426
2287 0.799833
2288 0.798426
2289 0.800536
2290 0.799657
2291 0.798601
2292 0.747946
2293 0.744252
2294 0.747770
2295 0.742142
2296 0.743373
2297 0.747770
2298 0.744252
2299 0.747946
2300 0.748474
2301 0.747946
2302 0.744604
2303 0.798426
2304 0.798426
2305 0.799129
2306 0.798953
2307 0.798426
2308 0.798426
2309 0.798777
2310 0.798426
2311 0.798426
2312 0.798777
2313 0.798426
2314 0.798601
2315 0.799657
2316 0.798601
2317 0.799481
2318 0.750584
2319 0.747770
2320 0.748825
2321 0.750584
2322 0.747770
2323 0.743549
2324 0.747770
2325 0.748474
2326 0.798426
2327 0.798953
2328 0.798953
2329 0.753047
2330 0.799129
2331 0.798601
2332 0.752695
2333 0.798777
2334 0.798426
2335 0.798777
2336 0.798426
2337 0.798426
2338 0.751991
2339 0.752695
2340 0.747770
2341 0.747770
2342 0.742142
2343 0.742142
2344 0.742317
2345 0.742669
2346 0.742142
2347 0.742142
2348 0.747770
2349 0.743725
2350 0.747946
2351 0.747770
2352 0.753047
2353 0.751991
2354 0.798426
2355 0.799129
2356 0.798426
2357 0.750936
2358 0.750584
2359 0.747770
2360 0.743549
2361 0.742317
2362 0.742493
2363 0.742142
2364 0.736161
2365 0.742317
2366 0.733699
2367 0.735106
2368 0.742142
2369 0.742493
2370 0.742669
2371 0.742142
2372 0.742142
2373 0.747770
2374 0.742142
2375 0.747946
2376 0.747946
2377 0.747946
2378 0.748298
2379 0.798601
2380 0.798426
2381 0.752167
2382 0.750936
2383 0.751991
2384 0.744428
2385 0.742317
2386 0.742142
2387 0.742317
2388 0.736161
2389 0.742142
2390 0.735986
2391 0.742142
2392 0.736161
2393 0.742317
2394 0.742142
2395 0.742142
2396 0.798601
2397 0.747770
2398 0.747770
2399 0.750584
2400 0.798426
2401 0.751991
2402 0.798601
2403 0.799833
2404 0.798953
2405 0.798426
2406 0.750584
2407 0.748825
2408 0.747770
2409 0.744252
2410 0.747946
2411 0.742493
2412 0.743549
2413 0.744252
2414 0.743549
2415 0.742142
2416 0.747946
2417 0.752167
2418 0.752871
2419 0.751991
2420 0.798953
2421 0.799129
2422 0.799833
2423 0.798426
2424 0.799657
2425 0.800009
2426 0.800009
2427 0.799657
2428 0.798426
2429 0.798601
2430 0.752695
2431 0.798426
2432 0.749001
2433 0.750584
2434 0.750584
2435 0.750584
2436 0.748474
2437 0.747946
2438 0.747770
2439 0.747770
2440 0.750584
2441 0.748825
2442 0.799657
2443 0.798601
2444 0.798426
2445 0.798953
2446 0.798426
2447 0.799657
2448 0.800009
2449 0.798426
2450 0.798426
2451 0.798953
2452 0.798426
2453 0.752695
2454 0.747770
2455 0.747946
2456 0.742142
2457 0.742317
2458 0.747770
2459 0.744252
2460 0.743549
2461 0.747770
2462 0.747946
2463 0.747770
2464 0.748122
2465 0.749001
2466 0.751112
2467 0.750584
2468 0.751991
2469 0.798426
2470 0.753047
2471 0.751991
2472 0.750760
2473 0.748298
2474 0.747770
2475 0.743549
2476 0.742669
2477 0.742493
2478 0.742317
2479 0.734227
2480 0.735810
2481 0.742142
2482 0.742317
2483 0.735106
2484 0.735810
2485 0.742142
2486 0.743197
2487 0.742669
2488 0.744604
2489 0.748122
2490 0.752167
2491 0.750584
2492 0.751991
2493 0.750584
2494 0.750936
2495 0.747946
2496 0.748298
2497 0.748825
2498 0.747770
2499 0.747770
2500 0.744252
2501 0.742142
2502 0.743549
2503 0.742317
2504 0.742669
2505 0.742669
2506 0.742142
2507 0.742142
2508 0.742493
2509 0.743549
2510 0.748122
2511 0.748474
2512 0.748825
2513 0.751991
2514 0.753047
2515 0.750760
2516 0.798953
2517 0.798601
2518 0.798426
2519 0.798426
2520 0.798426
2521 0.753047
2522 0.747770
2523 0.747770
2524 0.750584
2525 0.747770
2526 0.742493
2527 0.747946
2528 0.750584
2529 0.747770
2530 0.747946
2531 0.750760
2532 0.750584
2533 0.798426
2534 0.798601
2535 0.799833
2536 0.798601
2537 0.798777
2538 0.798601
2539 0.800888
2540 0.798426
2541 0.798426
2542 0.798426
2543 0.752167
2544 0.798426
2545 0.798953
2546 0.750584
2547 0.747770
2548 0.748298
2549 0.750584
2550 0.748298
2551 0.750936
2552 0.798426
2553 0.751991
2554 0.750584
2555 0.748474
2556 0.798601
2557 0.798426
2558 0.798601
2559 0.798426
2560 0.798601
2561 0.798953
2562 0.798426
2563 0.752871
2564 0.751991
2565 0.799129
2566 0.750584
2567 0.744604
2568 0.742142
2569 0.742142
2570 0.733699
2571 0.735810
2572 0.742142
2573 0.742142
2574 0.747770
2575 0.747770
2576 0.747770
2577 0.743725
2578 0.747770
2579 0.750584
2580 0.748474
2581 0.751991
2582 0.798426
2583 0.750584
2584 0.751991
2585 0.751112
2586 0.751112
2587 0.748825
2588 0.750584
2589 0.750584
2590 0.748474
2591 0.742493
2592 0.744604
2593 0.742142
2594 0.730885
2595 0.735106
2596 0.733875
2597 0.731588
2598 0.733875
2599 0.733699
2600 0.742142
2601 0.747770
2602 0.747770
2603 0.798777
2604 0.752167
2605 0.747946
2606 0.751112
2607 0.747770
2608 0.747770
2609 0.751112
2610 0.750584
2611 0.750584
2612 0.744252
2613 0.743549
2614 0.743021
2615 0.742142
2616 0.742669
2617 0.742317
2618 0.742142
2619 0.744252
2620 0.742317
2621 0.743549
2622 0.742669
2623 0.752695
2624 0.751991
2625 0.798426
2626 0.798601
2627 0.798601
2628 0.798426
2629 0.798601
2630 0.798601
2631 0.798601
2632 0.798426
2633 0.752695
2634 0.750760
2635 0.747770
2636 0.744604
2637 0.744252
2638 0.748474
2639 0.747770
2640 0.747946
2641 0.747946
2642 0.747770
2643 0.747770
2644 0.751991
2645 0.751991
2646 0.798601
2647 0.798601
2648 0.799833
2649 0.800712
2650 0.798426
2651 0.799129
2652 0.801240
2653 0.798426
2654 0.798426
2655 0.798426
2656 0.798601
2657 0.751112
2658 0.799657
2659 0.750936
2660 0.744252
2661 0.743549
2662 0.742142
2663 0.747770
2664 0.743549
2665 0.747770
2666 0.747770
2667 0.751991
2668 0.750936
2669 0.799657
2670 0.799129
2671 0.799305
2672 0.800536
2673 0.798601
2674 0.798601
2675 0.799833
2676 0.799481
2677 0.798426
2678 0.798426
2679 0.752695
2680 0.750584
2681 0.747770
2682 0.742669
2683 0.742142
2684 0.742142
2685 0.735986
2686 0.743373
2687 0.743373
2688 0.744780
2689 0.742845
2690 0.742669
2691 0.742142
2692 0.742493
2693 0.747770
2694 0.751991
2695 0.798601
2696 0.798601
2697 0.752695
2698 0.752167
2699 0.750584
2700 0.748298
2701 0.750584
2702 0.747770
2703 0.744252
2704 0.742845
2705 0.742142
2706 0.742142
2707 0.742142
2708 0.742317
2709 0.742845
2710 0.742317
2711 0.742142
2712 0.742317
2713 0.743373
2714 0.742317
2715 0.742317
2716 0.742142
2717 0.748122
2718 0.749001
2719 0.751991
2720 0.798777
2721 0.753047
2722 0.750584
2723 0.752871
2724 0.750584
2725 0.744252
2726 0.742142
2727 0.742845
2728 0.742317
2729 0.742142
2730 0.736161
2731 0.736337
2732 0.742142
2733 0.742142
2734 0.743725
2735 0.747770
2736 0.750584
2737 0.799129
2738 0.752695
2739 0.750584
2740 0.798426
2741 0.798953
2742 0.798601
2743 0.798601
2744 0.798777
2745 0.752167
2746 0.798601
2747 0.798426
2748 0.750584
2749 0.743549
2750 0.748474
2751 0.747770
2752 0.747770
2753 0.750760
2754 0.747770
2755 0.742142
2756 0.743725
2757 0.747770
2758 0.750584
2759 0.751112
2760 0.752167
2761 0.798426
2762 0.798426
2763 0.798953
2764 0.798426
2765 0.799129
2766 0.798426
2767 0.800009
2768 0.798426
2769 0.798426
2770 0.798601
2771 0.798601
2772 0.798426
2773 0.750584
2774 0.748122
2775 0.742669
2776 0.748122
2777 0.750584
2778 0.751991
2779 0.747770
2780 0.747770
2781 0.752167
2782 0.751991
2783 0.799657
2784 0.798426
2785 0.798426
2786 0.798601
2787 0.798777
2788 0.798601
2789 0.798426
2790 0.798777
2791 0.753047
2792 0.751112
2793 0.747770
2794 0.750760
2795 0.747770
2796 0.747946
2797 0.742142
2798 0.742142
2799 0.742142
2800 0.742317
2801 0.742317
2802 0.743725
2803 0.744252
2804 0.747770
2805 0.747946
2806 0.750760
2807 0.752695
2808 0.751112
2809 0.798426
2810 0.798601
2811 0.750760
2812 0.799481
2813 0.753047
2814 0.798426
2815 0.747770
2816 0.747770
2817 0.744252
2818 0.743021
2819 0.742142
2820 0.742142
2821 0.736161
2822 0.742142
2823 0.742142
2824 0.742317
2825 0.736161
2826 0.742142
2827 0.742317
2828 0.742669
2829 0.748122
2830 0.747946
2831 0.750584
2832 0.750760
2833 0.751991
2834 0.751991
2835 0.748825
2836 0.748474
2837 0.750760
2838 0.747946
2839 0.742317
2840 0.743021
2841 0.742317
2842 0.742845
2843 0.744428
2844 0.742142
2845 0.743549
2846 0.742142
2847 0.742142
2848 0.747770
2849 0.744780
2850 0.748474
2851 0.748298
2852 0.750760
2853 0.752695
2854 0.798426
2855 0.798777
2856 0.798426
2857 0.798426
2858 0.752167
2859 0.750584
2860 0.753047
2861 0.750936
2862 0.752695
2863 0.744252
2864 0.751991
2865 0.750760
2866 0.750584
2867 0.748122
2868 0.747770
2869 0.742669
2870 0.747946
2871 0.750584
2872 0.798777
2873 0.798601
2874 0.799481
2875 0.800888
2876 0.800536
2877 0.798953
2878 0.799657
2879 0.798426
2880 0.798777
2881 0.798601
2882 0.798953
2883 0.752695
2884 0.752167
2885 0.753047
2886 0.750760
2887 0.747946
2888 0.752695
2889 0.750760
2890 0.748298
2891 0.747770
2892 0.747770
2893 0.750760
2894 0.750760
2895 0.750760
2896 0.798953
2897 0.752695
2898 0.798601
2899 0.799833
2900 0.798601
2901 0.798426
2902 0.798777
2903 0.799657
2904 0.799833
2905 0.752695
2906 0.798777
2907 0.799657
2908 0.750936
2909 0.744604
2910 0.742317
2911 0.742142
2912 0.742493
2913 0.742142
2914 0.742142
2915 0.742493
2916 0.743549
2917 0.747770
2918 0.747946
2919 0.750584
2920 0.748825
2921 0.747946
2922 0.751112
2923 0.798777
2924 0.750936
2925 0.798426
2926 0.798426
2927 0.750584
2928 0.750760
2929 0.749001
2930 0.743725
2931 0.742142
2932 0.735282
2933 0.742317
2934 0.733699
2935 0.733699
2936 0.735106
2937 0.731061
2938 0.733699
2939 0.742317
2940 0.742317
2941 0.742317
2942 0.743549
2943 0.747770
2944 0.750760
2945 0.747946
2946 0.747770
2947 0.747770
2948 0.744604
2949 0.752871
2950 0.798777
2951 0.753047
2952 0.743549
2953 0.742669
2954 0.742142
2955 0.742142
2956 0.742317
2957 0.742669
2958 0.742317
2959 0.743549
2960 0.747770
2961 0.748122
2962 0.747770
2963 0.747770
2964 0.799833
2965 0.798601
2966 0.798426
2967 0.752695
2968 0.798601
2969 0.752167
2970 0.798426
2971 0.799833
2972 0.798426
2973 0.799129
2974 0.798601
2975 0.798426
2976 0.747770
2977 0.743725
2978 0.743549
2979 0.744604
2980 0.748474
2981 0.743549
2982 0.747770
2983 0.747946
2984 0.748474
2985 0.751991
2986 0.798426
2987 0.799657
2988 0.800536
2989 0.798426
2990 0.800536
2991 0.799657
2992 0.799481
2993 0.798777
2994 0.799305
2995 0.798426
2996 0.799129
2997 0.750760
2998 0.798601
2999 0.753047
3000 0.751991
3001 0.750760
3002 0.744252
3003 0.747946
3004 0.743373
3005 0.747770
3006 0.747770
3007 0.748649
3008 0.798426
3009 0.752167
3010 0.753047
3011 0.798426
3012 0.798426
3013 0.798777
3014 0.798601
3015 0.798953
3016 0.798426
3017 0.798953
3018 0.798426
3019 0.752871
3020 0.753047
3021 0.747946
3022 0.742142
3023 0.742669
3024 0.742493
3025 0.742142
3026 0.742142
3027 0.747946
3028 0.742142
3029 0.742493
3030 0.742317
3031 0.742317
3032 0.744780
3033 0.742142
3034 0.743549
3035 0.744604
3036 0.751991
3037 0.798426
3038 0.753047
3039 0.751112
3040 0.748474
3041 0.747770
3042 0.748298
3043 0.747946
3044 0.744780
3045 0.742142
3046 0.742142
3047 0.742142
3048 0.735106
3049 0.734227
3050 0.742142
3051 0.742142
3052 0.743373
3053 0.742142
3054 0.744780
3055 0.744780
3056 0.744604
3057 0.750584
3058 0.752167
3059 0.748825
3060 0.750760
3061 0.752167
3062 0.748825
3063 0.753047
3064 0.753047
3065 0.748474
3066 0.743725
3067 0.743373
3068 0.742669
3069 0.742142
3070 0.743021
3071 0.742317
3072 0.743197
3073 0.743373
3074 0.747770
3075 0.744604
3076 0.747770
3077 0.747946
3078 0.748298
3079 0.749001
3080 0.751991
3081 0.798777
3082 0.798426
3083 0.798601
3084 0.798426
3085 0.799305
3086 0.798426
3087 0.798426
3088 0.798426
3089 0.753222
3090 0.751991
3091 0.748825
3092 0.748825
3093 0.750584
3094 0.748122
3095 0.747946
3096 0.747770
3097 0.747770
3098 0.750936
3099 0.798601
3100 0.798777
3101 0.798426
3102 0.798426
3103 0.798426
3104 0.798426
3105 0.798601
3106 0.798426
3107 0.798426
3108 0.750584
3109 0.799833
3110 0.798777
3111 0.753047
3112 0.753222
3113 0.752167
3114 0.753047
3115 0.798426
3116 0.749001
3117 0.750584
3118 0.747770
3119 0.747946
3120 0.751991
3121 0.750584
3122 0.752871
3123 0.750584
3124 0.750936
3125 0.798426
3126 0.798426
3127 0.799129
3128 0.798777
3129 0.800888
3130 0.798426
3131 0.798426
3132 0.752695
3133 0.750760
3134 0.743725
3135 0.742142
3136 0.742142
3137 0.742845
3138 0.731588
3139 0.742317
3140 0.742142
3141 0.742317
3142 0.744780
3143 0.747770
3144 0.750584
3145 0.747770
3146 0.750584
3147 0.750760
3148 0.752695
3149 0.752695
3150 0.752871
3151 0.799129
3152 0.798953
3153 0.753047
3154 0.748649
3155 0.747770
3156 0.748298
3157 0.747770
3158 0.744604
3159 0.742142
3160 0.742142
3161 0.734051
3162 0.732116
3163 0.733699
3164 0.742493
3165 0.735810
3166 0.742142
3167 0.742317
3168 0.744780
3169 0.748474
3170 0.752167
3171 0.747946
3172 0.750760
3173 0.747770
3174 0.747946
3175 0.751112
3176 0.748825
3177 0.750584
3178 0.750760
3179 0.744604
3180 0.747946
3181 0.742317
3182 0.743373
3183 0.743197
3184 0.736161
3185 0.742142
3186 0.742142
3187 0.736337
3188 0.742142
3189 0.742317
3190 0.747946
3191 0.751991
3192 0.750936
3193 0.748825
3194 0.747770
3195 0.798426
3196 0.751112
3197 0.751991
3198 0.799305
3199 0.798601
3200 0.798426
3201 0.750584
3202 0.752695
3203 0.751991
3204 0.747770
3205 0.748122
3206 0.743549
3207 0.747770
3208 0.742317
3209 0.747770
3210 0.747946
3211 0.747946
3212 0.748825
3213 0.750584
3214 0.751991
3215 0.798953
3216 0.798426
3217 0.798953
3218 0.798426
3219 0.799833
3220 0.800712
3221 0.798426
3222 0.800009
3223 0.799833
3224 0.798601
3225 0.798601
3226 0.798426
3227 0.748649
3228 0.747946
3229 0.747946
3230 0.750584
3231 0.743549
3232 0.744604
3233 0.748825
3234 0.744604
3235 0.747946
3236 0.747946
3237 0.799481
3238 0.798426
3239 0.798777
3240 0.798426
3241 0.750584
3242 0.798426
3243 0.798426
3244 0.751991
3245 0.752167
3246 0.798426
3247 0.798426
3248 0.798777
3249 0.744252
3250 0.742493
3251 0.742142
3252 0.743549
3253 0.743197
3254 0.743725
3255 0.742142
3256 0.747946
3257 0.743549
3258 0.751112
3259 0.748825
3260 0.749001
3261 0.750760
3262 0.747770
3263 0.747770
3264 0.798426
3265 0.798601
3266 0.752695
3267 0.753222
3268 0.748649
3269 0.750584
3270 0.743725
3271 0.743549
3272 0.742845
3273 0.736161
3274 0.735810
3275 0.731940
3276 0.733699
3277 0.736337
3278 0.735810
3279 0.735810
3280 0.742317
3281 0.742142
3282 0.742142
3283 0.742317
3284 0.750760
3285 0.750584
3286 0.747770
3287 0.750936
3288 0.750584
3289 0.743549
3290 0.747770
3291 0.751991
3292 0.748649
3293 0.742493
3294 0.742669
3295 0.742317
3296 0.743197
3297 0.743549
3298 0.742142
3299 0.742493
3300 0.742142
3301 0.742669
3302 0.747770
3303 0.744780
3304 0.750584
3305 0.798426
3306 0.747770
3307 0.750584
3308 0.750936
3309 0.798601
3310 0.798953
3311 0.798426
3312 0.798426
3313 0.798601
3314 0.750760
3315 0.750584
3316 0.749001
3317 0.748298
3318 0.747770
3319 0.744252
3320 0.747946
3321 0.750584
3322 0.747946
3323 0.747946
3324 0.747770
3325 0.750584
3326 0.747770
3327 0.750760
3328 0.798426
3329 0.798777
3330 0.798426
3331 0.799129
3332 0.798426
3333 0.802823
3334 0.801064
3335 0.801064
3336 0.799833
3337 0.800888
3338 0.798601
3339 0.798601
3340 0.753047
3341 0.750584
3342 0.748122
3343 0.747770
3344 0.748298
3345 0.744252
3346 0.747946
3347 0.747946
3348 0.744780
3349 0.752695
3350 0.749001
3351 0.751991
3352 0.798426
3353 0.798601
3354 0.800536
3355 0.798426
3356 0.800009
3357 0.798953
3358 0.750584
3359 0.750760
3360 0.750936
3361 0.749001
3362 0.744252
3363 0.744780
3364 0.742317
3365 0.742142
3366 0.743549
3367 0.743725
3368 0.743549
3369 0.743549
3370 0.747770
3371 0.747770
3372 0.747770
3373 0.747770
3374 0.748825
3375 0.750584
3376 0.751991
3377 0.747770
3378 0.748298
3379 0.750584
3380 0.749001
3381 0.751112
3382 0.747946
3383 0.742493
3384 0.742317
3385 0.742317
3386 0.735106
3387 0.742317
3388 0.742317
3389 0.731764
3390 0.736161
3391 0.742142
3392 0.742317
3393 0.736161
3394 0.743549
3395 0.743725
3396 0.748122
3397 0.748649
3398 0.748474
3399 0.750584
3400 0.748474
3401 0.747770
3402 0.750584
3403 0.747946
3404 0.753047
3405 0.749001
3406 0.743373
3407 0.742317
3408 0.742142
3409 0.742142
3410 0.735810
3411 0.735282
3412 0.742142
3413 0.735282
3414 0.742493
3415 0.743725
3416 0.748122
3417 0.747770
3418 0.798426
3419 0.750760
3420 0.751991
3421 0.752167
3422 0.798426
3423 0.798777
3424 0.799657
3425 0.798601
3426 0.798953
3427 0.798426
3428 0.798601
3429 0.753222
3430 0.743725
3431 0.743549
3432 0.743549
3433 0.743725
3434 0.744780
3435 0.742317
3436 0.742142
3437 0.747770
3438 0.742142
3439 0.747770
3440 0.748474
3441 0.798426
3442 0.798426
3443 0.798426
3444 0.798777
3445 0.799833
3446 0.802823
3447 0.801416
3448 0.798426
3449 0.799833
3450 0.799833
3451 0.800009
3452 0.798426
3453 0.798953
3454 0.747946
3455 0.750936
3456 0.744780
3457 0.744780
3458 0.744604
3459 0.742493
3460 0.747770
3461 0.750584
3462 0.798426
3463 0.752695
3464 0.752871
3465 0.799481
3466 0.798601
3467 0.798953
3468 0.751991
3469 0.798777
3470 0.750936
3471 0.751991
3472 0.799129
3473 0.798426
3474 0.750936
3475 0.747946
3476 0.742669
3477 0.743549
3478 0.742142
3479 0.742142
3480 0.743197
3481 0.742845
3482 0.742317
3483 0.742317
3484 0.750584
3485 0.747946
3486 0.747770
3487 0.743549
3488 0.744780
3489 0.752167
3490 0.752167
3491 0.752695
3492 0.748649
3493 0.750936
3494 0.749001
3495 0.747770
3496 0.747946
3497 0.747946
3498 0.742317
3499 0.742317
3500 0.742142
3501 0.742317
3502 0.742142
3503 0.742142
3504 0.742142
3505 0.742317
3506 0.731061
3507 0.742317
3508 0.742142
3509 0.743725
3510 0.747770
3511 0.750760
3512 0.750584
3513 0.751991
3514 0.748474
3515 0.798426
3516 0.743725
3517 0.747770
3518 0.750584
3519 0.743549
3520 0.742142
3521 0.736337
3522 0.742669
3523 0.735282
3524 0.733699
3525 0.742142
3526 0.742142
3527 0.742142
3528 0.743549
3529 0.742142
3530 0.742142
3531 0.748298
3532 0.798426
3533 0.798953
3534 0.800009
3535 0.799129
3536 0.800536
3537 0.799833
3538 0.799833
3539 0.801064
3540 0.799129
3541 0.798777
3542 0.751991
3543 0.798426
3544 0.747946
3545 0.747770
3546 0.748298
3547 0.748474
3548 0.747946
3549 0.748298
3550 0.752167
3551 0.744604
3552 0.750760
3553 0.750584
3554 0.753047
3555 0.798953
3556 0.798426
3557 0.800536
3558 0.798426
3559 0.798426
3560 0.801064
3561 0.800888
3562 0.801064
3563 0.800009
3564 0.798426
3565 0.798426
3566 0.798777
3567 0.800536
3568 0.748474
3569 0.747770
3570 0.747770
3571 0.748474
3572 0.743549
3573 0.748474
3574 0.744604
3575 0.748825
3576 0.751991
3577 0.747946
3578 0.750584
3579 0.747946
3580 0.752167
3581 0.752167
3582 0.798426
3583 0.800536
3584 0.799129
3585 0.750584
3586 0.798426
3587 0.748825
3588 0.750584
3589 0.747770
3590 0.747770
3591 0.744780
3592 0.747770
3593 0.742317
3594 0.742317
3595 0.747770
3596 0.744604
3597 0.747946
3598 0.743725
3599 0.747770
3600 0.747770
3601 0.749001
3602 0.748825
3603 0.747770
3604 0.751991
3605 0.747770
3606 0.750584
3607 0.750760
3608 0.748122
3609 0.747770
3610 0.747946
3611 0.743725
3612 0.743197
3613 0.735106
3614 0.742142
3615 0.734227
3616 0.733699
3617 0.742317
3618 0.742669
3619 0.735106
3620 0.735106
3621 0.734051
3622 0.743197
3623 0.743549
3624 0.747770
3625 0.751991
3626 0.748474
3627 0.750584
3628 0.751991
3629 0.747770
3630 0.798426
3631 0.750584
3632 0.750760
3633 0.748474
3634 0.743549
3635 0.747770
3636 0.742142
3637 0.742142
3638 0.743549
3639 0.742142
3640 0.742493
3641 0.742669
3642 0.743725
3643 0.743373
3644 0.742142
3645 0.747770
3646 0.751991
3647 0.747770
3648 0.750584
3649 0.798426
3650 0.798953
3651 0.798426
3652 0.798426
3653 0.798601
3654 0.798426
3655 0.798426
3656 0.798426
3657 0.751991
3658 0.747770
3659 0.747770
3660 0.744780
3661 0.747770
3662 0.747946
3663 0.747946
3664 0.747770
3665 0.744252
3666 0.750760
3667 0.750760
3668 0.750584
3669 0.798426
3670 0.799129
3671 0.752167
3672 0.798953
3673 0.802647
3674 0.798953
3675 0.798601
3676 0.801064
3677 0.800888
3678 0.798426
3679 0.798426
3680 0.798601
3681 0.751991
3682 0.750760
3683 0.744604
3684 0.747770
3685 0.744252
3686 0.744780
3687 0.750760
3688 0.744604
3689 0.798777
3690 0.752695
3691 0.748825
3692 0.798426
3693 0.798953
3694 0.799305
3695 0.798601
3696 0.798953
3697 0.799833
3698 0.798426
3699 0.798426
3700 0.752167
3701 0.751112
3702 0.753047
3703 0.744428
3704 0.742142
3705 0.742317
3706 0.742142
3707 0.742669
3708 0.742317
3709 0.742317
3710 0.743725
3711 0.747946
3712 0.747946
3713 0.747946
3714 0.747770
3715 0.750584
3716 0.751112
3717 0.798426
3718 0.798426
3719 0.798601
3720 0.752695
3721 0.747770
3722 0.747770
3723 0.748825
3724 0.742845
3725 0.744428
3726 0.742317
3727 0.742669
3728 0.743197
3729 0.742669
3730 0.733699
3731 0.735986
3732 0.742669
3733 0.742142
3734 0.742317
3735 0.747770
3736 0.747946
3737 0.747770
3738 0.748474
3739 0.798601
3740 0.751112
3741 0.749001
3742 0.753047
3743 0.748474
3744 0.749001
3745 0.747770
3746 0.747770
3747 0.744604
3748 0.743725
3749 0.742845
3750 0.742317
3751 0.735106
3752 0.735810
3753 0.736337
3754 0.742845
3755 0.742317
3756 0.742317
3757 0.743725
3758 0.747770
3759 0.748825
3760 0.750584
3761 0.750584
3762 0.750584
3763 0.798426
3764 0.798426
3765 0.798601
3766 0.800536
3767 0.798426
3768 0.799129
3769 0.750584
3770 0.798426
3771 0.747770
3772 0.747770
3773 0.744252
3774 0.750584
3775 0.752871
3776 0.752871
3777 0.748825
3778 0.748122
3779 0.744252
3780 0.751112
3781 0.750584
3782 0.751991
3783 0.798601
3784 0.798426
3785 0.800009
3786 0.798426
3787 0.801416
3788 0.800009
3789 0.799657
3790 0.799833
3791 0.799833
3792 0.752167
3793 0.798601
3794 0.798426
3795 0.798426
3796 0.750584
3797 0.748474
3798 0.743549
3799 0.744252
3800 0.748122
3801 0.750584
3802 0.748825
3803 0.752167
3804 0.749001
3805 0.751991
3806 0.751991
3807 0.798601
3808 0.798601
3809 0.798601
3810 0.798426
3811 0.799129
3812 0.798426
3813 0.751991
3814 0.750584
3815 0.750584
3816 0.750936
3817 0.748825
3818 0.743549
3819 0.742669
3820 0.742669
3821 0.735106
3822 0.742142
3823 0.743549
3824 0.743549
3825 0.748474
3826 0.750936
3827 0.747770
3828 0.747770
3829 0.798426
3830 0.750936
3831 0.798426
3832 0.752695
3833 0.798601
3834 0.798426
3835 0.748474
3836 0.751991
3837 0.750584
3838 0.742142
3839 0.742142
3840 0.742317
3841 0.736337
3842 0.735106
3843 0.742669
3844 0.733699
3845 0.734051
3846 0.742317
3847 0.735810
3848 0.735282
3849 0.742317
3850 0.743549
3851 0.747770
3852 0.749001
3853 0.750584
3854 0.749001
3855 0.751991
3856 0.798426
3857 0.747770
3858 0.747770
3859 0.747770
3860 0.742317
3861 0.743549
3862 0.742142
3863 0.742142
3864 0.735810
3865 0.742142
3866 0.742142
3867 0.742845
3868 0.742142
3869 0.742142
3870 0.743197
3871 0.742142
3872 0.748825
3873 0.748122
3874 0.751112
3875 0.751991
3876 0.798426
3877 0.798601
3878 0.799305
3879 0.798426
3880 0.799833
3881 0.798601
3882 0.752871
3883 0.752167
3884 0.748474
3885 0.747946
3886 0.748825
3887 0.747770
3888 0.747770
3889 0.748122
3890 0.744780
3891 0.744252
3892 0.747770
3893 0.748474
3894 0.748474
3895 0.750584
3896 0.799129
3897 0.798601
3898 0.798426
3899 0.798426
3900 0.798777
3901 0.799657
3902 0.798601
3903 0.799833
3904 0.752695
3905 0.798601
3906 0.798777
3907 0.799129
3908 0.753222
3909 0.750936
3910 0.748825
3911 0.747770
3912 0.747770
3913 0.743549
3914 0.744252
3915 0.750584
3916 0.798426
3917 0.752695
3918 0.798426
3919 0.798601
3920 0.798426
3921 0.798426
3922 0.799833
3923 0.798777
3924 0.799481
3925 0.753222
3926 0.799129
3927 0.798426
3928 0.798426
3929 0.750584
3930 0.748474
3931 0.747770
3932 0.744252
3933 0.742845
3934 0.743373
3935 0.743549
3936 0.742142
3937 0.743373
3938 0.743197
3939 0.748122
3940 0.748474
3941 0.750584
3942 0.750584
3943 0.748474
3944 0.751991
3945 0.798601
3946 0.798426
3947 0.798426
3948 0.750584
3949 0.750584
3950 0.747770
3951 0.743549
3952 0.742317
3953 0.742142
3954 0.742142
3955 0.742142
3956 0.742142
3957 0.742142
3958 0.742142
3959 0.742142
3960 0.735810
3961 0.735106
3962 0.743725
3963 0.747770
3964 0.748298
3965 0.748474
3966 0.750936
3967 0.751991
3968 0.798426
3969 0.751991
3970 0.752695
3971 0.751991
3972 0.750584
3973 0.742142
3974 0.743725
3975 0.742493
3976 0.742845
3977 0.731061
3978 0.735810
3979 0.742142
3980 0.742669
3981 0.742317
3982 0.742142
3983 0.742142
3984 0.747770
3985 0.743373
3986 0.747770
3987 0.799129
3988 0.752695
3989 0.798953
3990 0.799657
3991 0.798777
3992 0.798601
3993 0.798426
3994 0.798953
3995 0.798426
3996 0.750936
3997 0.749001
3998 0.747770
3999 0.742669
4000 0.748122
4001 0.747770
4002 0.744252
4003 0.744780
4004 0.743725
4005 0.747770
4006 0.747770
4007 0.747770
4008 0.750584
4009 0.798953
4010 0.798953
4011 0.799129
4012 0.798953
4013 0.800536
4014 0.799129
4015 0.798426
4016 0.799833
4017 0.798953
4018 0.798426
4019 0.798777
4020 0.798777
4021 0.798601
4022 0.750584
4023 0.747770
4024 0.744252
4025 0.748825
4026 0.747770
4027 0.750584
4028 0.752167
4029 0.751112
4030 0.753222
4031 0.750584
4032 0.751991
4033 0.798426
4034 0.798953
4035 0.800009
4036 0.751991
4037 0.799481
4038 0.752695
4039 0.750584
4040 0.798601
4041 0.798601
4042 0.750760
4043 0.743549
4044 0.742142
4045 0.742317
4046 0.742317
4047 0.742142
4048 0.736161
4049 0.742317
4050 0.742142
4051 0.742317
4052 0.742142
4053 0.743549
4054 0.744604
4055 0.747770
4056 0.748649
4057 0.751991
4058 0.799481
4059 0.798777
4060 0.752695
4061 0.752167
4062 0.750936
4063 0.750760
4064 0.748122
4065 0.742493
4066 0.742669
4067 0.742142
4068 0.734051
4069 0.733699
4070 0.736337
4071 0.742142
4072 0.735810
4073 0.735810
4074 0.742317
4075 0.742317
4076 0.747770
4077 0.747770
4078 0.747770
4079 0.747946
4080 0.753047
4081 0.751112
4082 0.752695
4083 0.750584
4084 0.750584
4085 0.747770
4086 0.747770
4087 0.747770
4088 0.743549
4089 0.743549
4090 0.742317
4091 0.736337
4092 0.735810
4093 0.742142
4094 0.742142
4095 0.747770
4096 0.742317
4097 0.744604
4098 0.742493
4099 0.747770
4100 0.750584
4101 0.750936
4102 0.798601
4103 0.798426
4104 0.798426
4105 0.798426
4106 0.798426
4107 0.798426
4108 0.798426
4109 0.752695
4110 0.750584
4111 0.750584
4112 0.747770
4113 0.747770
4114 0.747770
4115 0.750584
4116 0.748122
4117 0.747770
4118 0.750584
4119 0.744604
4120 0.751112
4121 0.798426
4122 0.798601
4123 0.799129
4124 0.798426
4125 0.800536
4126 0.801240
4127 0.801240
4128 0.798601
4129 0.798426
4130 0.801064
4131 0.798426
4132 0.800009
4133 0.799481
4134 0.798601
4135 0.750584
4136 0.750584
4137 0.743549
4138 0.742142
4139 0.747946
4140 0.747770
4141 0.750584
4142 0.747770
4143 0.751991
4144 0.752167
4145 0.798426
4146 0.798426
4147 0.799481
4148 0.800009
4149 0.798601
4150 0.798426
4151 0.799481
4152 0.799129
4153 0.798426
4154 0.800888
4155 0.798426
4156 0.798426
4157 0.748122
4158 0.742317
4159 0.743021
4160 0.742317
4161 0.742493
4162 0.743373
4163 0.742493
4164 0.748474
4165 0.747770
4166 0.742142
4167 0.744252
4168 0.742142
4169 0.747946
4170 0.750584
4171 0.753222
4172 0.798426
4173 0.752167
4174 0.748298
4175 0.747946
4176 0.750584
4177 0.747770
4178 0.742669
4179 0.743549
4180 0.743197
4181 0.742142
4182 0.735810
4183 0.735810
4184 0.733699
4185 0.735282
4186 0.734227
4187 0.731061
4188 0.735282
4189 0.742142
4190 0.742142
4191 0.748298
4192 0.748298
4193 0.747770
4194 0.748122
4195 0.747770
4196 0.750584
4197 0.751991
4198 0.751991
4199 0.752695
4200 0.748122
4201 0.747770
4202 0.742142
4203 0.742142
4204 0.742317
4205 0.742317
4206 0.743373
4207 0.735282
4208 0.734227
4209 0.735106
4210 0.742317
4211 0.742317
4212 0.742669
4213 0.752167
4214 0.753047
4215 0.752167
4216 0.751112
4217 0.798601
4218 0.798777
4219 0.798426
4220 0.798601
4221 0.798601
4222 0.798426
4223 0.751991
4224 0.750584
4225 0.747770
4226 0.747946
4227 0.748122
4228 0.748649
4229 0.747946
4230 0.742142
4231 0.748122
4232 0.742669
4233 0.742669
4234 0.748474
4235 0.750584
4236 0.798601
4237 0.798426
4238 0.798601
4239 0.798426
4240 0.799833
4241 0.798601
4242 0.800536
4243 0.800536
4244 0.798601
4245 0.798601
4246 0.750584
4247 0.747770
4248 0.751991
4249 0.747770
4250 0.749001
4251 0.748825
4252 0.743549
4253 0.744252
4254 0.744252
4255 0.747770
4256 0.750760
4257 0.798426
4258 0.750936
4259 0.800009
4260 0.753047
4261 0.798953
4262 0.798601
4263 0.799657
4264 0.799833
4265 0.799833
4266 0.799657
4267 0.798601
4268 0.798601
4269 0.753222
4270 0.747770
4271 0.747770
4272 0.742317
4273 0.742142
4274 0.742493
4275 0.736337
4276 0.742317
4277 0.744252
4278 0.743197
4279 0.744252
4280 0.742142
4281 0.744780
4282 0.744780
4283 0.751991
4284 0.751112
4285 0.748474
4286 0.750584
4287 0.747770
4288 0.749001
4289 0.750584
4290 0.752167
4291 0.751991
4292 0.748474
4293 0.747946
4294 0.743725
4295 0.742142
4296 0.743197
4297 0.733699
4298 0.735810
4299 0.742317
4300 0.735106
4301 0.735106
4302 0.742142
4303 0.748474
4304 0.747770
4305 0.747770
4306 0.747770
4307 0.744252
4308 0.748298
4309 0.750584
4310 0.748298
4311 0.747770
4312 0.747946
4313 0.748825
4314 0.750584
4315 0.747946
4316 0.744604
4317 0.735282
4318 0.742493
4319 0.742845
4320 0.742142
4321 0.742142
4322 0.742142
4323 0.742142
4324 0.747946
4325 0.742493
4326 0.747770
4327 0.752695
4328 0.798426
4329 0.750936
4330 0.752167
4331 0.798426
4332 0.798777
4333 0.752167
4334 0.798426
4335 0.798426
4336 0.798426
4337 0.751991
4338 0.751991
4339 0.747946
4340 0.743725
4341 0.743549
4342 0.747770
4343 0.749001
4344 0.750936
4345 0.750936
4346 0.747770
4347 0.747770
4348 0.750584
4349 0.751991
4350 0.798426
4351 0.798601
4352 0.801767
4353 0.798426
4354 0.798426
4355 0.798426
4356 0.798426
4357 0.799657
4358 0.798426
4359 0.798953
4360 0.752167
4361 0.750584
4362 0.753222
4363 0.750936
4364 0.747770
4365 0.748122
4366 0.751991
4367 0.747770
4368 0.748649
4369 0.750584
4370 0.750584
4371 0.798426
4372 0.798426
4373 0.798426
4374 0.798601
4375 0.798777
4376 0.799657
4377 0.798426
4378 0.799833
4379 0.798426
4380 0.798601
4381 0.798601
4382 0.798426
4383 0.798601
4384 0.798426
4385 0.747770
4386 0.742142
4387 0.742142
4388 0.742317
4389 0.743373
4390 0.742317
4391 0.742317
4392 0.743725
4393 0.743549
4394 0.742142
4395 0.743725
4396 0.747770
4397 0.747770
4398 0.743725
4399 0.751991
4400 0.748474
4401 0.753222
4402 0.798426
4403 0.750584
4404 0.747770
4405 0.742845
4406 0.743549
4407 0.742317
4408 0.733875
4409 0.742142
4410 0.742142
4411 0.742142
4412 0.736337
4413 0.731588
4414 0.733699
4415 0.733699
4416 0.742142
4417 0.742493
4418 0.742493
4419 0.744252
4420 0.748298
4421 0.744252
4422 0.750936
4423 0.752167
4424 0.750584
4425 0.750584
4426 0.751991
4427 0.747770
4428 0.747946
4429 0.742142
4430 0.744252
4431 0.743021
4432 0.742845
4433 0.742142
4434 0.742142
4435 0.742142
4436 0.743549
4437 0.742142
4438 0.743725
4439 0.743373
4440 0.752871
4441 0.752695
4442 0.747770
4443 0.750584
4444 0.798426
4445 0.799833
4446 0.799481
4447 0.798426
4448 0.800888
4449 0.798601
4450 0.750760
4451 0.798426
4452 0.750584
4453 0.747770
4454 0.747946
4455 0.747946
4456 0.747946
4457 0.743549
4458 0.742142
4459 0.743373
4460 0.748122
4461 0.749001
4462 0.751991
4463 0.798601
4464 0.800536
4465 0.798777
4466 0.799833
4467 0.801064
4468 0.798426
4469 0.798426
4470 0.801064
4471 0.800536
4472 0.798426
4473 0.798426
4474 0.750936
4475 0.750936
4476 0.751991
4477 0.751991
4478 0.748474
4479 0.744604
4480 0.748122
4481 0.747770
4482 0.747770
4483 0.750760
4484 0.752695
4485 0.747770
4486 0.798777
4487 0.752695
4488 0.753047
4489 0.799833
4490 0.798426
4491 0.800009
4492 0.798426
4493 0.799481
4494 0.799657
4495 0.798426
4496 0.798601
4497 0.752695
4498 0.748474
4499 0.750584
4500 0.743549
4501 0.742142
4502 0.742669
4503 0.747770
4504 0.743549
4505 0.744252
4506 0.744252
4507 0.743549
4508 0.742493
4509 0.747946
4510 0.747770
4511 0.747770
4512 0.750584
4513 0.750584
4514 0.750584
4515 0.752695
4516 0.798426
4517 0.747770
4518 0.748474
4519 0.744252
4520 0.748298
4521 0.743549
4522 0.743373
4523 0.744252
4524 0.742142
4525 0.733699
4526 0.742142
4527 0.736161
4528 0.735282
4529 0.733699
4530 0.742142
4531 0.742317
4532 0.742142
4533 0.743549
4534 0.748825
4535 0.747770
4536 0.747770
4537 0.747770
4538 0.747770
4539 0.747770
4540 0.753047
4541 0.747770
4542 0.747946
4543 0.742317
4544 0.742142
4545 0.742142
4546 0.742142
4547 0.742142
4548 0.742142
4549 0.742317
4550 0.742317
4551 0.742142
4552 0.743373
4553 0.748298
4554 0.752871
4555 0.798953
4556 0.798601
4557 0.752695
4558 0.798601
4559 0.798601
4560 0.798601
4561 0.798426
4562 0.798953
4563 0.750584
4564 0.750936
4565 0.748474
4566 0.747770
4567 0.744252
4568 0.750584
4569 0.742669
4570 0.744252
4571 0.742493
4572 0.744604
4573 0.744252
4574 0.748825
4575 0.799129
4576 0.752695
4577 0.798426
4578 0.798426
4579 0.752167
4580 0.799833
4581 0.799481
4582 0.798601
4583 0.799833
4584 0.798426
4585 0.798426
4586 0.799833
4587 0.798777
4588 0.752695
4589 0.798426
4590 0.752695
4591 0.750760
4592 0.744252
4593 0.743549
4594 0.744252
4595 0.744780
4596 0.742142
4597 0.747770
4598 0.750584
4599 0.750760
4600 0.798777
4601 0.749001
4602 0.798426
4603 0.799481
4604 0.798426
4605 0.798953
4606 0.753222
4607 0.798426
4608 0.798426
4609 0.751991
4610 0.750584
4611 0.750584
4612 0.747770
4613 0.747770
4614 0.744252
4615 0.742669
4616 0.742845
4617 0.742142
4618 0.742142
4619 0.742142
4620 0.742493
4621 0.747946
4622 0.747770
4623 0.747770
4624 0.748298
4625 0.747770
4626 0.750584
4627 0.749001
4628 0.747946
4629 0.750584
4630 0.747770
4631 0.747770
4632 0.749001
4633 0.744780
4634 0.742142
4635 0.742142
4636 0.742845
4637 0.742142
4638 0.735106
4639 0.735106
4640 0.733699
4641 0.733699
4642 0.733875
4643 0.742142
4644 0.743197
4645 0.742142
4646 0.747770
4647 0.750760
4648 0.747770
4649 0.750584
4650 0.750584
4651 0.744780
4652 0.743549
4653 0.744428
4654 0.750584
4655 0.747770
4656 0.742669
4657 0.742142
4658 0.735282
4659 0.735810
4660 0.742142
4661 0.742142
4662 0.743549
4663 0.744252
4664 0.742142
4665 0.748474
4666 0.748122
4667 0.748825
4668 0.750936
4669 0.798426
4670 0.799129
4671 0.798426
4672 0.799833
4673 0.798953
4674 0.798426
4675 0.752695
4676 0.798601
4677 0.748825
4678 0.751991
4679 0.751112
4680 0.750584
4681 0.747946
4682 0.747770
4683 0.750760
4684 0.750584
4685 0.743549
4686 0.748298
4687 0.744604
4688 0.750584
4689 0.750584
4690 0.798426
4691 0.798953
4692 0.798426
4693 0.800536
4694 0.798426
4695 0.801240
4696 0.798426
4697 0.798426
4698 0.798777
4699 0.798426
4700 0.799657
4701 0.798426
4702 0.798426
4703 0.798426
4704 0.798426
4705 0.744252
4706 0.747770
4707 0.747770
4708 0.743549
4709 0.747946
4710 0.747770
4711 0.748122
4712 0.750760
4713 0.751112
4714 0.798426
4715 0.798953
4716 0.798426
4717 0.798601
4718 0.800009
4719 0.798601
4720 0.798601
4721 0.798426
4722 0.752695
4723 0.798426
4724 0.750760
4725 0.747946
4726 0.744428
4727 0.742142
4728 0.743197
4729 0.742142
4730 0.744252
4731 0.743549
4732 0.744252
4733 0.742317
4734 0.742142
4735 0.742669
4736 0.735810
4737 0.747770
4738 0.748825
4739 0.798777
4740 0.799481
4741 0.798777
4742 0.799129
4743 0.750584
4744 0.750760
4745 0.748474
4746 0.750760
4747 0.742669
4748 0.742669
4749 0.742845
4750 0.735810
4751 0.730885
4752 0.742317
4753 0.742317
4754 0.735810
4755 0.742317
4756 0.742142
4757 0.735810
4758 0.742669
4759 0.747770
4760 0.751991
4761 0.750584
4762 0.747770
4763 0.752695
4764 0.798426
4765 0.748474
4766 0.747770
4767 0.744604
4768 0.747946
4769 0.750936
4770 0.743549
4771 0.742493
4772 0.742669
4773 0.742142
4774 0.742845
4775 0.743197
4776 0.742493
4777 0.742142
4778 0.742142
4779 0.742317
4780 0.748298
4781 0.798601
4782 0.750584
4783 0.798426
4784 0.798426
4785 0.799481
4786 0.798426
4787 0.799657
4788 0.798601
4789 0.798601
4790 0.798426
4791 0.749001
4792 0.747770
4793 0.743725
4794 0.744604
4795 0.744780
4796 0.750584
4797 0.747770
4798 0.744780
4799 0.750584
4800 0.743725
4801 0.747770
4802 0.798601
4803 0.748474
4804 0.798777
4805 0.799129
4806 0.798426
4807 0.798426
4808 0.798426
4809 0.799129
4810 0.798426
4811 0.798426
4812 0.798426
4813 0.798426
4814 0.798426
4815 0.799833
4816 0.799129
4817 0.751112
4818 0.750584
4819 0.743549
4820 0.747770
4821 0.747770
4822 0.747946
4823 0.748825
4824 0.747770
4825 0.798426
4826 0.749001
4827 0.798426
4828 0.798777
4829 0.798601
4830 0.798601
4831 0.798426
4832 0.798953
4833 0.798426
4834 0.798426
4835 0.798426
4836 0.798426
4837 0.753222
4838 0.747770
4839 0.743549
4840 0.742142
4841 0.742493
4842 0.742142
4843 0.742317
4844 0.743549
4845 0.742493
4846 0.747770
4847 0.747770
4848 0.744252
4849 0.747946
4850 0.750584
4851 0.750760
4852 0.751991
4853 0.798601
4854 0.751991
4855 0.752695
4856 0.752695
4857 0.750584
4858 0.747946
4859 0.742142
4860 0.747770
4861 0.742142
4862 0.742142
4863 0.742142
4864 0.735810
4865 0.732995
4866 0.734051
4867 0.742142
4868 0.742845
4869 0.742142
4870 0.743197
4871 0.742845
4872 0.742142
4873 0.748298
4874 0.748122
4875 0.750584
4876 0.743549
4877 0.748122
4878 0.747946
4879 0.743021
4880 0.744428
4881 0.747770
4882 0.747946
4883 0.743725
4884 0.742317
4885 0.735810
4886 0.734051
4887 0.736161
4888 0.742493
4889 0.742317
4890 0.743021
4891 0.744780
4892 0.747946
4893 0.747770
4894 0.751991
4895 0.752871
4896 0.798426
4897 0.749001
4898 0.753047
4899 0.753222
4900 0.798601
4901 0.798777
4902 0.798426
4903 0.798777
4904 0.752695
4905 0.752167
4906 0.750584
4907 0.750584
4908 0.750584
4909 0.748649
4910 0.748122
4911 0.748122
4912 0.749001
4913 0.748825
4914 0.742142
4915 0.747770
4916 0.747946
4917 0.750584
4918 0.798426
4919 0.798426
4920 0.798601
4921 0.799833
4922 0.800888
4923 0.799129
4924 0.800009
4925 0.800536
4926 0.799833
4927 0.798777
4928 0.750584
4929 0.798426
4930 0.748474
4931 0.747770
4932 0.743725
4933 0.747770
4934 0.747770
4935 0.743549
4936 0.748474
4937 0.748122
4938 0.750584
4939 0.747770
4940 0.750584
4941 0.751991
4942 0.751991
4943 0.799657
4944 0.798601
4945 0.798601
4946 0.799833
4947 0.798426
4948 0.800009
4949 0.798953
4950 0.750584
4951 0.750584
4952 0.744780
4953 0.744428
4954 0.742142
4955 0.742317
4956 0.742142
4957 0.743373
4958 0.743725
4959 0.744252
4960 0.742142
4961 0.742142
4962 0.747770
4963 0.743549
4964 0.744428
4965 0.750584
4966 0.752695
4967 0.798426
4968 0.750584
4969 0.798601
4970 0.750584
4971 0.798426
4972 0.748474
4973 0.744780
4974 0.742493
4975 0.744252
4976 0.742493
4977 0.742142
4978 0.735106
4979 0.733875
4980 0.742317
4981 0.742142
4982 0.735282
4983 0.735282
4984 0.743197
4985 0.743549
4986 0.747770
4987 0.750584
4988 0.747770
4989 0.747770
4990 0.750936
4991 0.744780
4992 0.747770
4993 0.742142
4994 0.744252
4995 0.743725
4996 0.743373
4997 0.744604
4998 0.742142
4999 0.742317
